QM Energy	FF Energy
      -5.148e-06      -8.834e-06
      -1.139e-05    -2.11652e-05
     -2.5143e-05    -4.39146e-05
    -0.000438212    -0.000484901
     -0.00013181    -0.000194496
     -1.4171e-05    -1.83205e-05
    -0.000546884     -0.00052083
     -2.3008e-05    -3.26693e-05
    -0.000118959    -0.000201512
     -3.7996e-05    -4.87783e-05
     -3.7926e-05    -5.33437e-05
     -7.1605e-05    -0.000125182
     -2.9705e-05    -5.71146e-05
     -3.8594e-05     -6.5522e-05
    -0.000112017     -0.00012641
      -6.665e-06    -9.89494e-06
     -1.3456e-05    -2.04573e-05
     -2.2889e-05    -3.05025e-05
       -4.08e-06    -7.60837e-06
    -0.000409257    -0.000556546
    -0.000115885    -0.000131923
    -0.000244708    -0.000364781
     -0.00024694    -0.000335464
     -8.4762e-05    -8.91876e-05
    -0.000120618    -0.000185016
    -0.000412158    -0.000511813
     -3.4276e-05    -3.37177e-05
     -1.1919e-05    -1.96079e-05
     -6.6683e-05    -9.25872e-05
     -4.1131e-05    -6.15894e-05
     -1.6157e-05    -1.84639e-05
     -3.4467e-05    -3.25945e-05
    -0.000190806    -0.000271777
      -0.0022601     -0.00167707
    -0.000460225    -0.000425325
     -0.00011577    -0.000155623
     -8.2439e-05    -7.38979e-05
     -1.0028e-05    -1.72965e-05
     -9.2723e-05    -0.000143724
     -2.2125e-05    -1.94907e-05
    -0.000136507     -0.00021302
     -1.1234e-05    -1.16101e-05
    -0.000691723    -0.000667632
    -0.000171838    -0.000209601
     -6.4334e-05     -0.00015607
    -0.000315925    -0.000347125
    -0.000204843    -0.000211544
     -2.8554e-05    -3.45812e-05
     -0.00101859     -0.00104513
    -0.000416938    -0.000471453
      -5.614e-06    -9.07691e-06
    -0.000282949    -0.000442749
     -3.6118e-05    -6.29011e-05
     -2.4492e-05    -3.82725e-05
    -0.000272432    -0.000224489
    -0.000241828    -0.000338607
    -0.000154805     -0.00017909
     -3.8129e-05    -7.29762e-05
    -0.000150529    -0.000198887
    -0.000884827    -0.000919038
     -1.1922e-05    -1.72174e-05
    -0.000393615     -0.00048153
     -2.1222e-05    -3.46807e-05
    -0.000640544    -0.000656006
    -0.000134499    -0.000195297
    -0.000110528    -0.000155122
    -0.000708095    -0.000645563
     -8.1936e-05    -0.000123855
     -1.1685e-05    -1.64058e-05
    -0.000183144    -0.000327087
     -2.1351e-05    -3.49915e-05
    -0.000297079    -0.000274826
    -0.000496306    -0.000481175
    -0.000280737    -0.000268359
     -5.6576e-05    -5.21248e-05
    -0.000181938    -0.000234021
     -1.4392e-05    -1.68153e-05
    -0.000277491    -0.000253665
     -2.6228e-05    -5.39989e-05
     -1.8774e-05    -3.44733e-05
    -0.000117729    -0.000168289
     -2.0713e-05    -2.23026e-05
     -5.8464e-05    -9.88476e-05
      -9.655e-06    -1.72853e-05
    -0.000119177    -0.000132503
     -1.2855e-05    -2.04327e-05
    -0.000199336    -0.000195077
    -0.000504981     -0.00041548
    -0.000346145    -0.000424457
      -0.0005013    -0.000397455
      -9.717e-05    -0.000145364
      -9.772e-06    -1.77386e-05
     -1.9717e-05    -2.80129e-05
    -0.000412853     -0.00035629
     -0.00025872    -0.000242987
     -7.4529e-05    -0.000128387
    -0.000438078    -0.000589317
    -0.000273347    -0.000274963
      -8.204e-06    -2.20686e-05
     -6.7501e-05    -5.63143e-05
    -0.000151254    -0.000274272
     -1.1922e-05    -1.41874e-05
      -9.174e-06    -1.70342e-05
    -0.000323844    -0.000454686
     -2.9275e-05    -5.23124e-05
    -0.000604586    -0.000459446
     -1.4275e-05    -2.04542e-05
    -0.000204475    -0.000321752
     -8.2562e-05    -0.000129454
     -2.2389e-05    -4.28535e-05
    -0.000115895    -0.000166256
     -3.2804e-05    -4.86773e-05
     -1.5528e-05    -2.22154e-05
      -3.743e-06    -8.07348e-06
     -1.7214e-05     -3.4697e-05
    -0.000611497     -0.00067297
     -0.00060293    -0.000757607
     -3.3219e-05    -4.58744e-05
      -9.145e-06    -1.93482e-05
     -5.1727e-05    -7.58626e-05
     -4.1689e-05      -6.966e-05
     -0.00031304    -0.000343874
      -9.327e-06    -1.58182e-05
     -0.00011591    -0.000242588
      -6.172e-06    -1.04662e-05
     -6.1725e-05    -0.000128514
      -9.087e-06    -1.40236e-05
      -8.599e-06    -1.17676e-05
     -5.9388e-05     -9.4233e-05
     -7.2401e-05    -7.42478e-05
      -2.381e-05    -3.12662e-05
     -6.3802e-05    -0.000114725
     -1.2034e-05    -2.21084e-05
      -2.966e-05    -2.93201e-05
     -0.00010913    -0.000139137
     -3.7405e-05    -8.20266e-05
      -4.159e-06    -8.63834e-06
    -0.000412626      -0.0005675
     -6.4855e-05    -0.000113747
      -5.766e-06    -7.54178e-06
    -0.000489112    -0.000495085
     -1.8561e-05    -2.77445e-05
     -3.9675e-05    -5.02654e-05
     -1.1688e-05    -2.75193e-05
    -0.000528256    -0.000516258
     -6.3669e-05     -8.4629e-05
     -3.1007e-05    -3.71805e-05
     -3.4175e-05     -7.0935e-05
     -3.2845e-05    -4.65811e-05
     -1.1248e-05    -1.50033e-05
    -0.000306655    -0.000281619
      -7.443e-06      -1.264e-05
     -1.1838e-05    -1.89929e-05
    -0.000327256    -0.000369641
    -0.000115115    -0.000162405
     -1.1317e-05    -1.69614e-05
       -9.61e-06    -1.81474e-05
     -3.7468e-05    -9.33959e-05
    -0.000441588    -0.000493363
    -0.000132305    -0.000172551
     -1.0098e-05    -1.21199e-05
    -0.000172014    -0.000293706
       -1.08e-05     -2.1395e-05
    -0.000374506    -0.000395883
      -5.126e-05    -9.71646e-05
      -8.422e-06    -1.33562e-05
      -3.781e-05    -3.81996e-05
     -3.1293e-05    -3.01278e-05
    -0.000584284    -0.000622875
    -0.000706135    -0.000691713
     -2.0398e-05    -2.57108e-05
     -2.4791e-05    -3.17761e-05
    -0.000255244    -0.000259375
    -0.000130809    -0.000172369
    -0.000791831    -0.000951653
     -2.5818e-05    -4.74907e-05
      -7.767e-06      -1.649e-05
     -7.8543e-05    -0.000161395
       -5.92e-05    -0.000104912
     -2.4083e-05    -2.75128e-05
    -0.000807083    -0.000798015
     -3.0686e-05    -4.98444e-05
    -0.000106843    -0.000140389
    -0.000384044    -0.000314079
    -0.000584705    -0.000545587
    -0.000225947    -0.000285938
     -0.00126014       -0.001119
     -5.6761e-05     -7.0398e-05
    -0.000147103    -0.000172914
    -0.000264056    -0.000433649
      -3.816e-06    -8.21681e-06
     -2.6488e-05    -4.37557e-05
    -0.000118579       -9.97e-05
     -1.4349e-05    -3.34543e-05
     -7.4781e-05    -7.24194e-05
     -3.6709e-05    -7.73699e-05
     -1.6964e-05    -2.78719e-05
     -0.00160876     -0.00130015
     -2.2181e-05    -3.90263e-05
    -0.000782101    -0.000709315
    -0.000113435    -0.000136457
     -0.00123982     -0.00130037
     -1.8819e-05    -2.27408e-05
    -0.000724719    -0.000630877
       -6.67e-05    -9.32717e-05
    -0.000137503    -0.000160605
     -5.4823e-05     -0.00010004
     -2.5469e-05    -3.76196e-05
     -0.00049192    -0.000666313
     -2.5142e-05    -5.82247e-05
     -1.4587e-05    -2.68144e-05
    -0.000212044    -0.000238697
    -0.000106352    -0.000206701
    -0.000240395    -0.000311807
    -0.000110361    -0.000151072
     -2.9246e-05    -4.16157e-05
     -1.5619e-05     -2.2761e-05
    -0.000971569    -0.000847908
     -0.00108485    -0.000919862
     -1.6433e-05    -3.92799e-05
     -2.3823e-05     -2.3995e-05
    -0.000108682     -0.00014264
    -0.000445272    -0.000611482
     -5.5816e-05    -7.08337e-05
     -4.0347e-05    -6.03845e-05
    -0.000296263     -0.00028771
    -0.000151326    -0.000196254
      -8.332e-06    -1.22036e-05
    -0.000458971    -0.000410461
    -0.000913392    -0.000933428
    -0.000245178    -0.000347109
    -0.000337022    -0.000445547
     -2.2835e-05    -4.04628e-05
     -9.3345e-05    -0.000168111
     -1.7983e-05    -2.34261e-05
     -7.9127e-05    -0.000123702
    -0.000245605    -0.000199763
      -6.669e-06    -1.15314e-05
      -6.392e-05    -6.65304e-05
     -4.1947e-05    -6.90917e-05
     -2.7701e-05    -5.07021e-05
    -0.000167043    -0.000247604
     -2.2465e-05    -3.29865e-05
     -9.8201e-05     -0.00011026
     -9.3242e-05    -0.000127119
     -0.00019095    -0.000215643
     -3.1454e-05    -3.54626e-05
     -1.6772e-05    -2.55818e-05
      -7.828e-06    -1.02793e-05
     -1.0713e-05    -4.06672e-05
      -9.524e-06    -1.54402e-05
     -8.8502e-05    -0.000106063
     -4.4761e-05    -4.40093e-05
     -3.0344e-05    -3.04808e-05
      -8.037e-06    -1.32008e-05
     -1.0032e-05    -1.46409e-05
    -0.000945044    -0.000870291
      -8.071e-06    -1.13241e-05
    -0.000224489    -0.000187598
    -0.000955877    -0.000919625
     -3.3773e-05    -4.22383e-05
    -0.000171681    -0.000240321
      -0.0003307    -0.000352498
     -1.5439e-05    -2.35965e-05
    -0.000204235    -0.000213929
    -0.000471271    -0.000392757
     -2.9884e-05      -4.426e-05
    -0.000345341    -0.000465347
     -8.0693e-05    -0.000136096
     -4.1814e-05    -6.89015e-05
     -6.7881e-05    -7.42986e-05
     -0.00058674    -0.000431242
     -0.00153384     -0.00146803
     -1.6502e-05     -2.5485e-05
      -7.216e-06    -1.32237e-05
      -8.445e-06    -1.38311e-05
    -0.000149068    -0.000185603
    -0.000154059     -0.00014107
     -4.3154e-05     -7.5357e-05
     -1.7535e-05    -1.76746e-05
      -9.772e-06     -1.2184e-05
     -0.00121676    -0.000944285
    -0.000635875    -0.000442125
    -0.000389737    -0.000454017
     -3.9344e-05    -8.24943e-05
     -1.6967e-05    -2.13815e-05
    -0.000880147    -0.000875586
     -1.2648e-05    -2.51903e-05
     -2.6564e-05    -4.58176e-05
    -0.000684745    -0.000814076
     -2.3463e-05    -3.71606e-05
     -1.9663e-05    -1.90378e-05
      -7.503e-06    -1.43797e-05
     -0.00011587    -0.000171045
    -0.000238853    -0.000285922
     -2.2643e-05    -4.41141e-05
    -0.000234316    -0.000206254
      -1.055e-05    -1.74996e-05
     -1.4183e-05    -2.31109e-05
    -0.000233695    -0.000289868
    -0.000668666    -0.000609712
       -0.000487    -0.000612052
     -0.00085966    -0.000804954
      -9.891e-06    -1.69849e-05
     -1.9758e-05    -4.38285e-05
    -0.000353694    -0.000507316
    -0.000116874    -9.59352e-05
     -1.8169e-05    -2.15227e-05
    -0.000282833    -0.000348025
      -9.727e-06    -1.03861e-05
     -4.6035e-05    -4.57774e-05
     -1.0141e-05    -1.62022e-05
     -1.0161e-05    -1.43235e-05
    -0.000156121    -0.000231706
     -7.5494e-05    -6.51171e-05
     -3.6106e-05    -7.18403e-05
    -0.000110906     -0.00016361
     -5.0086e-05    -6.52705e-05
      -5.778e-06    -1.09477e-05
    -0.000777144    -0.000694692
    -0.000494199    -0.000675155
     -2.5024e-05    -5.22846e-05
     -7.4724e-05    -8.96434e-05
     -3.0105e-05    -3.73413e-05
    -0.000194965     -0.00023037
     -2.5133e-05    -4.29645e-05
     -5.9705e-05     -6.3816e-05
      -8.524e-06    -1.42829e-05
     -8.4762e-05    -0.000145109
     -1.3845e-05    -1.98286e-05
      -1.993e-05    -2.10195e-05
     -1.9411e-05    -2.45176e-05
     -5.5316e-05    -7.97455e-05
      -7.309e-06    -1.28924e-05
     -1.4556e-05    -1.78048e-05
     -0.00077604    -0.000754218
     -9.0999e-05    -0.000170182
     -1.8681e-05    -2.17789e-05
    -0.000108609    -9.61356e-05
        -9.3e-06    -1.07342e-05
     -1.0665e-05    -1.51852e-05
      -6.175e-06    -8.08465e-06
     -1.5623e-05    -2.16358e-05
     -5.8117e-05    -6.79498e-05
     -0.00105787     -0.00103677
     -0.00010732    -0.000162279
    -0.000101027    -0.000144801
    -0.000673292    -0.000822925
     -2.1356e-05    -2.58696e-05
    -0.000140202    -0.000163914
     -2.3011e-05    -2.10547e-05
      -2.061e-05      -4.372e-05
    -0.000236304    -0.000342431
    -0.000122495    -0.000238066
      -0.0003211     -0.00024365
    -0.000460995    -0.000350163
     -2.0582e-05    -2.83599e-05
      -7.212e-05    -7.19653e-05
      -8.847e-06    -1.56429e-05
     -8.5351e-05    -0.000149424
     -1.6776e-05    -2.23665e-05
    -0.000136393    -0.000179939
        -6.7e-05     -8.7919e-05
      -8.483e-06    -9.92419e-06
      -6.787e-06    -1.25157e-05
    -0.000188821     -0.00026538
     -2.6654e-05    -8.10572e-05
    -0.000448959    -0.000357559
    -0.000156378    -0.000168609
     -8.5031e-05     -8.7215e-05
    -0.000270837    -0.000222324
     -2.7123e-05    -4.99908e-05
     -4.4918e-05    -7.34203e-05
     -1.1509e-05    -1.13663e-05
     -1.7403e-05    -2.69005e-05
    -0.000166744    -0.000132223
      -6.441e-06    -8.52648e-06
     -2.7863e-05    -6.62974e-05
     -4.3786e-05    -5.51058e-05
     -2.9189e-05    -5.11204e-05
     -5.8853e-05    -6.09089e-05
    -0.000647048     -0.00067578
     -1.2421e-05    -1.48151e-05
    -0.000476844      -0.0006059
     -3.8735e-05    -6.36414e-05
     -1.2317e-05    -1.96287e-05
    -0.000242688    -0.000244556
    -0.000260303    -0.000328964
       -7.98e-06    -7.79099e-06
      -9.475e-05    -0.000168638
      -1.996e-05    -3.44729e-05
       -6.73e-05    -9.47735e-05
    -0.000108271    -0.000133699
     -1.0021e-05    -1.27215e-05
     -1.5596e-05    -1.78963e-05
      -5.479e-06     -7.9327e-06
     -8.0127e-05    -0.000132254
    -0.000565037    -0.000680384
     -1.2555e-05    -2.45311e-05
     -8.6484e-05    -0.000122256
    -0.000189514    -0.000281674
     -4.1204e-05    -5.98204e-05
     -6.5874e-05    -7.67672e-05
    -0.000278143    -0.000290916
     -1.1472e-05    -2.25884e-05
    -0.000545984    -0.000422776
      -4.978e-06    -9.75829e-06
     -3.8805e-05    -8.03611e-05
     -5.2361e-05     -0.00010476
     -1.2409e-05     -2.3205e-05
     -1.5163e-05     -3.1983e-05
       -9.13e-06    -1.15497e-05
      -1.229e-05    -2.12475e-05
    -0.000105658    -0.000164626
     -5.0699e-05    -9.61208e-05
    -0.000255792    -0.000399169
     -2.5586e-05      -2.667e-05
    -0.000119473    -0.000126575
      -4.655e-06    -6.51275e-06
     -8.7816e-05    -0.000174736
    -0.000227312    -0.000312718
     -2.0458e-05    -4.64063e-05
     -1.3861e-05    -2.25803e-05
      -7.634e-06    -1.37161e-05
    -0.000688049    -0.000715871
     -4.8441e-05    -6.85884e-05
     -9.1801e-05    -0.000108681
     -1.1688e-05    -1.20342e-05
      -4.997e-06    -1.17582e-05
    -0.000423073    -0.000578706
     -4.1435e-05     -4.5728e-05
     -2.4358e-05    -2.78477e-05
     -3.3684e-05    -7.11272e-05
     -3.0227e-05    -4.96946e-05
     -3.2658e-05    -5.44253e-05
    -0.000305028    -0.000302253
     -9.8225e-05    -0.000122203
     -0.00026988    -0.000281491
      -9.951e-06    -2.62082e-05
    -0.000300156    -0.000248123
    -0.000120153    -0.000163958
     -1.9483e-05    -3.30813e-05
     -9.4328e-05     -0.00011598
     -1.0098e-05    -1.07726e-05
    -0.000493726     -0.00040868
     -1.4156e-05    -1.91445e-05
     -1.1759e-05    -1.32667e-05
    -0.000800916    -0.000879163
     -2.3686e-05    -2.81886e-05
      -9.549e-06    -1.35351e-05
      -5.847e-06    -1.19368e-05
      -9.974e-06    -2.15676e-05
    -0.000948131    -0.000914358
     -3.9301e-05    -9.07853e-05
     -2.4211e-05    -3.44429e-05
    -0.000634143    -0.000431815
      -7.666e-06    -1.43383e-05
    -0.000321529    -0.000388819
     -0.00107239     -0.00112978
    -0.000302752    -0.000474901
      -7.827e-06    -9.05704e-06
     -6.2296e-05    -8.38681e-05
    -0.000167814    -0.000147134
      -3.998e-06    -5.43413e-06
     -5.5045e-05    -5.62146e-05
       -2.99e-05    -3.57704e-05
    -0.000204546    -0.000312017
     -1.7604e-05    -2.43029e-05
    -0.000121165    -0.000220778
      -3.607e-06    -8.59439e-06
      -6.222e-06    -9.52955e-06
     -4.4208e-05    -8.67393e-05
     -5.4304e-05    -6.37517e-05
     -2.8171e-05    -3.41019e-05
     -1.6406e-05    -2.50063e-05
    -0.000221162    -0.000354076
     -1.3207e-05    -1.98356e-05
    -0.000221056    -0.000218607
     -6.4266e-05    -7.23381e-05
    -0.000171113    -0.000178427
      -9.311e-06    -1.26371e-05
    -0.000185915    -0.000321475
      -4.999e-06     -7.9789e-06
     -3.7428e-05    -3.53339e-05
    -0.000368905    -0.000392533
     -4.8183e-05    -5.74893e-05
    -0.000832357    -0.000794579
     -1.3559e-05    -2.75412e-05
     -5.7777e-05     -9.1284e-05
     -9.0441e-05    -0.000108745
     -8.5788e-05    -0.000143351
     -4.7708e-05     -7.1731e-05
     -1.7977e-05    -3.03438e-05
      -9.526e-06    -1.83246e-05
      -9.629e-06    -1.27725e-05
    -0.000459216     -0.00035632
     -7.5988e-05    -0.000129349
     -4.0028e-05    -4.51697e-05
     -4.6436e-05    -7.25571e-05
    -0.000746048    -0.000756369
      -4.166e-06    -7.75248e-06
     -0.00011996    -0.000162082
     -1.6607e-05    -2.53154e-05
    -0.000221837    -0.000282579
    -0.000776926    -0.000782219
     -0.00012437    -0.000117655
     -0.00070494    -0.000629177
     -3.7764e-05    -4.10547e-05
     -9.5794e-05    -0.000126737
     -0.00160665     -0.00144572
    -0.000180513    -0.000313345
    -0.000157573    -0.000193026
     -3.0967e-05    -3.85812e-05
     -1.0341e-05    -2.20455e-05
     -0.00137652     -0.00115233
      -1.936e-05    -3.00203e-05
      -8.076e-06    -1.10735e-05
    -0.000345505     -0.00025489
     -4.1834e-05    -6.91965e-05
    -0.000346566    -0.000408448
    -0.000734411    -0.000609343
     -6.5314e-05    -0.000114716
     -3.0864e-05    -6.26018e-05
    -0.000143504    -0.000236238
     -5.3167e-05    -6.12166e-05
    -0.000100795    -0.000215551
     -2.0194e-05    -2.22745e-05
     -0.00108817    -0.000868424
     -1.8692e-05     -2.2938e-05
     -2.3452e-05    -2.73864e-05
      -6.449e-06    -1.30137e-05
     -1.2421e-05    -1.49093e-05
     -1.2526e-05    -1.99875e-05
    -0.000208504    -0.000282321
      -4.125e-06    -5.54496e-06
     -1.7088e-05    -2.74403e-05
      -5.261e-06    -1.07572e-05
      -4.531e-06    -7.35797e-06
     -8.8595e-05    -0.000170664
    -0.000796419    -0.000814548
    -0.000184522    -0.000324429
     -4.1603e-05    -6.51616e-05
     -6.2827e-05    -7.11928e-05
     -5.5358e-05    -7.29682e-05
     -1.5792e-05    -2.63089e-05
     -1.9922e-05    -3.80548e-05
    -0.000113784    -0.000173237
     -4.4524e-05    -5.86895e-05
      -9.019e-06    -1.36778e-05
     -5.3782e-05    -8.14932e-05
    -0.000434817    -0.000481939
    -0.000124086    -0.000180303
      -1.769e-05    -3.79882e-05
    -0.000146182    -0.000213215
    -0.000594264    -0.000532646
      -3.421e-06    -6.74012e-06
     -4.4811e-05    -0.000102477
    -0.000214215     -0.00027207
    -0.000192154    -0.000281774
     -9.5443e-05    -0.000104541
     -1.2942e-05    -2.29751e-05
      -6.937e-06    -1.14149e-05
      -9.048e-06    -1.04449e-05
     -0.00021423     -0.00030263
    -0.000262352    -0.000409073
    -0.000484303    -0.000340891
    -0.000861573    -0.000874953
    -0.000132388    -0.000199195
      -4.045e-06    -5.32675e-06
    -0.000672417    -0.000648241
     -8.0123e-05    -0.000105669
     -1.2054e-05    -3.35407e-05
    -0.000880982    -0.000951569
     -0.00030911    -0.000347566
    -0.000236089    -0.000292381
    -0.000652897    -0.000599646
     -1.5451e-05    -2.04842e-05
     -0.00062899    -0.000587712
     -1.7467e-05    -3.24401e-05
    -0.000185259    -0.000209142
      -3.223e-06    -5.94942e-06
     -1.9703e-05    -3.85969e-05
      -3.548e-06    -6.92773e-06
     -1.0267e-05    -1.53841e-05
     -2.2571e-05    -2.15229e-05
    -0.000433077    -0.000437496
     -3.3912e-05    -5.31477e-05
     -1.0467e-05    -1.16701e-05
    -0.000203567    -0.000230046
     -1.4425e-05    -3.00089e-05
     -8.2469e-05    -0.000108495
      -8.128e-06    -1.33018e-05
      -0.0002667    -0.000367126
    -0.000241718    -0.000194062
    -0.000351949    -0.000483818
    -0.000267806    -0.000271306
     -1.6836e-05    -4.53185e-05
      -1.199e-05    -2.13182e-05
     -1.3569e-05    -1.51335e-05
    -0.000294859    -0.000234079
     -2.4369e-05    -5.67557e-05
     -3.7633e-05    -5.52652e-05
    -0.000568757    -0.000466055
    -0.000313883    -0.000301216
     -3.0253e-05    -4.82861e-05
      -1.891e-05    -3.91817e-05
    -0.000163057    -0.000311652
     -1.0972e-05    -1.11034e-05
    -0.000129026    -0.000211613
    -0.000303928    -0.000358753
     -1.4769e-05    -1.35439e-05
    -0.000669818    -0.000702251
     -1.5023e-05    -1.92822e-05
      -1.161e-05    -1.54786e-05
      -5.624e-06    -1.39746e-05
     -4.3285e-05    -6.28328e-05
    -0.000196745    -0.000213737
     -1.3998e-05    -2.37484e-05
    -0.000109579    -0.000151059
    -0.000211483    -0.000319708
    -0.000442695    -0.000613995
      -3.341e-06    -6.13793e-06
     -5.3707e-05    -9.18343e-05
     -2.2952e-05    -3.20754e-05
      -4.485e-05    -8.70238e-05
    -0.000105489    -0.000174506
      -5.911e-06    -1.06159e-05
     -1.6723e-05    -4.45469e-05
    -0.000209438    -0.000227818
    -0.000266998    -0.000280337
    -0.000199696    -0.000306457
     -2.7604e-05    -5.25502e-05
      -1.386e-05    -1.83418e-05
     -0.00018416    -0.000387471
     -1.8274e-05    -1.92468e-05
     -1.4764e-05    -1.96863e-05
      -8.947e-05    -8.11777e-05
     -2.0395e-05    -2.49148e-05
      -2.932e-06     -6.4215e-06
     -1.3291e-05    -1.48236e-05
     -1.0233e-05    -1.00928e-05
      -5.022e-06    -7.35539e-06
     -2.0831e-05    -3.86177e-05
      -9.164e-06    -1.10725e-05
     -2.8864e-05    -5.33302e-05
     -9.3907e-05    -0.000132958
     -5.0854e-05    -7.55351e-05
      -4.851e-06    -9.32485e-06
     -1.5298e-05    -2.82123e-05
     -2.1589e-05    -2.61161e-05
     -0.00038799    -0.000392752
     -1.1147e-05    -1.16169e-05
    -0.000308772     -0.00042879
     -4.9159e-05    -8.52985e-05
    -0.000354366    -0.000288493
     -8.3816e-05    -7.63629e-05
    -0.000761864    -0.000735713
    -0.000195332    -0.000225231
    -0.000262031    -0.000249405
     -1.2962e-05    -2.22626e-05
    -0.000142983    -0.000205476
    -0.000199517    -0.000241877
     -7.6898e-05    -7.58069e-05
     -1.7869e-05    -2.75414e-05
      -6.368e-06    -8.32968e-06
     -1.7545e-05    -2.21287e-05
     -1.4211e-05    -3.03721e-05
     -0.00035536    -0.000300437
     -1.6585e-05    -3.35664e-05
      -6.488e-06    -1.11026e-05
     -2.6365e-05    -5.57978e-05
    -0.000234132    -0.000312553
     -3.1662e-05     -3.5521e-05
    -0.000903807    -0.000963907
      -9.944e-06     -1.4424e-05
     -3.2271e-05    -3.26351e-05
    -0.000243396    -0.000308013
      -8.791e-06    -1.28271e-05
     -6.6151e-05    -7.32167e-05
    -0.000850322    -0.000702525
    -0.000514026    -0.000511579
    -0.000273478    -0.000304432
     -1.6048e-05    -2.87307e-05
    -0.000104557    -0.000153768
     -1.0944e-05    -1.05829e-05
     -1.4821e-05    -1.59262e-05
      -9.248e-06    -1.16069e-05
     -1.0639e-05     -1.3054e-05
     -5.2319e-05    -4.65198e-05
    -0.000926382    -0.000814574
     -1.2084e-05    -2.32766e-05
     -2.8707e-05    -3.97617e-05
     -3.0616e-05    -7.83878e-05
     -1.1449e-05    -1.21432e-05
    -0.000114763    -0.000150978
    -0.000133407    -0.000232964
      -1.662e-05    -2.88171e-05
    -0.000335002    -0.000429111
     -1.7952e-05    -1.91024e-05
     -8.2568e-05    -0.000120414
    -0.000675161    -0.000627454
     -3.4881e-05    -3.53835e-05
     -3.2502e-05    -5.23925e-05
      -7.578e-06    -9.43302e-06
     -5.9462e-05    -6.30498e-05
    -0.000984001    -0.000858108
    -0.000293431    -0.000354492
    -0.000364508    -0.000356327
     -3.0436e-05     -2.6893e-05
     -1.3033e-05    -1.35436e-05
     -1.4814e-05      -1.333e-05
       -6.86e-05     -9.4625e-05
     -7.1112e-05     -0.00011308
       -9.34e-06    -1.01635e-05
     -2.3564e-05    -3.32973e-05
     -3.7375e-05       -6.46e-05
     -0.00129002    -0.000879717
     -0.00020081    -0.000209357
     -9.6941e-05    -0.000181567
      -6.292e-06    -1.09408e-05
     -1.1509e-05    -1.95657e-05
    -0.000470075    -0.000477611
    -0.000524463    -0.000498656
    -0.000661824    -0.000752382
      -7.899e-06    -1.16211e-05
    -0.000108883    -0.000207356
      -7.308e-06    -8.89406e-06
    -0.000112146    -0.000106457
     -1.5173e-05    -3.58502e-05
      -7.838e-06    -1.01366e-05
    -0.000153985    -0.000210885
     -2.3866e-05    -3.61897e-05
     -1.2507e-05    -2.57736e-05
     -1.3705e-05    -2.19465e-05
     -9.8006e-05    -0.000170858
    -0.000545114    -0.000563238
    -0.000111176    -0.000203375
     -1.9837e-05    -3.06648e-05
    -0.000120188    -0.000178683
     -2.5863e-05    -4.47285e-05
    -0.000121734    -0.000159461
     -9.8193e-05    -0.000135592
    -0.000213991    -0.000286927
      -8.274e-06    -1.16529e-05
     -1.4865e-05     -2.7833e-05
     -1.0395e-05    -1.44871e-05
      -4.397e-06    -9.64369e-06
     -5.8502e-05    -6.72018e-05
    -0.000230934    -0.000277369
     -1.3377e-05    -1.29171e-05
     -7.4395e-05    -6.38397e-05
     -8.8477e-05    -0.000127333
     -3.0194e-05     -6.0133e-05
    -0.000626849    -0.000547699
     -3.7256e-05    -7.34951e-05
    -0.000124489    -0.000122036
    -0.000227104    -0.000233407
     -2.4143e-05      -5.649e-05
    -0.000249496    -0.000303699
    -0.000185014    -0.000203705
    -0.000654552    -0.000721354
    -0.000423087    -0.000428965
     -3.2137e-05    -3.91197e-05
      -7.704e-06    -8.43499e-06
    -0.000566417      -0.0005474
     -4.7761e-05    -6.62505e-05
       -6.55e-06    -1.26427e-05
     -4.4647e-05    -6.30719e-05
     -8.6833e-05    -8.93845e-05
    -0.000372067    -0.000406019
    -0.000438005    -0.000548143
     -2.9225e-05    -5.64582e-05
      -9.333e-06    -1.67172e-05
     -2.3286e-05    -2.94681e-05
    -0.000191549     -0.00016614
     -6.2211e-05    -0.000138321
     -0.00103086     -0.00082268
    -0.000515229    -0.000530852
      -4.144e-06    -8.73861e-06
     -0.00011032    -0.000169232
     -1.1872e-05    -2.17736e-05
     -1.2185e-05    -2.16151e-05
      -5.033e-05    -8.01244e-05
     -0.00081279    -0.000783357
      -9.285e-06    -1.24546e-05
    -0.000128053    -0.000155187
     -0.00114844    -0.000975593
     -2.5649e-05    -5.68929e-05
    -0.000271106    -0.000217073
      -9.524e-06    -1.63972e-05
      -2.795e-05    -7.03913e-05
      -7.813e-05    -8.53414e-05
     -0.00010679     -0.00010806
    -0.000182173    -0.000185028
     -6.6716e-05    -8.56463e-05
    -0.000899884    -0.000712895
    -0.000231286    -0.000325712
      -8.464e-05    -0.000134158
     -8.9498e-05    -8.50004e-05
    -0.000633587    -0.000602477
     -1.3769e-05      -2.378e-05
     -1.7327e-05    -2.98119e-05
    -0.000584181     -0.00063219
      -3.386e-05    -4.76958e-05
     -2.1747e-05     -2.6717e-05
    -0.000171049    -0.000162583
     -2.1623e-05    -4.33682e-05
    -0.000141333    -0.000176961
     -6.7404e-05    -0.000109771
     -9.0173e-05    -0.000123631
     -2.4687e-05    -2.85847e-05
      -8.384e-06    -1.15985e-05
     -4.7907e-05    -7.47773e-05
      -1.082e-05    -1.42289e-05
     -4.7074e-05     -5.1321e-05
     -2.4561e-05     -3.7475e-05
     -1.8354e-05     -2.1397e-05
     -2.0975e-05    -4.03089e-05
     -0.00123611      -0.0009228
    -0.000207273    -0.000236546
      -1.777e-05     -2.3931e-05
     -2.5303e-05    -5.28834e-05
    -0.000623454    -0.000549307
    -0.000165242    -0.000234621
      -8.146e-06     -1.3872e-05
      -0.0005264     -0.00047643
     -8.5123e-05    -0.000106435
     -1.9371e-05    -3.31267e-05
     -1.9408e-05     -1.8555e-05
     -1.1767e-05    -3.12446e-05
     -1.5739e-05    -1.81066e-05
     -1.7365e-05    -2.54806e-05
     -0.00102071    -0.000782165
    -0.000458044    -0.000408898
     -1.3809e-05    -2.21843e-05
     -2.4308e-05    -5.74036e-05
    -0.000435575    -0.000537004
    -0.000116399    -0.000147049
     -7.6614e-05    -9.10487e-05
     -1.4139e-05    -2.58873e-05
      -8.899e-06    -1.78736e-05
     -6.1702e-05    -6.70846e-05
    -0.000230337    -0.000230642
     -1.4238e-05    -3.37466e-05
     -7.6901e-05     -0.00010391
    -0.000125709    -0.000159566
    -0.000740529     -0.00082598
     -1.5859e-05     -3.6424e-05
     -1.3172e-05    -2.03421e-05
     -3.8617e-05    -6.39941e-05
     -8.3146e-05    -7.81088e-05
      -6.283e-06    -1.42209e-05
    -0.000711361    -0.000637554
    -0.000187956    -0.000179268
    -0.000138099    -0.000115441
    -0.000267108    -0.000213468
     -3.7132e-05     -4.4748e-05
      -3.031e-05    -4.73512e-05
    -0.000968075    -0.000861157
     -8.1878e-05    -0.000165457
      -4.429e-06    -8.81646e-06
    -0.000177963    -0.000249745
     -7.6486e-05    -7.52219e-05
     -2.1482e-05    -2.40577e-05
     -3.4186e-05    -5.91334e-05
     -1.5634e-05    -2.83458e-05
     -4.6976e-05    -4.62203e-05
    -0.000121236    -0.000182323
    -0.000305237    -0.000469165
    -0.000279016    -0.000415003
      -8.272e-06    -1.38236e-05
     -3.2016e-05    -7.84767e-05
    -0.000214657    -0.000242555
      -5.142e-06    -6.97817e-06
     -5.1831e-05    -8.39513e-05
    -0.000273297    -0.000314375
      -9.428e-06    -1.54109e-05
     -1.8584e-05    -3.72283e-05
    -0.000451308    -0.000462455
    -0.000788141    -0.000774545
       -3.28e-05    -6.67203e-05
     -3.2305e-05    -3.60724e-05
    -0.000510104    -0.000398206
      -6.294e-06    -9.11547e-06
      -6.488e-06    -1.63952e-05
      -3.905e-06    -6.91356e-06
      -5.338e-06    -8.37815e-06
     -1.3411e-05    -2.19314e-05
     -0.00050875    -0.000607252
     -3.0375e-05    -5.12151e-05
     -9.3004e-05    -0.000107263
    -0.000744792    -0.000677635
    -0.000247142    -0.000336587
      -8.053e-06    -8.10161e-06
    -0.000399749    -0.000438511
     -3.5523e-05    -5.29104e-05
     -9.4602e-05    -0.000145469
    -0.000100202    -9.36702e-05
      -2.541e-05    -2.44661e-05
    -0.000200711    -0.000255744
     -1.4423e-05    -2.08399e-05
     -6.3468e-05    -0.000108416
     -1.1783e-05    -1.28546e-05
     -1.1926e-05    -1.31853e-05
      -7.418e-06    -1.20163e-05
    -0.000184258    -0.000198233
     -6.4601e-05    -9.07971e-05
     -3.6865e-05    -6.43747e-05
    -0.000301648    -0.000258842
    -0.000168946    -0.000151995
       -8.92e-06    -7.52671e-06
    -0.000160457    -0.000288756
    -0.000204932    -0.000380613
     -8.7879e-05    -0.000123974
     -6.3991e-05    -0.000110519
     -6.4972e-05    -0.000127733
      -3.522e-05    -3.61351e-05
    -0.000877613    -0.000994038
     -0.00015658    -0.000169958
      -5.476e-06    -1.27938e-05
     -1.1009e-05    -2.04336e-05
     -4.3728e-05    -6.48549e-05
    -0.000140422    -0.000109476
    -0.000295978    -0.000329109
     -7.6707e-05    -0.000120043
     -0.00010279    -0.000149559
    -0.000133938    -0.000153495
     -1.0028e-05    -1.36669e-05
     -4.0875e-05    -6.67769e-05
    -0.000288306    -0.000246733
    -0.000152952    -0.000239575
     -2.8853e-05    -3.23902e-05
    -0.000179406    -0.000249699
      -7.278e-06    -9.99788e-06
     -2.0846e-05    -3.46721e-05
    -0.000720413    -0.000637555
      -8.129e-06    -9.74721e-06
     -3.1839e-05    -3.96934e-05
      -0.0002181    -0.000363311
     -2.2679e-05     -3.7193e-05
     -2.9848e-05    -5.72266e-05
    -0.000521658    -0.000437659
     -5.0327e-05    -6.59912e-05
     -6.6914e-05    -8.42602e-05
     -3.0733e-05    -5.02189e-05
     -2.3014e-05    -3.24664e-05
    -0.000559786    -0.000669688
      -1.961e-05    -3.90465e-05
     -3.3074e-05    -3.87983e-05
    -0.000129036    -0.000223626
      -5.334e-06    -9.82227e-06
     -4.0725e-05    -4.33261e-05
     -1.9034e-05     -3.4587e-05
     -1.8612e-05    -1.80763e-05
      -8.631e-06    -9.79399e-06
     -5.7865e-05    -4.97547e-05
     -4.1407e-05    -4.23728e-05
     -2.5731e-05    -3.98906e-05
    -0.000139602    -0.000197362
      -1.515e-05    -1.36331e-05
     -0.00013803    -0.000120169
    -0.000173631    -0.000214741
     -7.0443e-05    -9.62104e-05
     -2.7353e-05    -3.21209e-05
    -0.000477833    -0.000365013
       -1.23e-05    -1.61985e-05
     -8.4055e-05    -0.000139033
     -7.9905e-05    -0.000122721
    -0.000325851     -0.00023693
     -5.4813e-05    -0.000102491
     -9.1681e-05    -0.000116505
    -0.000129045    -0.000205573
     -1.8577e-05    -3.56699e-05
     -2.1398e-05    -1.95442e-05
     -6.2645e-05    -0.000142543
    -0.000634686    -0.000525584
    -0.000115416    -0.000169025
      -7.858e-06    -1.04678e-05
     -0.00014134    -0.000206248
    -0.000763348    -0.000784212
