QM Energy	FF Energy
     -1.5829e-05     -2.1996e-05
     -3.6717e-05    -4.92146e-05
     -8.2198e-05     -0.00010498
     -0.00120484     -0.00112387
    -0.000391362    -0.000445797
     -3.5188e-05    -4.59775e-05
     -0.00126854     -0.00118964
     -5.9489e-05    -7.94126e-05
    -0.000430579    -0.000441834
    -0.000100449    -0.000119631
    -0.000116357    -0.000129127
    -0.000270544    -0.000305722
    -0.000121884    -0.000133366
     -0.00012053    -0.000145863
    -0.000298686    -0.000313183
     -1.8587e-05    -2.45614e-05
     -3.8709e-05    -5.07431e-05
     -6.1149e-05    -7.66315e-05
     -1.2897e-05    -1.77896e-05
     -0.00121529     -0.00121045
    -0.000314436    -0.000333427
      -0.0007301    -0.000785681
    -0.000813501    -0.000782583
    -0.000201884    -0.000225946
    -0.000401528    -0.000409632
     -0.00102556     -0.00105825
     -7.3034e-05    -8.95719e-05
     -3.1429e-05    -4.59923e-05
     -0.00019981    -0.000226787
    -0.000116761    -0.000148225
     -3.5953e-05    -4.73341e-05
     -6.9429e-05    -8.66922e-05
    -0.000604347    -0.000634155
     -0.00274594     -0.00319342
      -0.0010696     -0.00103762
    -0.000367132    -0.000387028
    -0.000170314     -0.00019627
      -3.354e-05    -4.07088e-05
    -0.000284779    -0.000336881
     -3.9992e-05    -5.26058e-05
    -0.000415367    -0.000451412
     -2.2214e-05    -3.06078e-05
     -0.00142297     -0.00140886
    -0.000507398    -0.000509832
     -0.00034374    -0.000353233
    -0.000821891     -0.00080423
    -0.000524837    -0.000534477
     -7.1467e-05     -8.7316e-05
     -0.00199325     -0.00213106
     -0.00108162     -0.00110791
     -1.3792e-05    -2.02252e-05
    -0.000983393    -0.000985289
    -0.000136857    -0.000154572
     -6.6763e-05    -9.10977e-05
    -0.000583502    -0.000584604
    -0.000695709    -0.000717162
    -0.000409076    -0.000423844
    -0.000133088    -0.000165241
    -0.000459367    -0.000478518
     -0.00178336     -0.00169454
      -2.826e-05    -4.14923e-05
     -0.00102562     -0.00103927
     -5.8338e-05    -8.15004e-05
       -0.001434      -0.0014368
    -0.000449677     -0.00045548
    -0.000322545    -0.000342705
     -0.00155416     -0.00146689
    -0.000246978       -0.000283
     -3.2027e-05    -4.06654e-05
    -0.000604627    -0.000701791
     -6.7091e-05     -8.4556e-05
    -0.000704227    -0.000695361
     -0.00122749     -0.00111951
    -0.000686303    -0.000677949
    -0.000116049    -0.000138386
     -0.00053239    -0.000552425
     -3.2766e-05    -4.36857e-05
    -0.000658032    -0.000644285
     -9.4091e-05    -0.000122957
     -5.0286e-05    -7.74323e-05
    -0.000381627    -0.000401632
     -4.3605e-05    -5.82136e-05
    -0.000176006     -0.00022803
     -3.3227e-05     -4.2094e-05
    -0.000311746    -0.000330505
     -3.3977e-05    -4.70677e-05
     -0.00049147    -0.000490691
     -0.00106782     -0.00103557
    -0.000878112    -0.000887538
     -0.00105262     -0.00100302
    -0.000288788    -0.000334679
     -2.5789e-05    -3.95071e-05
     -5.7452e-05    -7.12726e-05
    -0.000919316    -0.000890037
    -0.000625228    -0.000618354
    -0.000253288    -0.000294499
     -0.00115308     -0.00123142
    -0.000677561    -0.000671704
     -4.0993e-05    -5.16887e-05
    -0.000127994    -0.000151461
    -0.000623388    -0.000582618
     -2.6369e-05    -3.64219e-05
     -2.5633e-05    -3.93421e-05
     -0.00106587     -0.00101242
    -0.000109523    -0.000126664
     -0.00120493     -0.00114485
     -3.7843e-05    -5.04321e-05
    -0.000626381    -0.000730424
    -0.000244937    -0.000284829
     -8.9116e-05    -0.000102532
    -0.000338216    -0.000365759
      -9.922e-05     -0.00012022
     -4.0353e-05    -5.49398e-05
     -1.1986e-05    -1.81622e-05
     -6.5668e-05    -8.09993e-05
     -0.00153538     -0.00144802
     -0.00152242     -0.00163604
     -8.9324e-05    -0.000108921
     -2.6172e-05    -4.31917e-05
    -0.000134159    -0.000179033
    -0.000152597    -0.000172733
     -0.00080287    -0.000840667
      -2.691e-05    -3.78428e-05
    -0.000510048    -0.000500252
     -1.7037e-05    -2.49654e-05
    -0.000264808    -0.000294472
     -2.4412e-05    -3.46017e-05
     -2.2183e-05    -2.81953e-05
       -0.000216    -0.000220156
    -0.000159298    -0.000190967
      -6.363e-05    -7.89384e-05
    -0.000238645    -0.000266981
     -3.6286e-05    -5.10092e-05
     -6.2518e-05    -7.80011e-05
    -0.000296653     -0.00033669
    -0.000170088    -0.000192807
     -1.4389e-05    -2.04258e-05
     -0.00117599     -0.00115488
      -0.0002248    -0.000258904
     -1.3804e-05    -1.87551e-05
     -0.00122164     -0.00116084
     -4.7046e-05    -6.62666e-05
     -9.9556e-05    -0.000125852
     -4.3228e-05    -6.12664e-05
      -0.0012481     -0.00121125
    -0.000192989    -0.000205223
     -7.9685e-05    -9.33382e-05
    -0.000132874    -0.000162258
     -0.00010021    -0.000116422
     -2.7281e-05    -3.79794e-05
    -0.000696441    -0.000699454
     -2.0326e-05    -2.91505e-05
     -3.0501e-05     -4.3337e-05
     -0.00081375    -0.000862516
    -0.000328342     -0.00038244
     -2.6711e-05    -4.00476e-05
     -2.9315e-05    -4.10324e-05
    -0.000199191    -0.000218651
     -0.00117111     -0.00113298
    -0.000374616    -0.000416715
     -2.2784e-05    -3.13904e-05
    -0.000657417    -0.000658087
     -3.7195e-05    -4.97267e-05
     -0.00086389    -0.000930073
    -0.000211453    -0.000236047
     -1.9657e-05    -3.08516e-05
     -7.6014e-05    -9.84332e-05
     -6.1591e-05    -7.98672e-05
     -0.00143163     -0.00142075
      -0.0016424     -0.00155223
     -4.5991e-05    -6.41653e-05
     -6.6133e-05    -8.21038e-05
    -0.000630399    -0.000638502
    -0.000403701    -0.000408085
     -0.00174224     -0.00178018
     -9.6004e-05     -0.00011455
      -2.359e-05    -3.61748e-05
    -0.000329799    -0.000359567
    -0.000201508    -0.000241716
     -5.5016e-05    -7.00726e-05
     -0.00167029     -0.00161039
       -9.53e-05    -0.000119084
     -0.00031478    -0.000340938
    -0.000829723    -0.000806809
     -0.00136768     -0.00122959
    -0.000713509    -0.000623495
     -0.00234094     -0.00225323
    -0.000156665    -0.000179575
    -0.000406259    -0.000418946
     -0.00088398    -0.000948524
     -1.3995e-05    -1.99564e-05
     -7.6675e-05    -0.000102591
    -0.000238361    -0.000265807
     -6.1524e-05    -7.67552e-05
     -0.00016403    -0.000190329
    -0.000149876    -0.000172154
     -4.8128e-05    -6.63471e-05
     -0.00230736     -0.00257231
     -7.6321e-05    -9.32512e-05
     -0.00171772     -0.00151179
    -0.000322161    -0.000343055
     -0.00247237     -0.00266544
     -4.5048e-05    -5.78996e-05
     -0.00145103     -0.00140165
    -0.000192652     -0.00022558
    -0.000366343    -0.000394315
    -0.000218273    -0.000234477
      -6.287e-05    -8.78306e-05
     -0.00138823     -0.00139276
    -0.000103536    -0.000128746
      -4.813e-05    -6.19027e-05
    -0.000521183    -0.000562506
    -0.000478046    -0.000482904
    -0.000717252    -0.000699289
    -0.000311778    -0.000354389
     -8.4399e-05    -0.000101763
     -3.7245e-05    -5.45271e-05
      -0.0017295     -0.00167323
     -0.00205129     -0.00203035
     -7.0111e-05    -8.74986e-05
     -4.7778e-05     -6.3115e-05
    -0.000312899     -0.00034034
     -0.00137854     -0.00128355
    -0.000132763    -0.000176167
    -0.000106741    -0.000138954
    -0.000718986     -0.00071558
    -0.000426557    -0.000479957
     -1.9191e-05    -2.92074e-05
     -0.00104942      -0.0010033
     -0.00207087     -0.00191976
    -0.000774261    -0.000775854
     -0.00108092     -0.00105153
     -7.6069e-05    -9.64819e-05
    -0.000352902    -0.000363265
     -4.7298e-05    -5.97269e-05
    -0.000222193    -0.000286019
    -0.000511376    -0.000524123
     -1.7735e-05     -2.7213e-05
    -0.000134191    -0.000168342
    -0.000127981    -0.000154224
    -0.000102703      -0.0001233
    -0.000538442    -0.000563542
     -6.8447e-05    -8.09738e-05
     -0.00022769    -0.000268281
    -0.000291559    -0.000289779
    -0.000465433    -0.000504978
      -7.215e-05    -9.15214e-05
     -4.7348e-05    -6.11943e-05
     -1.7602e-05    -2.51782e-05
     -6.9929e-05    -8.95709e-05
     -2.7744e-05    -3.78812e-05
    -0.000234882    -0.000260793
     -9.7689e-05    -0.000116666
     -6.4025e-05    -8.01442e-05
     -1.9386e-05    -3.06123e-05
     -2.8777e-05    -3.67115e-05
     -0.00178513     -0.00174302
     -2.1511e-05     -2.8134e-05
    -0.000475671    -0.000491228
     -0.00180995     -0.00183581
     -9.1658e-05    -0.000107463
    -0.000530751    -0.000558673
    -0.000883984    -0.000857534
     -4.6482e-05    -5.91705e-05
    -0.000486402    -0.000521275
      -0.0010324    -0.000988325
     -9.2408e-05    -0.000111962
      -0.0010753     -0.00105238
    -0.000310025    -0.000300177
    -0.000152474    -0.000156965
    -0.000166581    -0.000188487
     -0.00114746      -0.0010899
     -0.00289241     -0.00316092
     -4.6624e-05    -6.04414e-05
     -2.0969e-05    -3.12001e-05
     -2.2278e-05    -3.27305e-05
    -0.000449374    -0.000431062
    -0.000324833    -0.000361696
    -0.000139095    -0.000172109
     -3.5967e-05    -4.67145e-05
      -2.318e-05    -3.15659e-05
     -0.00207557     -0.00204036
     -0.00120992     -0.00114034
    -0.000965534    -0.000980649
    -0.000129369    -0.000175099
     -3.6584e-05    -5.30484e-05
      -0.0017546     -0.00164652
     -4.5951e-05    -5.96579e-05
     -7.2058e-05    -0.000103971
     -0.00173181     -0.00167922
     -7.7523e-05    -9.16342e-05
     -3.8755e-05    -5.08586e-05
     -2.0321e-05    -3.19859e-05
    -0.000331969    -0.000402981
    -0.000599495     -0.00064572
     -7.6652e-05    -9.88996e-05
     -0.00052554    -0.000534563
     -2.6711e-05    -4.05763e-05
     -3.5533e-05     -5.3737e-05
    -0.000643929    -0.000653303
     -0.00150766     -0.00138479
     -0.00133188      -0.0013491
     -0.00176114     -0.00170591
     -2.6738e-05    -3.86906e-05
     -7.7041e-05    -9.85415e-05
     -0.00109946     -0.00112676
    -0.000229576    -0.000256142
     -4.0351e-05    -5.39862e-05
     -0.00082406    -0.000788041
     -1.9616e-05    -2.74422e-05
      -9.501e-05    -0.000118765
     -3.1127e-05    -4.05881e-05
     -2.6905e-05    -3.57563e-05
    -0.000504381    -0.000534172
    -0.000145676    -0.000173568
    -0.000152994     -0.00017386
    -0.000358795     -0.00037001
    -0.000129338    -0.000159559
     -1.9917e-05    -2.63427e-05
     -0.00162855     -0.00150568
     -0.00133957     -0.00130232
     -9.5441e-05    -0.000118818
    -0.000205987    -0.000225959
     -7.2516e-05    -9.38233e-05
    -0.000491714    -0.000531796
     -8.2605e-05     -0.00010277
    -0.000133269    -0.000162893
     -2.6838e-05    -3.55629e-05
    -0.000320124    -0.000341912
     -3.5049e-05    -4.71225e-05
      -4.362e-05    -5.55816e-05
     -4.9513e-05     -6.2884e-05
    -0.000167802    -0.000192687
     -2.3654e-05     -3.2038e-05
     -3.5583e-05    -4.61008e-05
     -0.00174715     -0.00160905
    -0.000380575    -0.000401959
     -4.2732e-05    -5.62336e-05
    -0.000228728     -0.00025444
      -2.089e-05    -2.79246e-05
     -2.8624e-05      -3.825e-05
     -1.4782e-05    -1.98478e-05
     -3.8591e-05     -5.3541e-05
    -0.000151536    -0.000173296
     -0.00207393     -0.00195518
     -0.00037573    -0.000386783
    -0.000335179    -0.000346837
     -0.00156576     -0.00160174
     -4.5895e-05    -6.42639e-05
    -0.000367736    -0.000398155
     -4.3703e-05    -5.64365e-05
     -6.2162e-05    -9.41822e-05
    -0.000773112    -0.000739655
    -0.000528775    -0.000522636
    -0.000638064    -0.000639608
    -0.000934163    -0.000904083
     -5.8563e-05    -7.22871e-05
    -0.000165855    -0.000188613
     -2.6717e-05    -3.73396e-05
    -0.000325556    -0.000346785
     -4.4642e-05    -5.46804e-05
    -0.000379509    -0.000433946
     -0.00018809    -0.000216299
     -1.8989e-05    -2.49494e-05
     -1.9019e-05    -2.82121e-05
    -0.000579334    -0.000602298
    -0.000149791    -0.000174537
    -0.000957107    -0.000916731
    -0.000397844    -0.000420059
    -0.000197083    -0.000225473
    -0.000575937    -0.000578092
     -8.3728e-05    -0.000108819
    -0.000143231    -0.000165734
     -2.1217e-05    -3.00133e-05
     -5.2758e-05    -6.53883e-05
    -0.000320924    -0.000350962
     -1.5908e-05    -2.16798e-05
    -0.000135472    -0.000157129
    -0.000107018    -0.000136341
     -9.3704e-05    -0.000120996
    -0.000133371    -0.000156075
     -0.00144665     -0.00137334
     -2.9076e-05    -3.85635e-05
      -0.0012061     -0.00129884
    -0.000136381    -0.000155901
      -3.661e-05    -4.69982e-05
    -0.000616171    -0.000610693
      -0.0008277    -0.000722651
     -1.4788e-05    -2.07274e-05
    -0.000386998    -0.000389916
     -6.2868e-05    -8.22061e-05
    -0.000207875    -0.000228249
    -0.000313898    -0.000328345
     -2.1434e-05     -3.1812e-05
     -3.2329e-05    -4.52639e-05
     -1.3444e-05    -1.96796e-05
    -0.000267674    -0.000310245
     -0.00148275     -0.00151357
     -4.7644e-05    -6.01138e-05
    -0.000251036     -0.00028173
     -0.00068215    -0.000654633
    -0.000122953    -0.000145607
    -0.000152578    -0.000195302
    -0.000730079    -0.000704718
     -3.6969e-05    -5.21648e-05
     -0.00113408     -0.00107478
     -1.3768e-05    -2.17379e-05
    -0.000149263    -0.000179507
     -0.00020809     -0.00023089
     -3.7694e-05    -5.18209e-05
     -6.2166e-05    -7.85478e-05
     -1.9882e-05    -2.88984e-05
     -3.4153e-05    -4.77103e-05
    -0.000371232     -0.00038305
    -0.000205626    -0.000219269
    -0.000868333    -0.000891665
     -5.6532e-05    -7.02178e-05
    -0.000284305    -0.000319319
     -1.0503e-05    -1.54436e-05
    -0.000408497    -0.000399889
    -0.000682917     -0.00071857
     -8.8997e-05    -0.000102643
     -4.4965e-05     -5.4396e-05
     -2.3825e-05    -3.30566e-05
     -0.00163567     -0.00147938
     -0.00015219    -0.000167202
    -0.000234161    -0.000269886
     -2.3072e-05    -3.17576e-05
     -1.6867e-05    -2.56851e-05
     -0.00123877     -0.00124039
     -9.7493e-05    -0.000118253
      -5.526e-05    -7.09641e-05
    -0.000151729    -0.000169651
    -0.000100354    -0.000121973
    -0.000106318    -0.000130805
    -0.000735042    -0.000748198
    -0.000276012     -0.00030417
    -0.000627338    -0.000659078
     -4.4234e-05    -5.97238e-05
    -0.000621406    -0.000638249
    -0.000373234    -0.000396286
     -6.0481e-05    -7.82899e-05
      -0.0002655    -0.000292061
      -1.878e-05    -2.75395e-05
     -0.00103621     -0.00102385
     -3.3016e-05    -4.69464e-05
     -2.4546e-05    -3.44036e-05
     -0.00177868     -0.00183277
     -5.2069e-05    -7.08953e-05
     -2.5557e-05    -3.30078e-05
     -1.7889e-05    -2.69697e-05
     -3.0875e-05    -4.70634e-05
     -0.00201829     -0.00205165
    -0.000180209    -0.000207438
     -7.0915e-05    -8.70142e-05
     -0.00118911     -0.00112135
     -2.3277e-05    -3.25051e-05
     -0.00081461    -0.000825098
      -0.0019819     -0.00231698
    -0.000884563    -0.000974071
     -1.6996e-05    -2.31938e-05
    -0.000184217    -0.000207715
    -0.000364679    -0.000386452
      -8.742e-06    -1.26503e-05
    -0.000125918    -0.000147854
     -6.6564e-05     -8.8051e-05
    -0.000675346    -0.000708199
     -4.5381e-05    -6.04363e-05
    -0.000486654    -0.000506254
     -1.2884e-05    -1.90688e-05
     -1.4518e-05     -2.1957e-05
     -0.00016063    -0.000193492
    -0.000131869    -0.000157403
     -6.7256e-05    -8.63261e-05
     -4.2454e-05     -5.9529e-05
    -0.000801507    -0.000806731
     -3.8659e-05    -4.98924e-05
    -0.000504773     -0.00053909
      -0.0001554    -0.000182907
    -0.000437332    -0.000449819
     -2.3636e-05    -3.20135e-05
    -0.000665526    -0.000713341
     -1.3848e-05    -1.98353e-05
      -7.648e-05    -9.39298e-05
    -0.000935622    -0.000940884
    -0.000119609    -0.000143106
     -0.00159166     -0.00155554
     -5.4247e-05    -6.60112e-05
    -0.000186261    -0.000210423
    -0.000250869    -0.000274252
    -0.000299565    -0.000323495
    -0.000128373    -0.000162381
     -6.0123e-05    -7.20921e-05
     -2.9431e-05    -4.21429e-05
     -2.4448e-05     -3.1277e-05
    -0.000954453    -0.000915162
    -0.000277971    -0.000298111
     -9.7419e-05    -0.000116371
    -0.000129245      -0.0001648
       -0.001732     -0.00163884
     -1.3356e-05    -1.89389e-05
    -0.000346037    -0.000371738
     -4.5819e-05    -6.20805e-05
    -0.000682566    -0.000679805
      -0.0018093     -0.00166854
    -0.000285828    -0.000308018
     -0.00146773     -0.00131747
     -8.8734e-05    -0.000107146
    -0.000299797    -0.000315688
     -0.00259784     -0.00279222
    -0.000717591    -0.000738452
    -0.000475708    -0.000473629
     -8.2334e-05    -9.79822e-05
       -3.46e-05    -4.98608e-05
     -0.00254503       -0.002422
     -5.5746e-05    -7.27455e-05
     -2.1073e-05    -2.83159e-05
    -0.000655667    -0.000664825
    -0.000131992    -0.000162168
    -0.000921273    -0.000951651
     -0.00151118     -0.00143874
    -0.000230432    -0.000261316
    -0.000136148    -0.000144682
    -0.000476732    -0.000519642
    -0.000127332    -0.000154489
    -0.000395347    -0.000454159
     -4.4148e-05    -5.79753e-05
     -0.00199043     -0.00192566
     -4.0912e-05     -5.7385e-05
     -5.4509e-05    -7.06761e-05
     -2.1506e-05    -2.97904e-05
     -2.9069e-05     -3.8388e-05
     -3.9243e-05    -4.70486e-05
    -0.000639329    -0.000640549
      -9.727e-06    -1.30616e-05
     -4.8526e-05    -6.48357e-05
     -1.6239e-05    -2.45519e-05
     -1.1487e-05     -1.7203e-05
    -0.000388347    -0.000402117
     -0.00165682     -0.00158389
    -0.000746263       -0.000698
    -0.000141217    -0.000153222
    -0.000151739    -0.000180171
    -0.000140223    -0.000176078
     -4.6304e-05    -6.23907e-05
     -7.7059e-05    -9.31975e-05
    -0.000347835    -0.000391632
    -0.000127419    -0.000141802
     -2.3314e-05     -3.2294e-05
    -0.000179895    -0.000200837
     -0.00113903     -0.00108054
    -0.000349756    -0.000418216
      -7.292e-05     -8.7176e-05
    -0.000508313    -0.000509559
     -0.00137676     -0.00116592
     -1.1444e-05    -1.55314e-05
     -0.00019491    -0.000224046
    -0.000661982    -0.000654193
    -0.000660623    -0.000619707
    -0.000233165    -0.000263303
     -4.1018e-05     -5.4229e-05
     -1.7347e-05    -2.61818e-05
     -2.0145e-05    -2.66585e-05
    -0.000712496    -0.000695956
    -0.000863692    -0.000908109
    -0.000915908    -0.000890268
     -0.00166143     -0.00183704
    -0.000457625    -0.000465818
      -8.759e-06    -1.26484e-05
     -0.00148984       -0.001483
    -0.000216428    -0.000252726
     -5.6092e-05    -7.43224e-05
     -0.00178093     -0.00189226
    -0.000812969    -0.000812501
    -0.000697176    -0.000696973
     -0.00148158     -0.00137459
     -4.0794e-05    -5.18439e-05
     -0.00142054     -0.00138022
     -5.8394e-05    -7.40218e-05
     -0.00050755    -0.000516858
      -9.875e-06    -1.35282e-05
     -6.7671e-05    -8.81392e-05
     -1.0732e-05    -1.58521e-05
     -2.3307e-05    -3.64044e-05
     -4.4194e-05    -5.74578e-05
      -0.0010853     -0.00103154
    -0.000102465    -0.000129622
     -2.2356e-05    -3.03023e-05
    -0.000511651    -0.000527763
     -4.1651e-05    -6.50407e-05
    -0.000241756    -0.000265128
     -2.5274e-05    -3.27469e-05
    -0.000807903    -0.000829967
    -0.000496245    -0.000511317
    -0.000974972     -0.00102008
    -0.000605455    -0.000640292
     -9.3047e-05    -0.000101326
     -3.5077e-05    -4.98524e-05
     -2.9908e-05    -3.89309e-05
    -0.000607871    -0.000612732
     -9.9874e-05    -0.000125793
      -9.888e-05    -0.000131463
     -0.00123543     -0.00116507
    -0.000766133    -0.000748025
      -9.758e-05    -0.000117408
     -8.0182e-05    -9.12329e-05
    -0.000638235    -0.000685649
     -2.1838e-05    -2.93395e-05
    -0.000453666    -0.000487457
    -0.000796222    -0.000821373
     -2.6958e-05    -3.63782e-05
     -0.00162968     -0.00143696
     -3.7095e-05    -4.85425e-05
     -2.8806e-05    -3.91365e-05
     -2.4645e-05    -3.20594e-05
    -0.000118421    -0.000150287
    -0.000527548    -0.000524061
     -4.7155e-05    -5.77821e-05
     -0.00031711    -0.000352886
    -0.000633196    -0.000695702
     -0.00126938     -0.00130966
      -8.763e-06    -1.37678e-05
    -0.000171805    -0.000207989
      -6.027e-05    -7.77341e-05
    -0.000170013    -0.000198876
    -0.000319418    -0.000372225
     -1.8069e-05    -2.54664e-05
     -8.7692e-05    -0.000106493
    -0.000558025    -0.000556078
    -0.000698722    -0.000687191
    -0.000603014    -0.000648578
    -0.000101488    -0.000117611
     -3.7048e-05    -4.68917e-05
     -0.00076313    -0.000828734
     -3.6704e-05    -5.01341e-05
     -3.8587e-05    -4.99939e-05
    -0.000184087    -0.000213203
     -4.5361e-05    -6.33873e-05
       -9.61e-06    -1.41037e-05
     -2.9146e-05    -3.84621e-05
     -1.9818e-05     -2.6731e-05
     -1.3219e-05    -1.82309e-05
     -7.8631e-05    -9.53244e-05
     -1.8751e-05    -2.76066e-05
     -8.7391e-05    -0.000116262
    -0.000264925    -0.000311743
    -0.000161867     -0.00018516
     -1.6471e-05    -2.22963e-05
     -4.6709e-05    -6.49284e-05
     -4.8316e-05     -6.5872e-05
    -0.000918083    -0.000940324
     -2.1915e-05    -3.04148e-05
    -0.000908165    -0.000958148
    -0.000169213    -0.000195795
    -0.000760666     -0.00074068
    -0.000175863    -0.000201657
     -0.00156368     -0.00162097
    -0.000556009    -0.000555696
     -0.00063134    -0.000626226
     -3.5334e-05    -5.04957e-05
    -0.000430371    -0.000458659
    -0.000591169    -0.000589083
    -0.000171627    -0.000197888
      -5.198e-05     -6.5273e-05
     -1.4498e-05    -2.03448e-05
     -4.1581e-05    -5.63241e-05
     -4.9249e-05    -6.71366e-05
    -0.000753373    -0.000756224
      -5.145e-05     -7.3108e-05
     -1.7464e-05    -2.59863e-05
    -0.000116131    -0.000135292
    -0.000691219    -0.000715487
     -7.1609e-05    -9.13307e-05
     -0.00189451      -0.0018841
     -2.3236e-05    -3.46501e-05
     -6.9766e-05    -8.65383e-05
    -0.000714181    -0.000702159
       -2.08e-05    -3.14187e-05
    -0.000165913    -0.000188428
     -0.00165167     -0.00152469
     -0.00120513     -0.00110332
    -0.000686065    -0.000688249
     -4.7799e-05    -6.53339e-05
    -0.000334189    -0.000369642
     -1.9768e-05    -2.79679e-05
     -2.8625e-05    -4.08607e-05
     -2.2344e-05    -2.99536e-05
     -2.2674e-05    -3.31542e-05
    -0.000103697     -0.00012441
     -0.00171575     -0.00158989
     -3.9381e-05    -5.34062e-05
     -7.1655e-05    -9.56669e-05
    -0.000158255    -0.000175196
     -2.2751e-05     -3.1648e-05
    -0.000355529    -0.000351902
     -0.00051952    -0.000533711
     -5.3835e-05    -6.64596e-05
    -0.000927107    -0.000904642
     -3.5592e-05    -4.94172e-05
    -0.000270747    -0.000284098
     -0.00149309     -0.00144878
     -7.5817e-05    -9.33025e-05
     -9.4554e-05    -0.000122244
     -1.6913e-05    -2.37238e-05
    -0.000129536    -0.000159542
     -0.00202565     -0.00174057
    -0.000814822    -0.000805955
    -0.000841182    -0.000856945
     -5.6594e-05    -7.21577e-05
     -2.5508e-05    -3.52347e-05
     -2.6745e-05    -3.57597e-05
    -0.000217311    -0.000235536
    -0.000249432     -0.00027098
     -1.8107e-05    -2.59954e-05
     -6.1817e-05    -8.18126e-05
    -0.000120329    -0.000150408
     -0.00212063     -0.00204561
    -0.000463989    -0.000501153
    -0.000337863      -0.0003872
       -1.71e-05    -2.55628e-05
     -3.0048e-05    -4.44649e-05
     -0.00116619     -0.00110417
     -0.00116167     -0.00110523
     -0.00149574     -0.00148405
     -2.0443e-05    -2.85406e-05
    -0.000419427    -0.000456607
     -1.6723e-05    -2.31091e-05
     -0.00024403    -0.000275871
     -6.9937e-05    -8.39901e-05
     -1.8968e-05    -2.49264e-05
    -0.000421626      -0.0004772
     -6.9689e-05    -8.74076e-05
     -5.0181e-05    -6.24719e-05
     -4.1977e-05    -5.34481e-05
    -0.000358725     -0.00037056
     -0.00124825     -0.00120423
    -0.000401064    -0.000452883
      -5.889e-05     -7.4731e-05
    -0.000423289    -0.000429481
     -9.3423e-05    -0.000109292
    -0.000368684    -0.000384961
    -0.000263471     -0.00032389
     -0.00060758    -0.000636782
     -2.0037e-05    -2.91271e-05
     -4.6885e-05     -6.4236e-05
     -2.2067e-05    -3.47008e-05
     -1.5793e-05     -2.2188e-05
    -0.000153528     -0.00017065
    -0.000638824    -0.000652044
     -2.4767e-05    -3.42066e-05
    -0.000145379    -0.000170633
    -0.000289956    -0.000313113
     -0.00010327    -0.000133497
     -0.00136487     -0.00128234
    -0.000133375    -0.000166887
     -0.00028801    -0.000314674
    -0.000570614     -0.00058721
    -0.000114692    -0.000136657
    -0.000659333    -0.000684222
    -0.000506037    -0.000494316
     -0.00147724     -0.00151457
     -0.00102761     -0.00101351
     -7.9941e-05    -9.80075e-05
     -1.5522e-05    -2.18973e-05
     -0.00128965     -0.00122687
     -0.00014235    -0.000162077
     -2.0909e-05    -2.99635e-05
    -0.000130422     -0.00015525
    -0.000208267    -0.000232562
    -0.000866077    -0.000888811
     -0.00122815     -0.00124553
    -0.000119372    -0.000136248
     -2.6758e-05    -3.88482e-05
     -6.2063e-05    -7.60157e-05
    -0.000404154    -0.000429247
    -0.000262826    -0.000295392
     -0.00183233     -0.00169591
      -0.0013236     -0.00112707
      -1.324e-05    -1.99798e-05
    -0.000327799    -0.000372653
     -4.0336e-05    -5.23592e-05
     -3.3943e-05    -4.97743e-05
    -0.000161136    -0.000191006
     -0.00171185     -0.00173937
     -2.1819e-05    -3.10578e-05
    -0.000361098    -0.000379504
        -0.00189      -0.0019799
     -0.00011722    -0.000136392
    -0.000540799    -0.000563767
     -2.3395e-05    -3.74422e-05
    -0.000141822    -0.000165295
    -0.000174758    -0.000213129
       -0.000228    -0.000275291
    -0.000466368    -0.000464257
    -0.000177324    -0.000209531
     -0.00172274     -0.00160786
    -0.000700623    -0.000689921
    -0.000245058     -0.00030086
     -0.00020089    -0.000223857
     -0.00144287     -0.00143553
     -3.8009e-05    -5.41395e-05
     -5.8168e-05    -7.34806e-05
     -0.00149689     -0.00134165
     -8.8365e-05    -0.000116057
     -5.4626e-05     -6.8964e-05
    -0.000399466    -0.000417375
      -6.784e-05    -9.35697e-05
    -0.000430855    -0.000406502
    -0.000206296    -0.000261912
    -0.000270159    -0.000293999
     -6.0102e-05    -7.46984e-05
     -2.1981e-05    -2.81762e-05
    -0.000168544    -0.000183609
     -2.7801e-05    -3.66814e-05
    -0.000110908    -0.000131324
     -7.8134e-05    -9.41743e-05
     -4.3053e-05    -5.54059e-05
     -6.9331e-05     -8.9565e-05
     -0.00202204     -0.00204766
    -0.000569212    -0.000570623
     -4.6714e-05    -6.06928e-05
     -9.3321e-05     -0.00011822
        -0.00136     -0.00126522
    -0.000506635    -0.000528079
     -2.2119e-05    -3.18196e-05
     -0.00115509     -0.00110245
     -0.00024184    -0.000261884
      -5.937e-05    -7.52972e-05
     -3.6936e-05    -4.92961e-05
     -5.6781e-05    -7.28645e-05
     -3.4328e-05    -4.64864e-05
     -4.7427e-05    -6.10595e-05
     -0.00185541     -0.00176748
     -0.00105837     -0.00101702
     -3.7309e-05    -5.30709e-05
     -9.8082e-05    -0.000128443
     -0.00124373     -0.00116237
    -0.000299027    -0.000344522
    -0.000172795    -0.000222679
     -3.8901e-05    -5.70844e-05
     -2.7734e-05    -3.97599e-05
    -0.000148839     -0.00017292
     -0.00058961    -0.000570289
     -6.2852e-05    -7.90399e-05
    -0.000233249    -0.000245539
    -0.000378251    -0.000376017
     -0.00171819     -0.00167354
     -7.1158e-05    -8.57831e-05
     -3.9642e-05    -5.13101e-05
     -0.00011777    -0.000149203
    -0.000167892    -0.000204442
     -2.2557e-05    -3.19382e-05
      -0.0015634     -0.00144788
    -0.000426919    -0.000458631
    -0.000280019    -0.000306141
    -0.000549644    -0.000560562
     -9.5131e-05    -0.000113973
     -7.9411e-05    -0.000110362
     -0.00187514     -0.00180547
    -0.000335147    -0.000370238
     -1.5332e-05     -2.1525e-05
    -0.000495808    -0.000542247
    -0.000174946    -0.000196955
     -4.7186e-05    -6.21755e-05
    -0.000124998    -0.000145812
     -4.0797e-05    -6.45063e-05
    -0.000101641    -0.000122001
      -0.0003555     -0.00039917
    -0.000977714    -0.000989533
     -0.00097645    -0.000936799
     -2.5933e-05    -3.40291e-05
    -0.000154717    -0.000174616
    -0.000590076    -0.000584781
      -1.212e-05    -1.74461e-05
    -0.000182216     -0.00020422
    -0.000765754    -0.000750518
     -2.3886e-05    -3.59373e-05
     -7.2159e-05    -8.92052e-05
     -0.00116035     -0.00107839
     -0.00159509     -0.00155501
    -0.000124864    -0.000148845
     -7.6123e-05    -9.44045e-05
     -0.00104497     -0.00099822
     -1.6644e-05    -2.19348e-05
     -2.9775e-05    -3.86449e-05
     -1.1231e-05    -1.55785e-05
     -1.4298e-05    -1.96714e-05
     -4.2162e-05    -5.27371e-05
     -0.00132349     -0.00136938
     -8.9689e-05    -0.000118977
    -0.000241456    -0.000269006
     -0.00160004     -0.00149228
    -0.000793298    -0.000769514
     -1.5362e-05    -2.15269e-05
    -0.000992879     -0.00104297
     -9.5361e-05    -0.000123546
    -0.000296408    -0.000342808
    -0.000223362    -0.000246747
      -4.958e-05    -6.47396e-05
    -0.000579314    -0.000577781
     -3.3745e-05    -4.97371e-05
    -0.000198009    -0.000238327
     -2.4786e-05    -3.38486e-05
     -2.5953e-05    -3.41545e-05
     -1.9581e-05    -2.87535e-05
    -0.000495468    -0.000493107
    -0.000189055    -0.000216384
    -0.000121499    -0.000152214
    -0.000671422     -0.00066299
    -0.000371746    -0.000395126
     -1.4492e-05    -2.01802e-05
    -0.000704327    -0.000620486
    -0.000747956    -0.000777539
    -0.000266541    -0.000297982
    -0.000222692    -0.000256145
    -0.000235909    -0.000273069
     -7.8497e-05    -9.58028e-05
     -0.00173611     -0.00197259
    -0.000405505    -0.000423176
     -2.0662e-05    -2.82302e-05
     -2.8851e-05     -4.5516e-05
    -0.000138689    -0.000158758
     -0.00026446    -0.000293249
    -0.000812721    -0.000773641
    -0.000244274    -0.000286256
    -0.000326365    -0.000348859
    -0.000333251    -0.000381848
     -2.6437e-05    -3.51284e-05
    -0.000128229    -0.000152076
    -0.000640785      -0.0006378
     -0.00053083    -0.000560051
     -6.9682e-05     -8.4271e-05
    -0.000596843    -0.000598371
     -1.8058e-05    -2.52131e-05
     -5.8868e-05    -8.06519e-05
     -0.00153831     -0.00148282
      -1.838e-05    -2.51465e-05
     -7.3161e-05     -9.8614e-05
    -0.000739387    -0.000759675
     -7.6193e-05    -8.95391e-05
    -0.000105474    -0.000134029
     -0.00111824     -0.00106534
    -0.000129934    -0.000161049
    -0.000159636    -0.000208121
    -0.000106592    -0.000123467
     -6.8178e-05    -8.17278e-05
     -0.00150062     -0.00150968
     -8.0087e-05    -9.20945e-05
       -7.37e-05    -9.81549e-05
    -0.000418042     -0.00049636
     -1.5638e-05    -2.32076e-05
      -8.777e-05    -0.000111526
     -6.3066e-05      -7.993e-05
     -3.7012e-05    -4.83703e-05
     -1.8437e-05    -2.52887e-05
    -0.000112072    -0.000133462
     -8.5463e-05    -0.000109187
     -8.1957e-05    -9.93522e-05
     -0.00041947    -0.000430097
     -2.7181e-05     -3.6554e-05
    -0.000290515    -0.000317757
    -0.000532499    -0.000493514
    -0.000221027    -0.000239433
     -6.8281e-05    -8.23931e-05
    -0.000976669    -0.000939428
     -3.1727e-05    -4.10046e-05
     -0.00028169    -0.000325419
    -0.000256448    -0.000288718
    -0.000620409    -0.000626235
    -0.000206877     -0.00023128
    -0.000276945    -0.000288581
     -0.00042701    -0.000438678
     -6.0839e-05    -8.03975e-05
     -4.0312e-05    -5.22123e-05
    -0.000251475    -0.000304598
     -0.00132134     -0.00128469
     -0.00037055    -0.000393407
     -1.9341e-05    -2.61883e-05
    -0.000504387    -0.000460047
     -0.00155557     -0.00156203
