QM Energy	FF Energy
      0.00151606     0.000891169
     -0.00156285     -0.00176983
     -0.00139899      -0.0011667
     -0.00115228    -0.000581918
    -0.000657139    -0.000692856
       0.0032495      0.00107275
    -0.000993107    -0.000508183
    -0.000928154    -0.000876878
     -0.00103677      -0.0015425
     -0.00101519    -0.000772945
    -0.000523225     -0.00101654
     -0.00144427     -0.00104908
      0.00481551      0.00189715
    -0.000836553      -0.0010054
     -0.00144803     -0.00165071
    -0.000339755     -0.00112627
    -0.000877353    -0.000712669
      0.00224345     0.000998684
     0.000669806      0.00377994
     -0.00152002     -0.00139643
    -0.000649862     -0.00100718
     0.000950198     0.000898237
     -0.00123761    -0.000799615
      0.00173211     -0.00133481
     -0.00209619     -0.00227993
     0.000474821    -0.000208906
     -0.00265368     -0.00276283
    -0.000807025    -0.000913603
      0.00149454       0.0031867
     0.000969265     0.000171574
     -0.00243946     -0.00140099
    -0.000790633    -0.000773223
     -0.00139199     -0.00236795
      0.00189907    -1.16152e-05
     0.000739807     0.000295379
     -0.00063867    -0.000730924
      0.00239471     0.000734734
      0.00297081    -0.000361979
     -0.00101999     -0.00125984
     -0.00231828     -0.00238027
      0.00249065      0.00346546
     -0.00268178     -0.00350807
      0.00236023      0.00376461
      -0.0011461     -0.00266037
     -0.00401719     -0.00278457
     0.000120319    -0.000101224
     -0.00248327      -0.0029378
      0.00116278      0.00126056
    -0.000944827      -3.331e-05
      0.00011193     -0.00225009
     -0.00015451    -0.000502314
       -0.001466     -0.00166744
    -0.000528623     -0.00127492
     -0.00018094    -8.67533e-05
      0.00203541      0.00360832
     -0.00220477     -0.00187363
      0.00305482      0.00101002
    -0.000267578    -0.000595108
    -0.000753118    -0.000720934
    -0.000994309     -0.00114465
     -0.00139574     -0.00129608
    -0.000456867       -0.001195
      0.00355906      0.00110392
    -0.000553185    -0.000965894
     -0.00103165     -0.00159056
     -0.00124446     -0.00158006
     -0.00196568     -0.00164392
     -0.00260168     -0.00275027
    -0.000801181    -0.000914161
      0.00297224      0.00263478
     -0.00205414     -0.00237315
     -0.00131781     -0.00127124
     0.000629205     -0.00220875
     -0.00115158     -0.00124563
      -0.0027946     -0.00215399
    -0.000819218    -0.000890065
     -0.00117096     -0.00126875
      -0.0010097     -0.00103202
    -0.000922183    -0.000975033
     -0.00337874     -0.00156628
     -0.00392838      -0.0031066
     -0.00273268     -0.00385744
      0.00090251    -0.000330706
     -0.00218209     -0.00146831
    -0.000962077     -0.00125999
     0.000327988     -0.00101884
       0.0324563       0.0281376
    -0.000274596    -0.000423973
     -0.00139237      -0.0019931
      0.00403971      0.00400741
     -0.00469171      -0.0033944
      -0.0016505     -0.00167152
     -0.00211259     -0.00160545
    -0.000991028     -0.00123932
     0.000986849      0.00043545
     -0.00227329     -0.00241925
     -0.00263972     -0.00165402
    -0.000822564    -0.000702665
    -0.000850024     -0.00136763
    -0.000971442     -0.00113507
    -0.000691022     -0.00117463
     -0.00124083    -0.000784814
    -0.000736499    -0.000711856
     0.000919222     0.000142429
     -0.00107846     -0.00118049
    -0.000831654    -0.000978967
       0.0100708      0.00699644
     -0.00102536    -0.000651069
    -0.000650714     -0.00103565
     -0.00201257    -0.000533551
    -0.000416526     0.000758357
     -0.00113571     -0.00157861
     0.000853268     0.000117249
     -0.00132476     -0.00140712
    -0.000456448     -0.00019283
     -0.00102541     -0.00120312
       0.0166356       0.0141811
    -0.000495431    -0.000510954
     0.000503959     -0.00186529
      4.7766e-05    -0.000416995
      0.00504069      0.00505097
      -0.0013047     -0.00112664
      0.00310733      0.00163534
    -0.000524635     -0.00179478
    -0.000582487    -0.000651506
     -0.00105001     -0.00125694
    -0.000565586    -0.000766845
      0.00313013      0.00244462
      -0.0011435     -0.00124525
     -0.00102347     -0.00105503
     0.000554646    -0.000957476
      0.00299451      0.00262845
    -0.000923177      0.00187426
    -0.000964812     -0.00118616
     -0.00260004     -0.00256423
      0.00847753      0.00762103
    -0.000302425    -0.000447848
       -0.003229     -0.00265139
     -0.00131087     -0.00118351
    -0.000291219    -0.000397786
     0.000545159     -0.00197997
     -0.00137511     -0.00231858
     -0.00145241    -0.000551514
     -0.00376164     -0.00291146
     -0.00110241     -0.00200291
     -0.00116285     -0.00132244
      0.00685635      0.00596424
    -0.000501652    -0.000794475
     0.000874202    -0.000263469
     -0.00348184      -0.0023899
    -0.000322186    -0.000587689
    -0.000221698     -0.00097259
     -0.00165443      -0.0017147
       0.0129445       0.0128364
      0.00147175    -0.000725884
    -0.000601385    -0.000671098
     0.000251779    -0.000676776
      -0.0017129      -0.0019158
     -0.00117998      -0.0013254
       0.0107005      0.00971849
      0.00120096     0.000306017
     0.000208326    -0.000247772
     -0.00127786     -0.00133943
     -0.00115597     -0.00131097
     -0.00119157     -0.00133514
     -0.00127115     0.000688344
    -0.000886953    -0.000955333
     -0.00245603     -0.00240392
     -0.00174508     -0.00211491
      0.00230592     0.000459425
     -0.00258976      -0.0025925
      0.00419344      0.00334768
    -0.000480172    -0.000593234
    -0.000654929    -0.000973017
     -0.00464744     -0.00298382
    -0.000733576    -0.000863038
      0.00290526         0.00126
    -0.000949396     -0.00172157
      0.00308038      0.00191604
      0.00932163       0.0085148
     -0.00195558     -0.00221428
     -0.00216886     -0.00197702
     -0.00233561      -0.0018545
     -0.00202597     -0.00192166
     -0.00169196     -0.00134042
     -0.00110003     -0.00136026
     -0.00125502     -0.00157961
     -0.00129426     -0.00147563
      0.00823057      0.00719906
     -0.00103495     -0.00124635
     -0.00202801     -0.00184636
      0.00634999      0.00704596
    -0.000804999    -0.000560236
    -0.000740915     -0.00134805
    -0.000673063    -0.000706458
      0.00413395    -0.000351183
     -0.00154052     -0.00119041
     -0.00151864     -0.00272068
     -0.00180894     -0.00173818
    -0.000940096     -0.00101992
     0.000291258    -0.000659383
    -0.000593201    -0.000490484
       0.0137242       0.0129865
    -0.000156196    -0.000571756
       0.0131711       0.0141963
    -0.000959965      -0.0009819
      0.00027617     9.48797e-05
      0.00571311      0.00276486
     -0.00147149     -0.00179479
      0.00280024      0.00307768
    -0.000395139    -0.000885847
    -0.000760087     -0.00103799
    -0.000563018     -0.00165421
     -0.00259196      -0.0023296
      0.00049173    -0.000847099
    -0.000849365    -0.000915219
    -0.000975282     -0.00143876
    -0.000671392    -0.000841085
     -0.00306315     -0.00235576
     -0.00212853     -0.00143659
       0.0119646       0.0102867
     -0.00120721     -0.00166535
     0.000259343    -3.68638e-05
      -0.0016497     -0.00193019
     -0.00121774     -0.00100309
     -0.00209041     -0.00218839
    -0.000249243     -0.00110881
    -0.000368685     2.17046e-05
    -0.000966939     -0.00129135
    -0.000349469    -0.000630619
    -0.000931904     -0.00108143
     -0.00086799    -0.000870652
     -0.00110971      -0.0012473
      -0.0010555     -0.00122734
      0.00358868      -0.0014086
     -0.00101655     -0.00116753
     -0.00113914     -0.00092066
    -0.000898105     -0.00101637
      -0.0008022    -0.000860039
      -0.0025583     -0.00134952
      0.00269185     0.000875034
    -0.000971671     -0.00121315
     -8.4784e-05     0.000747497
      -0.0011159     -0.00154242
    -0.000792082     -0.00101876
      0.00103523     0.000274624
      0.00710352      0.00538477
      -0.0006984    -0.000913162
      0.00364263    -0.000145438
     -0.00167155     -0.00156052
      0.00767033      0.00760558
    -0.000624851     -0.00251628
     -0.00130922    -0.000739298
    -0.000784594     -0.00114761
     -0.00311228     -0.00266766
       0.0157341        0.010723
    -0.000996603     -0.00119962
      0.00295016       0.0025425
       0.0116374      0.00782552
     -0.00087413    -0.000749671
    -0.000675808    -0.000693085
    -0.000687203    -0.000555424
     -0.00119118     -0.00109577
     0.000466267    -0.000489333
      0.00573105      0.00270425
     -0.00107556     -0.00143545
     -0.00216343     -0.00162176
      0.00219897     0.000592558
      0.00185825     0.000298339
    -0.000184676     -0.00179453
     -0.00111834     -0.00120049
         0.01907        0.016373
    -0.000738715    -0.000939682
      0.00659482      0.00779344
     -0.00127916     -0.00163714
     -0.00072404    -0.000884701
      -0.0019813     -0.00150922
    -0.000514508    -0.000665676
    -0.000408229    -0.000957353
       0.0129505      0.00946653
      -0.0017291     -0.00154799
       0.0035069      0.00292894
     -0.00058869    -0.000645297
     -0.00144998     -0.00166635
     0.000333218      -0.0004105
     -0.00142864     -0.00178647
     -0.00187915     -0.00210421
      0.00063885    -0.000702322
     0.000397212     9.57796e-05
     -0.00155626      -0.0008194
    -0.000646782    -0.000567349
    -0.000693172    -0.000459421
     0.000168775    -0.000113872
     0.000231382    -0.000251334
      0.00637303      0.00411021
     -0.00148913     -0.00130426
     -0.00105442     -0.00185554
     -0.00122237     -0.00113485
     -0.00222538     -0.00222499
    -0.000797385    -0.000826315
    -0.000905055    -0.000179629
      0.00962555      0.00815788
      0.00142333     -0.00110837
     -0.00185447     -0.00207629
       0.0141726       0.0113518
    -0.000715721    -0.000693311
     -0.00198837     -0.00177302
     -0.00109594     -0.00105846
    -0.000663819    -0.000742761
    -0.000449275    -0.000643296
     -0.00104539     -0.00145486
      0.00179254     0.000732796
     -0.00136961     -0.00130754
    -0.000915513    -0.000967424
     0.000564241    -0.000259128
       0.0012594     0.000482287
     0.000147678    -8.50942e-05
    -0.000147023    -0.000413251
     0.000237882     -0.00028064
      0.00207359    -0.000567599
    -0.000917708     -0.00173034
     -0.00117162      -0.0012238
     -0.00123614    -0.000686455
     -0.00177716     -0.00160955
     -0.00112063     -0.00129475
    -0.000992836     -0.00105285
    -0.000650159    -0.000692443
    -0.000298835    -0.000448627
    -0.000388867    -0.000835699
    -0.000789519     -0.00100622
    -0.000949061     -0.00120739
      0.00261243     0.000784893
    -0.000486924    -0.000509819
     -0.00197295     0.000748355
      0.00281523      0.00192685
    -0.000978056     -0.00109314
    -0.000958283     -0.00111882
     -0.00179084     -0.00180267
       0.0042715      0.00411254
     -0.00112498      -0.0011082
      0.00522153      0.00475855
      0.00623996      0.00607218
    -0.000792081    -0.000833908
    -0.000910001    -0.000915724
    -0.000897476     -0.00111931
      0.00105417     -0.00155667
     -0.00213246    -0.000890358
    -0.000361867    -0.000591616
      0.00092053      0.00106698
     0.000242689     -0.00216658
    -0.000863456     -0.00120337
     -0.00265527     -0.00247676
      0.00359656      0.00268839
     -0.00264219      -0.0022532
     0.000486604     1.60403e-05
    -0.000201137    -0.000923454
     -0.00080994     -0.00116042
     -0.00104619    -0.000999979
     -0.00025624    -0.000674228
      0.00045234     -0.00144012
     -0.00184338      -0.0018695
     0.000800531    -0.000146111
     -0.00229349     -0.00212943
     -0.00165726     -0.00107462
     -0.00103786     -0.00124837
     -0.00114376     -0.00100516
      0.00429931      0.00251428
     -0.00172733     -0.00144405
      0.00199716      0.00113382
     -0.00104397     -0.00199738
    -0.000860385    -0.000542462
    -0.000874401    -0.000660496
     -0.00140944     -0.00233108
     0.000212256     0.000715102
     -0.00129347     -0.00130359
     -0.00183359     -0.00276343
      0.00058174     -0.00022185
     -0.00151701     -0.00119652
    -0.000942764    -0.000948028
    -0.000706173    -0.000942006
     0.000743027     0.000312946
      0.00243465    -0.000148845
      0.00323997      0.00335054
    -0.000657153    -0.000636193
     -0.00140782     -0.00104995
    -0.000565656     -0.00107259
     -0.00114905    -0.000968329
     -0.00177754     -0.00310473
     -0.00114222    -0.000395336
    -0.000916687    -0.000928323
     0.000654107     0.000229405
      0.00278567      0.00245959
     -0.00101864    -0.000802102
      0.00300991    -7.40922e-05
     -0.00124359     -0.00217584
    -0.000842466     -0.00107535
    -0.000893339    -0.000317148
     0.000522139    -0.000263032
     -0.00210557     -0.00250985
     -0.00109696     -0.00129996
      0.00110068    -0.000354043
      0.00179712     0.000816638
     -0.00170889     -0.00130973
    -0.000786201    -0.000729092
     -0.00103346     -0.00142697
        0.010997       0.0114552
     0.000215697     -0.00104746
     0.000233207    -0.000608262
    -0.000486915    -0.000930321
      0.00295779     0.000637672
     -0.00152817     -0.00162397
      0.00322414    -0.000263722
     0.000981371     0.000995136
     -0.00105802     -0.00112967
      0.00622066      0.00602701
     -0.00125669    -0.000773354
      0.00844062      0.00658349
     0.000651495      0.00149556
    -0.000558338     -0.00137939
      0.00728291      0.00866581
    -0.000769727    -0.000642716
     -0.00145935     -0.00237988
      0.00427742      0.00473118
    -0.000617403     -0.00060126
    -0.000865944    -0.000910117
      0.00149157     0.000842899
     0.000349261     -0.00121811
     -0.00209153     -0.00226027
     -0.00456626      -0.0035353
     0.000456991    -0.000565433
    -0.000539759    -0.000659509
      0.00112354    -0.000695035
       0.0129893       0.0164948
     -0.00160474     -0.00149485
    -0.000992475     -0.00100668
     0.000305434    -0.000297057
     -0.00281662     -0.00334898
     -0.00427786      -0.0031236
    -0.000424566    -0.000509565
     -0.00249446     -0.00328924
     0.000895527    -5.51711e-05
     -0.00112211     -0.00120965
     -0.00198278     -0.00161616
    -0.000739644     -0.00072225
     0.000926694     7.09214e-05
     -0.00113028      -0.0024134
      0.00103787     0.000679417
    -0.000980276     -0.00123385
     -0.00208385     -0.00312541
     0.000102481     -0.00164758
       0.0031493      0.00339626
     -0.00174398     -0.00153914
    -0.000909008     -0.00109127
    -0.000656694    -0.000970183
    -0.000565051    -0.000316455
      0.00478244      0.00511672
      0.00226776     0.000579212
      0.00933498      0.00941581
     -0.00357807     -0.00273984
     -0.00233051     -0.00219862
     -0.00143678     -0.00140704
       0.0021091      0.00294457
      0.00268875    -0.000615422
    -0.000438516     -0.00134211
       0.0198918        0.012344
     0.000456188    -0.000121742
     0.000996388     0.000794962
    -0.000911649    -0.000846724
     -0.00108101     -0.00183679
      0.00391821      0.00540897
     -0.00137996     -0.00112695
     -0.00235638     -0.00333858
      0.00265476    -0.000116598
     -0.00137345     -0.00138471
      0.00141788      0.00102054
    -0.000405879    -0.000393479
       0.0128279       0.0121245
       0.0173227       0.0176003
    -0.000438686    -0.000580383
     -0.00106241     -0.00117883
    -0.000915184    -0.000885886
     0.000239928    -3.30278e-05
    -0.000205291    -0.000964956
    -0.000227202     -0.00187139
     -0.00159043     -0.00173247
      0.00496824      0.00359636
      0.00808196       0.0066077
    -0.000419993    -0.000443872
     -0.00168298     -0.00169154
      0.00655689      0.00624695
      0.00541354      0.00379022
      0.00833535      0.00722941
     -0.00087411    -0.000973469
     0.000127517    -0.000536861
     -0.00103853     -0.00091413
     -0.00177067     -0.00152448
     0.000415845      -0.0018882
     -0.00131332     -0.00161921
     -0.00254084     -0.00337535
     -0.00155389     -0.00176298
    -0.000911269     -0.00103599
     0.000230321    -0.000813828
     -0.00322425     -0.00230733
    -0.000196966     0.000163033
     -8.8047e-05     -0.00102087
    -0.000486624    -0.000695719
      0.00301993       0.0025413
    -0.000509103    -0.000330961
    -0.000768969     -0.00135716
      0.00227273      0.00191883
     -0.00239668     -0.00130677
     0.000486864     0.000267503
     -0.00171944     -0.00277678
      0.00132059      0.00105569
     -7.5341e-05     -0.00113983
    -0.000774919    -0.000901476
     -0.00113711      -0.0010127
      0.00195716      0.00101094
     0.000472384     9.93608e-05
      -0.0012699     -0.00134376
    -0.000710538    -0.000946162
    -0.000739497    -0.000666883
     -0.00159464     -0.00178143
    -0.000873038    -0.000846928
      0.00548547      0.00308404
       0.0020867     -0.00159606
      -0.0015766     -0.00168893
      -0.0018272      -0.0025181
      0.00180666    -0.000110845
    -0.000165147    -0.000322474
     0.000110494     3.16298e-05
     -0.00130453     -0.00133545
      0.00345664      0.00153815
       0.0103059       0.0123488
     0.000536256    -0.000465306
     -0.00288427     -0.00177699
    -0.000838412     -0.00103267
     -0.00100458     -0.00132541
    -0.000574977     -0.00133312
     -0.00167335     -0.00127009
      0.00169353      0.00047201
      0.00382268      0.00255941
      -0.0022267     -0.00245362
    -0.000628832    -0.000789544
     -0.00384722     -0.00338763
     0.000580001    -8.96762e-05
    -0.000622915     -0.00113139
    -0.000592563    -0.000646401
     -0.00380657     -0.00247903
       0.0017097    -0.000638155
      0.00215472      0.00213392
      0.00145431    -0.000633853
     -0.00146378     -0.00116926
       0.0018343       0.0038163
     -0.00136896    -0.000843052
     -0.00232115     -0.00354333
      0.00251491      0.00138973
    -0.000865584     -0.00102143
    -0.000887114     -0.00099552
       0.0005736     -0.00145361
    -0.000997895     -0.00125542
     -0.00116603     -0.00204303
    -0.000704338     -0.00207955
    -0.000824675     -0.00194631
    -0.000380871      0.00031377
    -0.000808687    -0.000971092
    -0.000645072     -0.00134208
    -0.000680507    -0.000591751
    -0.000564218     -0.00130049
     -0.00060504     -0.00131588
     0.000842187     -0.00143456
      0.00673385      0.00420612
    -0.000811087    -0.000802279
     0.000541405     0.000117513
     -0.00131374    -0.000986413
    -0.000594881    -0.000588583
    -0.000898883     -0.00107266
     -0.00112675     -0.00193884
     0.000155194     1.53457e-05
     -0.00129501        -0.00135
     -0.00203558     -0.00126613
      0.00470451      0.00252257
     -0.00063199    -0.000931776
      -0.0039557     -0.00352104
     -0.00078975    -0.000826513
     -0.00219105     -0.00198954
     -0.00112623     -0.00148448
      0.00406333       0.0057875
      0.00443378      0.00432491
     0.000448131    -0.000838685
     0.000144484      0.00110133
      0.00063906     0.000182763
    -0.000905855    -0.000851433
     -0.00062058    -0.000567391
      0.00157869     0.000403839
     -0.00167754     -0.00199056
    -0.000842599    -0.000810318
    -0.000890368    -0.000948023
     -0.00186654     -0.00189508
     -0.00188444     -0.00221328
      0.00125992     -0.00115803
     -9.7866e-05      -0.0021286
     -0.00213392      -0.0026211
       0.0120467       0.0149536
     0.000768561     9.41123e-05
     -0.00109806    -0.000909914
      0.00287754      0.00206821
    -0.000706457    -0.000709348
    -0.000559311      -0.0017016
    -0.000877874     -0.00102149
     -0.00283351     -0.00275317
    -0.000894437    -0.000982737
      0.00281114      0.00467401
     0.000363558      0.00067654
    -0.000666886    -0.000534209
      0.00794415      0.00672741
    -0.000757692    -0.000970633
    -0.000482842    -0.000493381
     -0.00560415     -0.00386553
     -0.00261656     -0.00310151
      0.00010091    -0.000249395
     -0.00185796    -0.000555656
     -0.00146991     -0.00155694
    -0.000747038    -0.000963579
      0.00589929      0.00433819
    -0.000692465     5.85584e-05
    -0.000427556     -0.00089911
     -0.00108803     -0.00149973
     -0.00063539    -0.000295977
    -0.000798056     -0.00109656
    -0.000588302    -0.000967205
     -0.00111049     -0.00136074
     -0.00152061     -0.00131425
    -0.000294922    -0.000299121
      0.00187689        0.001793
     -0.00258692      -0.0019429
    -0.000850366     -0.00084785
     -0.00251462     -0.00324676
     -0.00256911     -0.00268687
      0.00224104      0.00248026
    -0.000994213    -0.000968397
    -0.000631173    -0.000681306
     0.000686183     0.000517649
    -0.000711989     -0.00103785
     -0.00164756     -0.00190803
     0.000543994    -0.000212897
    -0.000158669    -0.000789483
    -0.000489074    -0.000423161
    -0.000993247     -0.00120884
      0.00124283     0.000952284
    -0.000885106    -0.000860912
     -0.00216412      -0.0017656
     -0.00111378    -0.000588059
    -0.000668651    -0.000506928
    -0.000570925     -0.00103245
     -0.00144337     -0.00166188
     -0.00159099     -0.00150507
      0.00312305      0.00342413
     -0.00060805     -0.00119275
     -0.00179262     -0.00199004
     -0.00140027     -0.00158808
       0.0034127      0.00407983
     -0.00296565     -0.00336616
     -0.00167524    -0.000616601
    -0.000353688    -0.000631363
     -0.00279347       -0.002199
     -0.00209162    -0.000645716
      0.00397849      0.00368212
    -0.000568285    -0.000915772
     -0.00281884     -0.00352521
     -0.00123805     -0.00107018
     -0.00109478     -0.00149806
     -0.00154493     -0.00134365
      0.00961703      0.00700918
    -0.000252977    -0.000637132
      0.00273709      0.00226937
     0.000488293    -0.000234633
    -0.000702124    -0.000670304
    -0.000358447    -0.000415281
    -0.000361251    -0.000801331
    -0.000988834      -0.0011516
      0.00232113     0.000404585
     -0.00185251     -0.00193162
     -0.00246455       -0.002163
     -0.00109158     -0.00145031
      0.00413812      0.00339444
        0.011592      0.00995421
    -0.000631406    -0.000799306
     -0.00103733     -0.00164533
      0.00531589      0.00391919
     -0.00199343     -0.00262057
     -0.00320394     -0.00272272
    -0.000676375    -0.000675286
     -9.4377e-05    -0.000418896
    -0.000925048     -0.00114839
     -0.00189334     -0.00127468
      0.00103186     0.000627901
    -0.000248954    -0.000379933
      -0.0015162     -0.00213949
     -0.00114965      -0.0014514
    -0.000785105     -0.00120549
     -0.00306162     -0.00241432
      0.00111467     0.000935394
     -0.00264702     -0.00286827
    -0.000602461    -0.000945376
     -0.00140703     -0.00179273
     -0.00184266     -0.00223122
    -0.000895112     -0.00115647
     -0.00276295     -0.00224797
      -0.0026096     -0.00212273
      0.00105019      0.00168728
    -0.000694649    -0.000983873
     -0.00058772     -0.00050893
     -0.00153692     -0.00132154
     -0.00210668     -0.00182632
    -0.000739213    -0.000763594
      0.00510275      0.00478833
      0.00106596      0.00179946
    -0.000227541     -0.00096603
     -0.00158087     -0.00126808
     -0.00316482     -0.00314615
    -0.000916952     -0.00104538
     -0.00152626     -0.00164961
      0.00242262      0.00299627
     -0.00127741     -0.00207168
     0.000455397     -0.00269843
    -0.000407005     -0.00108176
     0.000419697    -0.000424453
        -6.5e-05     -0.00127227
     -0.00100397      -0.0012967
    -0.000465881    -0.000771967
     -0.00290773     -0.00324514
     -0.00260079     -0.00299764
      0.00111421     0.000554159
     -0.00477145     -0.00396524
     -0.00170011     -0.00186307
    -0.000911608     0.000217929
