QM Energy	FF Energy
    -0.000998633    -0.000920609
     -2.4489e-05    -3.10648e-05
     -2.1186e-05    -2.19217e-05
    -0.000346003    -0.000310771
    -0.000134837    -0.000165741
     -0.00101185    -0.000878035
    -0.000520353    -0.000431436
    -0.000159636    -0.000214905
     -3.1517e-05    -4.07929e-05
     -1.3716e-05    -1.15306e-05
    -0.000186801    -0.000206512
     -2.2288e-05     -2.7255e-05
    -0.000733284     -0.00071119
     -2.2645e-05    -3.14626e-05
     -4.1983e-05    -5.50974e-05
    -0.000363973    -0.000279751
     -2.6951e-05    -3.64326e-05
    -0.000819335    -0.000901036
     -0.00166509     -0.00166568
    -0.000148531    -9.35512e-05
    -0.000123799    -0.000120867
    -0.000768351    -0.000729352
     -2.2587e-05    -2.14971e-05
    -0.000880925    -0.000692391
      -6.904e-05    -8.54853e-05
    -0.000688445    -0.000696848
    -0.000102651    -0.000108468
     -2.5456e-05    -4.67551e-05
     -0.00181489     -0.00120461
    -0.000267064    -0.000300102
    -0.000190833    -0.000216932
     -7.0831e-05    -9.92022e-05
    -0.000245142    -0.000248124
     -0.00079739    -0.000856987
     -0.00102549    -0.000834543
      -8.343e-06      -9.601e-06
    -0.000221558    -0.000240034
    -0.000816525    -0.000636105
     -8.2387e-05    -8.78015e-05
     -7.3527e-05    -7.43317e-05
     -0.00116866     -0.00118835
    -0.000606529    -0.000523194
     -0.00110628     -0.00127258
    -0.000645109    -0.000532408
    -0.000590138    -0.000565469
     -8.9397e-05    -0.000114889
     -9.4269e-05    -8.90678e-05
     -0.00093865    -0.000920666
    -0.000884491    -0.000872305
    -0.000279325    -0.000265795
     -6.5947e-05    -4.46923e-05
     -3.7571e-05    -4.51224e-05
    -0.000276937    -0.000254637
     -1.5809e-05    -2.85071e-05
     -0.00130968     -0.00128928
    -0.000556269    -0.000615924
    -0.000319173     -0.00032734
    -0.000576428    -0.000512929
    -0.000355762    -0.000339943
     -5.4477e-05    -8.88995e-05
     -7.7732e-05    -0.000131572
    -0.000265514    -0.000253311
    -0.000628595    -0.000700222
     -1.7191e-05    -2.76351e-05
    -0.000225094    -0.000188389
     -4.1938e-05    -5.71706e-05
     -5.4366e-05    -9.28366e-05
    -0.000242164    -0.000289728
    -0.000118115    -0.000140844
     -0.00155235     -0.00118144
    -0.000273091    -0.000262926
     -6.5219e-05    -9.13852e-05
    -0.000799253    -0.000775512
     -6.3878e-05    -9.01782e-05
      -8.399e-05    -0.000102872
     -5.7255e-05    -5.71407e-05
     -0.00014567    -0.000154444
     -6.9417e-05    -9.56749e-05
     -3.0392e-05    -3.59828e-05
    -0.000313094    -0.000344623
    -0.000351217    -0.000233281
    -0.000295432    -0.000267002
    -0.000819228    -0.000790205
    -0.000313731    -0.000260215
     -6.7145e-05    -8.38203e-05
    -0.000397071    -0.000358301
     -0.00326901       -0.004094
     -1.6008e-05    -2.57151e-05
     -9.4926e-05    -0.000122536
     -0.00157651     -0.00146599
    -0.000397373     -0.00021191
    -0.000601253    -0.000449272
    -0.000100648    -0.000106854
     -6.3844e-05    -8.10629e-05
    -0.000169249    -0.000194453
     -0.00010524    -7.53068e-05
    -0.000760899    -0.000667524
     -3.2595e-05    -4.20564e-05
    -0.000194795    -0.000160105
     -6.9765e-05    -0.000108559
    -0.000101806    -9.78259e-05
     -0.00016252    -0.000160098
     -3.1746e-05    -3.17691e-05
     -5.6011e-05     -6.0234e-05
     -8.0453e-05    -0.000102971
     -2.6701e-05    -4.77152e-05
    -0.000830144     -0.00057687
      -2.394e-05    -3.16588e-05
     -6.6761e-05    -8.64624e-05
     -0.00072055    -0.000764921
      -0.0013057     -0.00134527
    -0.000160864    -0.000212782
    -0.000318876    -0.000451603
    -0.000135906    -0.000199213
    -0.000459027    -0.000464412
    -0.000108392    -0.000132731
     -0.00185565     -0.00220808
      -4.711e-06    -7.96921e-06
     -0.00105888     -0.00102134
    -0.000169801    -0.000184256
     -0.00191635     -0.00162901
      -2.052e-05    -3.28379e-05
     -0.00103366     -0.00102109
    -0.000836785    -0.000780814
     -1.9471e-05    -3.76313e-05
     -1.5313e-05    -3.10342e-05
     -2.5863e-05     -2.6464e-05
    -0.000292733    -0.000177804
     -3.0075e-05    -3.59941e-05
     -9.8704e-05    -0.000124981
    -0.000447437     -0.00043274
     -0.00132196     -0.00112946
     -0.00153034     -0.00168911
      -6.353e-05     -6.5141e-05
     -5.5053e-05    -8.43565e-05
     -0.00194298     -0.00162078
     -1.3953e-05    -1.28298e-05
     -0.00137042    -0.000717529
    -0.000232723    -0.000301783
      -8.571e-06    -8.57463e-06
    -0.000411563    -0.000307852
    -0.000153571     -0.00015111
      -2.401e-05    -2.48655e-05
    -0.000120862    -0.000129603
     -9.2914e-05    -0.000106531
     -0.00176182    -0.000964352
      -0.0019328     -0.00176912
    -0.000266458    -0.000291533
    -0.000159176      -0.0001316
    -0.000401288    -0.000296216
    -0.000247965    -0.000296654
    -0.000456948    -0.000504273
    -0.000157455    -0.000202689
     -0.00216152     -0.00228314
    -0.000506403     -0.00058008
     -7.4657e-05     -7.3016e-05
      -3.345e-05    -3.73932e-05
     -7.2604e-05    -7.92568e-05
     -2.0547e-05    -2.41603e-05
     -0.00175218     -0.00192529
     -0.00118061     -0.00116964
     -8.3477e-05    -7.98292e-05
     -6.9402e-05    -0.000103154
     -9.6493e-05    -0.000111427
     -3.3505e-05      -5.964e-05
     -0.00103474     -0.00106747
    -0.000126546    -0.000166968
     -8.1546e-05    -7.08828e-05
    -0.000289376    -0.000334664
     -0.00115754    -0.000901849
     -6.3259e-05    -4.93193e-05
     -0.00152262     -0.00146248
     -5.2071e-05    -5.11741e-05
    -0.000195081    -0.000241427
    -0.000290777    -0.000305904
     -1.4069e-05    -1.41066e-05
     -0.00102862     -0.00096941
    -0.000207338    -0.000201184
    -0.000899824    -0.000791523
     -0.00176824     -0.00168098
    -0.000255147     -0.00030786
    -0.000112176    -0.000138305
     -2.9881e-05    -1.59321e-05
     -3.6132e-05    -2.66434e-05
    -0.000141322    -0.000169858
     -6.0661e-05    -9.84955e-05
     -6.6996e-05    -8.42402e-05
     -4.7079e-05     -3.7183e-05
     -0.00247779     -0.00212736
     -1.3964e-05    -2.95446e-05
     -4.7738e-05    -4.84025e-05
     -0.00157637     -0.00125535
     -3.4436e-05    -2.67079e-05
    -0.000146776    -0.000130146
     -8.6716e-05    -0.000107996
     -0.00168909      -0.0015253
     -1.6805e-05    -1.82492e-05
    -0.000493759    -0.000446364
     -3.9114e-05    -4.25517e-05
     -2.6005e-05    -3.69973e-05
    -0.000342506    -0.000336531
     -4.5132e-05    -7.36606e-05
     -0.00171022     -0.00121561
    -0.000302906    -0.000404663
      -0.0024479     -0.00247412
      -7.372e-05    -9.40819e-05
    -0.000431575    -0.000424094
     -0.00119051     -0.00107665
     -3.7879e-05    -5.86146e-05
     -0.00110204      -0.0010449
    -0.000264512    -0.000308998
    -0.000122529    -0.000100701
    -0.000331161    -0.000486008
     -7.8898e-05    -8.94548e-05
    -0.000788674    -0.000755876
     -2.2276e-05    -3.47326e-05
    -0.000150822    -0.000198366
     -6.4975e-05    -4.79206e-05
     -0.00104078    -0.000732879
     -4.6788e-05     -2.8571e-05
      -0.0016069     -0.00151623
    -0.000101307    -0.000122212
     -2.7339e-05    -2.95475e-05
    -0.000223391    -0.000291082
     -6.4572e-05    -8.36283e-05
     -2.7428e-05    -4.00237e-05
    -0.000432839    -0.000361292
     -7.1914e-05    -6.62503e-05
    -0.000293034    -0.000362935
    -0.000253731     -0.00026353
     -2.8003e-05    -4.66523e-05
     -1.7709e-05    -2.26798e-05
     -9.7512e-05    -0.000144933
     -4.2905e-05    -5.91218e-05
     -0.00139197     -0.00123262
     -1.0701e-05    -2.27377e-05
    -0.000247587    -0.000238023
     -2.8757e-05    -3.06135e-05
     -7.3422e-05     -6.6128e-05
     -8.8049e-05    -7.94695e-05
    -0.000282241     -0.00024701
     -2.5516e-05    -2.33204e-05
    -0.000939266     -0.00087131
      -8.014e-05    -9.33654e-05
    -0.000165212     -0.00019065
     -6.1781e-05    -5.50765e-05
     -0.00139529     -0.00132771
    -0.000163226    -0.000198315
     -0.00102548    -0.000844091
    -0.000136995    -0.000143928
     -0.00182912     -0.00190936
    -0.000875107    -0.000764877
     -5.8312e-05    -5.16025e-05
    -0.000347617    -0.000415544
     -5.3774e-05    -5.99389e-05
     -0.00133656     -0.00083384
      -2.851e-05    -5.07862e-05
    -0.000991332    -0.000817834
      -0.0011648    -0.000725458
    -0.000100814    -0.000135726
     -1.9506e-05    -2.79558e-05
     -7.3669e-05    -0.000112126
     -4.2647e-05    -6.35325e-05
    -0.000241131    -0.000217777
    -0.000735537    -0.000683096
    -0.000229927    -0.000306783
    -0.000410007    -0.000335116
    -0.000842595    -0.000644042
    -0.000184715    -0.000200872
    -0.000337121    -0.000381036
    -0.000357065    -0.000426338
     -0.00245473     -0.00237845
    -0.000330814    -0.000328284
     -0.00189965      -0.0021897
    -0.000103284     -0.00012644
     -2.5336e-05    -3.46909e-05
    -0.000298424    -0.000270239
     -5.8867e-05    -6.48187e-05
    -0.000159899    -0.000151881
     -0.00189157     -0.00195926
    -0.000672591    -0.000632799
    -0.000955243    -0.000881669
     -2.5842e-05     -3.5537e-05
    -0.000138743     -0.00016924
    -0.000486014    -0.000567073
    -0.000166926    -0.000137382
     -2.8269e-05    -3.63117e-05
    -0.000836984      -0.0006112
    -0.000514834    -0.000597114
     -3.8722e-05    -5.98996e-05
       -9.14e-06    -1.03934e-05
     -2.3958e-05    -3.64234e-05
     -1.6383e-05    -1.13863e-05
     -3.0237e-05    -5.81484e-05
     -0.00195388     -0.00169991
    -0.000345315     -0.00040826
    -0.000591685    -0.000637495
    -0.000145886    -0.000190949
    -0.000108134    -0.000165788
     -2.0552e-05    -3.04372e-05
     -5.4057e-05     -4.3503e-05
     -0.00105412    -0.000748313
    -0.000553011    -0.000491932
     -3.5288e-05    -4.29103e-05
     -0.00189283     -0.00188876
    -0.000380413    -0.000447043
    -0.000181053    -0.000240195
      -4.805e-05    -8.04596e-05
     -7.5563e-05     -7.1574e-05
     -2.8799e-05    -3.17468e-05
    -0.000137763    -0.000128663
      -7.638e-05    -9.20773e-05
    -0.000225729    -0.000205601
     -7.5811e-05    -8.52651e-05
    -0.000506181    -0.000557651
     -5.3796e-05    -6.94419e-05
    -0.000502185    -0.000565177
     -4.3991e-05    -3.73303e-05
      -8.659e-05    -7.20169e-05
    -0.000738556    -0.000482942
    -0.000156044    -0.000187882
     -4.3174e-05    -7.66592e-05
     -2.7605e-05    -2.25135e-05
     -9.1972e-05    -7.30837e-05
     -7.5704e-05     -7.0524e-05
    -0.000125274    -0.000155371
    -0.000206271    -0.000243871
     -1.6747e-05    -1.35024e-05
    -0.000396554    -0.000430997
     -1.4944e-05    -1.64662e-05
     -4.5472e-05    -5.65857e-05
     -0.00086303    -0.000950029
     -0.00012825    -0.000183646
    -0.000973575    -0.000821062
     -0.00186691     -0.00202722
     -2.1187e-05     -2.1261e-05
     -0.00010434    -0.000134691
     -3.8758e-05    -2.39318e-05
     -0.00123195     -0.00107977
    -0.000128379    -0.000160556
     -0.00142975     -0.00172907
     -0.00145376     -0.00176111
     -1.7292e-05    -3.39328e-05
     -3.0012e-05    -4.52458e-05
    -0.000125653    -0.000117472
     -0.00057585    -0.000446477
    -0.000284366    -0.000199108
     -3.1933e-05    -5.58775e-05
      -0.0012995     -0.00137571
    -0.000742887    -0.000721259
     -4.4249e-05    -6.19847e-05
    -0.000104438    -8.93255e-05
     -0.00139095     -0.00134177
     -3.1277e-05    -4.26117e-05
    -0.000392025    -0.000586265
    -0.000206245    -0.000223699
     -6.0938e-05    -5.54334e-05
    -0.000232513    -0.000267832
     -4.0244e-05    -3.74743e-05
    -0.000343535    -0.000291078
    -0.000590065    -0.000676716
    -0.000124936    -0.000123833
     -4.4376e-05    -2.91853e-05
    -0.000520203    -0.000618771
     -4.5865e-05     -4.1634e-05
     -7.2285e-05    -9.11469e-05
     -0.00110776      -0.0013275
      -8.286e-05     -0.00011071
     -9.4113e-05    -6.79541e-05
    -0.000279021    -0.000271188
    -0.000398066     -0.00038774
     -1.0774e-05    -2.18055e-05
    -0.000143076    -0.000181815
    -0.000579812    -0.000619228
     -8.4563e-05    -0.000131917
     -0.00164268     -0.00102809
     -9.5169e-05    -0.000159104
    -0.000109613    -8.37215e-05
     -3.1679e-05    -3.43708e-05
     -4.3544e-05    -6.42769e-05
    -0.000690263    -0.000613384
     -0.00192373     -0.00133542
     -0.00135823     -0.00181184
    -0.000168237    -0.000182257
     -2.7083e-05    -2.28336e-05
    -0.000242153     -0.00030563
     -2.5416e-05    -2.52652e-05
     -0.00035758    -0.000368066
    -0.000462705    -0.000377979
     -2.5066e-05    -4.89374e-05
      -1.356e-05    -1.71317e-05
    -0.000581244    -0.000789076
     -2.7476e-05    -2.83071e-05
     -0.00101664    -0.000907369
    -0.000466935    -0.000455577
     -3.7208e-05      -5.011e-05
    -0.000240699    -0.000345551
     -9.9361e-05    -0.000103947
     -0.00162068     -0.00100068
     -2.5097e-05    -2.99102e-05
     -0.00072914    -0.000796027
    -0.000146978    -0.000179837
     -1.9565e-05    -1.98042e-05
     -2.1972e-05    -3.96707e-05
    -0.000264962    -0.000344781
     -0.00216575     -0.00205891
    -0.000410384     -0.00040064
    -0.000688607    -0.000646254
    -0.000140642     -0.00013661
    -0.000773374    -0.000861609
     -2.9722e-05    -3.62899e-05
     -0.00091431    -0.000817981
    -0.000135171    -0.000136578
     -5.2819e-05    -8.30833e-05
     -0.00215919     -0.00171657
     -0.00034844    -0.000364022
     -0.00123807    -0.000969261
    -0.000315761    -0.000393388
    -0.000187654    -0.000197258
     -0.00169712     -0.00215389
     -9.8873e-05    -0.000133971
     -0.00183509     -0.00108061
     -0.00185358     -0.00199966
    -0.000712034     -0.00076753
     -1.9007e-05    -2.80744e-05
     -9.0571e-05    -0.000130193
    -0.000562695      -0.0006082
     -7.3635e-05    -9.14188e-05
    -0.000481584    -0.000268969
    -0.000473933    -0.000535476
     -1.4177e-05    -2.23008e-05
    -0.000521695    -0.000517382
     -0.00212039     -0.00211837
     -2.3918e-05    -4.17775e-05
    -0.000119704    -0.000151253
    -0.000398981    -0.000442451
    -0.000483048    -0.000408088
    -0.000404717    -0.000226596
     -3.2041e-05    -4.27417e-05
    -0.000230452    -0.000178982
    -0.000278671    -0.000442758
    -0.000247363     -0.00030638
    -0.000317422    -0.000407006
      -2.816e-05    -4.13946e-05
     -8.4147e-05    -0.000100858
     -0.00050604    -0.000501955
     -9.0826e-05    -0.000129349
     -2.6493e-05    -3.28677e-05
     -0.00028767     -0.00027863
    -0.000693051    -0.000618098
     -0.00118637     -0.00111327
    -0.000141415    -0.000190436
     -4.5233e-05    -7.95519e-05
    -0.000150368    -0.000171274
     -2.5323e-05    -3.65503e-05
     -0.00176912     -0.00165397
    -0.000184669    -0.000176522
     -0.00210835     -0.00231965
    -0.000179791    -0.000184354
     -6.9473e-05    -9.01629e-05
    -0.000143815    -0.000216495
    -0.000783912     -0.00098663
    -0.000935041    -0.000912347
    -0.000108287    -0.000109623
     -0.00217443     -0.00316791
     -1.2075e-05    -1.79768e-05
    -0.000192546    -0.000233491
     -2.2098e-05    -2.53318e-05
    -0.000151138    -0.000147536
     -0.00176828     -0.00152873
     -4.3296e-05    -6.34328e-05
    -0.000350586    -0.000362738
     -0.00106906     -0.00101855
    -0.000224145    -0.000200177
    -0.000720366    -0.000638842
      -5.114e-05    -9.11957e-05
      -0.0021403     -0.00193807
     -0.00280948     -0.00390663
     -6.8353e-05    -7.72413e-05
     -5.9031e-05    -6.77946e-05
     -3.1159e-05    -3.63159e-05
     -1.3584e-05    -1.67757e-05
    -0.000460651    -0.000479909
     -0.00017171    -0.000211708
     -1.4452e-05    -1.69565e-05
     -0.00132273     -0.00113314
     -0.00193169     -0.00200652
     -1.4952e-05    -1.36531e-05
     -8.4793e-05    -0.000127453
     -0.00132247     -0.00119659
     -0.00132624      -0.0012255
     -0.00118616     -0.00131272
     -3.1609e-05    -4.87878e-05
      -7.246e-05    -6.25881e-05
       -2.47e-05    -2.90312e-05
    -0.000117868    -0.000129869
    -0.000910409    -0.000813747
     -8.7066e-05    -0.000135623
    -0.000417533    -0.000352188
     -4.9174e-05    -7.89249e-05
    -0.000108471    -0.000125861
    -0.000535862    -0.000490163
    -0.000163585    -7.90052e-05
    -0.000938123    -0.000741581
     -0.00022548    -0.000182266
     -4.7264e-05    -5.45834e-05
     -0.00120793     -0.00100647
     -4.4992e-05    -6.74509e-05
     -9.2652e-05    -0.000107617
     -0.00103509    -0.000895504
    -0.000588993    -0.000620504
    -0.000584177    -0.000519761
     -0.00045414    -0.000431116
    -0.000856166    -0.000919349
    -0.000179839    -0.000138681
     -2.8624e-05    -4.51605e-05
    -0.000278811    -0.000240494
    -0.000143764    -0.000220624
     -1.9346e-05    -2.26468e-05
     -7.3856e-05    -5.83245e-05
     -2.6603e-05    -2.84093e-05
     -2.1056e-05    -2.25901e-05
    -0.000134776    -0.000129135
     -2.0924e-05    -3.63707e-05
     -0.00111494     -0.00101792
     -0.00166651     -0.00143279
     -1.4342e-05    -1.52334e-05
    -0.000145067    -0.000224585
    -0.000775741    -0.000682235
     -1.7513e-05    -2.35509e-05
     -1.2938e-05     -1.8992e-05
     -2.3069e-05    -3.24862e-05
     -0.00129757     -0.00111683
     -0.00200538     -0.00223687
    -0.000171503    -0.000187881
     -0.00013547    -0.000106796
    -0.000119128    -0.000150406
    -0.000110919    -0.000116605
    -0.000296345    -0.000258926
    -0.000265704    -0.000266456
     -0.00015188    -0.000212947
     -0.00152678     -0.00127896
     -8.6133e-05    -0.000105522
     -2.3971e-05    -2.61697e-05
    -0.000205183    -0.000262351
     -7.5724e-05    -5.53468e-05
    -0.000421106    -0.000473623
     -3.0874e-05    -4.72454e-05
     -0.00126945     -0.00069037
     -0.00068116    -0.000587918
    -0.000933471    -0.000862097
    -0.000461908    -0.000279989
    -0.000124804    -0.000179055
     -0.00103233    -0.000718541
    -0.000438982    -0.000292739
    -0.000589429    -0.000617698
    -0.000824651    -0.000992384
    -0.000273283    -0.000385889
      -3.504e-05    -4.42325e-05
    -0.000415725    -0.000307744
     -3.6674e-05    -2.81802e-05
    -0.000280482    -0.000285826
    -0.000800175    -0.000712691
    -0.000308397    -0.000321993
     -0.00067513    -0.000719469
     -2.1603e-05    -4.14022e-05
    -0.000137362    -0.000165349
     -6.9815e-05    -9.93763e-05
    -0.000118162    -0.000145287
    -0.000238859    -0.000205208
     -0.00093144    -0.000948223
     -0.00166271     -0.00162238
     -1.3583e-05    -2.70534e-05
      -1.981e-05     -3.4935e-05
     -0.00020613    -0.000294088
    -0.000288151    -0.000313511
    -0.000186363    -0.000206964
     -0.00049644    -0.000552991
    -0.000398606    -0.000393954
     -4.3453e-05    -6.87616e-05
     -9.4765e-05    -8.86947e-05
     -0.00159151     -0.00143485
     -9.0036e-05    -0.000126888
    -0.000264461    -0.000327882
       -1.34e-05    -2.30921e-05
     -6.8565e-05    -6.71503e-05
    -0.000124644    -0.000156721
     -0.00147879     -0.00121636
     -0.00163095     -0.00134528
    -0.000386075    -0.000455752
    -0.000997235    -0.000770535
      -1.103e-05    -1.25633e-05
     -5.0896e-05     -6.9978e-05
     -1.6881e-05    -2.63012e-05
    -0.000782284    -0.000733499
    -0.000414481     -0.00053371
     -2.4255e-05    -2.49104e-05
     -4.1169e-05    -2.90189e-05
     -3.5938e-05    -5.39093e-05
    -0.000107068    -0.000104254
     -0.00056867    -0.000478011
    -0.000624244    -0.000434032
    -0.000267338    -0.000309088
     -0.00271653     -0.00356493
    -0.000163622    -0.000138338
     -5.0408e-05    -5.41269e-05
    -0.000982265    -0.000912956
     -1.3887e-05    -1.88242e-05
    -0.000140772    -0.000158787
     -5.8732e-05    -5.51333e-05
     -9.8181e-05    -7.11712e-05
     -6.0959e-05    -7.28023e-05
     -0.00131825      -0.0013343
    -0.000724506    -0.000788853
     -1.6873e-05    -1.71697e-05
     -0.00169013     -0.00136048
     -4.9313e-05      -7.947e-05
     -9.1876e-05    -0.000127235
     -0.00161789    -0.000795252
    -0.000154492    -0.000118242
     -1.4043e-05    -1.14626e-05
     -0.00032007    -0.000262218
     -4.3832e-05    -8.17604e-05
    -0.000233157    -0.000235822
     -0.00174781     -0.00134263
    -0.000693729    -0.000680654
    -0.000435358    -0.000582615
    -0.000107207    -9.62421e-05
     -3.7301e-05    -3.64362e-05
     -5.5181e-05    -6.47922e-05
     -1.4357e-05    -1.67683e-05
     -5.9816e-05    -9.26942e-05
     -1.4665e-05    -1.75375e-05
     -1.1384e-05    -1.73315e-05
     -0.00105929     -0.00115973
     -3.3971e-05    -3.62965e-05
     -3.5951e-05    -5.89041e-05
      -0.0007031    -0.000668728
    -0.000140449    -0.000126386
     -0.00117527     -0.00101805
      -6.942e-05    -0.000108083
     -3.9196e-05    -5.48711e-05
    -0.000611173    -0.000557545
     -5.7565e-05    -8.73586e-05
       -6.28e-05    -0.000116496
    -0.000217981    -0.000209476
    -0.000456864    -0.000422061
     -1.0734e-05    -1.10471e-05
     -5.8313e-05    -5.42174e-05
     -0.00074185    -0.000671987
     -3.3778e-05    -4.02651e-05
     -3.2963e-05    -2.91343e-05
     -4.4523e-05    -3.86379e-05
     -4.1173e-05    -4.22518e-05
    -0.000231857    -0.000248477
    -0.000192467    -0.000285287
     -3.4306e-05    -2.13131e-05
     -0.00121195     -0.00111276
    -0.000272925     -0.00022741
     -3.3021e-05    -3.96007e-05
      -1.503e-05    -1.30399e-05
     -0.00151458     -0.00171255
    -0.000233303    -0.000255358
    -0.000261896    -0.000280322
     -4.2215e-05    -7.82275e-05
    -0.000165355    -0.000144154
    -0.000400452     -0.00027366
     -0.00115569     -0.00134943
    -0.000222797    -0.000250616
    -0.000148995    -0.000130847
    -0.000133189    -0.000149485
    -0.000142236    -0.000136048
    -0.000646933    -0.000595841
      -0.0021243     -0.00191701
     -1.1751e-05    -1.14228e-05
     -0.00177642     -0.00161851
       -0.000728    -0.000710223
     -2.1239e-05    -1.96824e-05
    -0.000367018    -0.000338266
      -1.521e-05    -1.82587e-05
     -9.7762e-05    -8.43714e-05
    -0.000339811    -0.000340835
    -0.000193745    -0.000199677
     -7.7637e-05    -4.30419e-05
      -4.095e-05    -5.66134e-05
     -0.00151648     -0.00113395
     -0.00207051     -0.00193184
     -5.3061e-05    -7.22116e-05
     -9.5081e-05    -0.000102174
     -0.00133613     -0.00100443
     -8.3642e-05    -0.000129253
    -0.000157428    -0.000102989
     -1.7007e-05     -2.7748e-05
     -2.3328e-05    -3.30757e-05
    -0.000484157    -0.000520173
    -0.000114069    -8.74396e-05
    -0.000579887    -0.000558509
     -1.7848e-05    -1.23398e-05
    -0.000245909    -0.000247357
    -0.000142979    -0.000127599
    -0.000326123    -0.000377687
    -0.000230213    -0.000129383
    -0.000289917    -0.000474084
    -0.000230989    -0.000204676
     -1.2905e-05    -2.13775e-05
     -4.5312e-05    -4.77128e-05
       -7.77e-05    -7.79955e-05
     -1.9487e-05    -3.16639e-05
    -0.000169948    -0.000150992
    -0.000285168    -0.000284926
     -0.00104675     -0.00114293
     -6.9118e-05    -4.70868e-05
    -0.000250498    -0.000281887
     -8.7912e-05    -0.000122701
    -0.000130536    -0.000170801
     -2.8829e-05    -4.72892e-05
     -0.00101239     -0.00125055
       -0.001154     -0.00113295
    -0.000484796    -0.000353709
     -4.6214e-05    -6.76493e-05
      -0.0001741    -0.000120561
     -8.1598e-05    -0.000106315
    -0.000460776    -0.000497413
     -0.00193504      -0.0017353
      -0.0014876     -0.00113373
    -0.000603128    -0.000537071
    -0.000114311    -8.46908e-05
    -0.000525149    -0.000629677
    -0.000298497    -0.000191935
     -5.5524e-05      -6.698e-05
    -0.000100221    -0.000120782
    -0.000669719    -0.000403799
    -0.000520044    -0.000578287
     -0.00057907    -0.000689642
    -0.000289305    -0.000222633
     -6.2297e-05    -7.09577e-05
    -0.000230694     -0.00024333
