QM Energy	FF Energy
    -0.000157364    -0.000122211
     -0.00119119     -0.00120898
     -0.00204172     -0.00185562
     -6.3659e-05    -4.47209e-05
     -0.00130126     -0.00143767
    -0.000116703    -0.000149391
     -6.6998e-05    -4.49254e-05
    -0.000320921     -0.00041853
     -8.9782e-05     -4.2767e-05
     -6.3435e-05    -4.53939e-05
    -0.000319549    -0.000409003
     -4.7334e-05     -4.2555e-05
    -0.000197101    -0.000123729
      -4.973e-05    -2.60795e-05
     -8.0689e-05    -0.000110954
     -5.9615e-05    -6.63601e-05
     -3.4777e-05    -2.19737e-05
     -3.4051e-05    -1.85999e-05
      -0.0010876    -0.000831672
    -0.000988987     -0.00128873
      -0.0007445    -0.000583169
     -1.9106e-05     -1.5847e-05
    -0.000272932    -0.000284879
     -0.00338914     -0.00248372
    -0.000399036    -0.000566876
     -9.7374e-05    -7.98628e-05
    -0.000710341    -0.000632139
     -0.00012749    -0.000179989
     -0.00267394     -0.00440112
     -0.00134697     -0.00167978
     -0.00278361     -0.00211234
     -6.6496e-05    -4.76266e-05
     -6.8813e-05    -4.05672e-05
    -0.000527179    -0.000802391
    -0.000126027    -7.01569e-05
    -0.000864279    -0.000525616
    -0.000857097    -0.000659955
    -0.000446591     -0.00043634
     -1.9067e-05    -2.59596e-05
    -0.000366713    -0.000224749
    -0.000456184    -0.000546639
    -0.000544888     -0.00043613
    -0.000677583    -0.000879081
    -0.000400563    -0.000377583
     -0.00127846     -0.00113727
     -7.7411e-05    -6.27816e-05
    -0.000291361    -0.000298418
     -3.2299e-05    -2.32779e-05
     -1.9679e-05    -1.79673e-05
     -2.7523e-05    -1.45474e-05
       -4.15e-05    -7.65144e-05
    -0.000157955    -0.000177661
    -0.000378272     -0.00039401
     -0.00299796     -0.00249205
    -0.000676322    -0.000971202
     -1.6578e-05    -1.43526e-05
     -7.8902e-05    -7.41119e-05
    -0.000651925    -0.000467515
     -0.00308106     -0.00249297
     -2.8594e-05    -1.83861e-05
     -0.00010885    -6.86666e-05
     -2.9782e-05    -3.82936e-05
    -0.000733475    -0.000890287
     -0.00209939     -0.00133178
     -2.6281e-05    -2.23927e-05
    -0.000804985    -0.000628497
    -0.000529347    -0.000465587
    -0.000129581    -0.000102331
     -1.1543e-05    -1.49045e-05
     -1.7325e-05    -1.42192e-05
    -0.000921163    -0.000556841
     -7.6738e-05    -8.35208e-05
     -0.00216378     -0.00200701
     -4.4322e-05    -4.64552e-05
     -0.00450888     -0.00416742
    -0.000377624    -0.000288355
     -6.3365e-05    -6.97102e-05
    -0.000399676    -0.000413852
     -0.00011847    -7.76526e-05
     -7.0017e-05    -4.90823e-05
     -0.00166986     -0.00209384
     -0.00103899    -0.000789772
     -0.00297417     -0.00254017
     -0.00119741     -0.00132803
     -4.4796e-05    -2.53014e-05
      -7.982e-06     -1.3869e-05
    -0.000167807    -0.000219417
    -0.000222281    -0.000295567
    -0.000989444    -0.000757595
     -0.00034723    -0.000346912
    -0.000964793    -0.000632973
     -5.6282e-05    -3.42147e-05
    -0.000221799    -0.000192336
    -0.000486158    -0.000711367
     -0.00125264     -0.00158593
    -0.000332734    -0.000321037
     -0.00105141     -0.00128939
     -0.00125256     -0.00154708
     -0.00140543     -0.00163413
     -4.6107e-05    -2.93164e-05
     -3.9043e-05    -2.18618e-05
    -0.000920808    -0.000699255
     -0.00120722     -0.00147188
     -0.00255197     -0.00216158
     -6.3192e-05    -5.09479e-05
     -0.00159883     -0.00185033
     -5.4846e-05    -3.33618e-05
      -2.322e-05    -1.21014e-05
     -7.0192e-05    -9.27684e-05
    -0.000233496    -0.000249908
     -3.2406e-05    -1.78244e-05
      -4.911e-05    -3.95474e-05
    -0.000176378    -9.56082e-05
     -2.9445e-05    -1.74458e-05
    -0.000232895    -0.000193247
    -0.000472769     -0.00028387
     -2.6492e-05    -2.84185e-05
     -2.4056e-05    -1.65434e-05
     -2.3144e-05    -1.64489e-05
     -0.00350094     -0.00295629
    -0.000182282    -0.000157137
     -0.00112423     -0.00122206
     -7.8229e-05      -0.0001137
     -3.5579e-05    -3.26445e-05
     -0.00296286     -0.00329821
     -0.00033346    -0.000426619
    -0.000318495    -0.000303547
    -0.000317038    -0.000420271
    -0.000571191    -0.000671549
     -0.00067277    -0.000746177
     -0.00058467    -0.000503766
    -0.000117059    -7.44258e-05
     -0.00020789    -0.000144549
    -0.000762089    -0.000663284
     -2.1223e-05    -3.24467e-05
    -0.000418653    -0.000270488
    -0.000458942     -0.00033239
    -0.000118529    -0.000130721
     -0.00167229     -0.00147735
    -0.000728685    -0.000495163
     -4.0555e-05    -3.77541e-05
     -5.6676e-05    -5.90659e-05
     -2.2317e-05     -1.4847e-05
     -2.3846e-05    -2.59291e-05
     -0.00124659    -0.000867675
    -0.000694355    -0.000500911
    -0.000905834    -0.000720022
    -0.000275371    -0.000271665
      -6.134e-05    -4.58462e-05
     -0.00069329    -0.000416612
     -0.00105913    -0.000621962
     -1.3349e-05    -1.14242e-05
     -4.3735e-05    -2.90332e-05
    -0.000190309    -0.000224904
    -0.000182415    -0.000209949
     -5.3343e-05    -4.58406e-05
      -0.0011496     -0.00118666
     -6.9179e-05    -4.94204e-05
    -0.000152254    -0.000134255
     -5.6202e-05    -4.97415e-05
     -3.1295e-05    -2.67934e-05
     -0.00201817     -0.00200814
     -0.00026069    -0.000388637
     -0.00199776     -0.00158228
     -0.00263845     -0.00187289
    -0.000275726    -0.000227854
     -0.00337341     -0.00247982
     -3.5432e-05    -2.61044e-05
     -4.6707e-05    -6.19613e-05
    -0.000452864    -0.000570269
     -0.00063449    -0.000413042
     -3.1957e-05    -2.87742e-05
     -8.3407e-05    -0.000105734
    -0.000231043    -0.000172112
    -0.000900794     -0.00107742
     -0.00132144     -0.00163214
    -0.000323458    -0.000426566
    -0.000424393    -0.000310847
     -3.3556e-05    -4.72032e-05
     -0.00051654    -0.000595858
    -0.000494863    -0.000511126
    -0.000355022    -0.000345447
     -2.1151e-05     -1.7139e-05
     -3.9673e-05     -4.8708e-05
    -0.000453189    -0.000347938
    -0.000735107    -0.000496927
    -0.000134506    -8.95871e-05
    -0.000125541    -0.000104696
    -0.000432093    -0.000342405
     -3.3304e-05    -2.50989e-05
     -5.1823e-05    -4.29314e-05
     -6.1151e-05    -5.70987e-05
    -0.000660656    -0.000927111
     -6.4197e-05    -5.16707e-05
     -0.00139824     -0.00121522
      -6.237e-05    -5.13001e-05
    -0.000609981    -0.000577497
      -8.986e-06    -1.47827e-05
     -2.6249e-05    -3.68285e-05
    -0.000284255    -0.000172296
     -0.00047181    -0.000554515
    -0.000160238    -0.000170753
    -0.000182415    -0.000113166
     -0.00165332     -0.00117033
     -2.2858e-05    -1.40607e-05
      -0.0014266     -0.00156265
    -0.000416805    -0.000500491
     -0.00250551     -0.00213087
     -0.00100176     -0.00118195
    -0.000175237    -0.000130489
     -2.3421e-05     -1.8189e-05
     -1.8857e-05    -2.34379e-05
     -4.2106e-05    -2.46424e-05
     -3.7739e-05    -2.28767e-05
      -7.784e-06    -1.27557e-05
       -2.31e-05    -1.88043e-05
    -0.000666009    -0.000903834
     -1.8762e-05    -1.60002e-05
     -0.00277517     -0.00295064
     -8.4494e-05    -4.59499e-05
     -7.1411e-05    -7.74478e-05
    -0.000805661    -0.000595981
    -0.000901315    -0.000676651
    -0.000973169     -0.00301398
    -0.000934164    -0.000962827
    -0.000111333    -7.00777e-05
    -0.000802877     -0.00104217
     -6.7773e-05    -4.79036e-05
    -0.000234431    -0.000232941
    -0.000880832     -0.00096097
     -7.6334e-05    -5.73792e-05
     -0.00140682    -0.000996023
     -0.00140148     -0.00132934
     -4.9563e-05    -4.15228e-05
     -4.0666e-05    -4.02774e-05
     -2.2692e-05     -1.9343e-05
     -3.8992e-05     -3.9144e-05
    -0.000152329     -0.00011696
     -4.6645e-05    -3.78315e-05
     -1.7689e-05    -1.32494e-05
     -0.00036454     -0.00042162
     -8.8292e-05    -5.84827e-05
    -0.000552626    -0.000406195
     -0.00255398     -0.00287669
     -6.2244e-05    -3.46621e-05
     -0.00217737     -0.00183747
     -3.4683e-05    -2.15051e-05
     -3.4995e-05    -2.37577e-05
     -2.9491e-05     -2.1406e-05
      -0.0013169    -0.000819074
     -0.00227198     -0.00140048
    -0.000294288    -0.000271745
    -0.000395945    -0.000260094
      -2.819e-05     -1.7752e-05
    -0.000783675    -0.000690757
    -0.000305287    -0.000222778
     -0.00114054      -0.0011812
    -0.000191421    -0.000227282
    -0.000780951     -0.00053437
    -0.000256267    -0.000287358
     -1.7207e-05    -1.52486e-05
      -4.386e-05    -4.98741e-05
     -0.00018545    -0.000132059
     -4.7842e-05    -3.70706e-05
    -0.000426599    -0.000270455
     -3.2828e-05    -1.81289e-05
     -0.00167584     -0.00175497
     -6.8359e-05    -7.07256e-05
      -0.0013732      -0.0010803
    -0.000391721     -0.00021533
    -0.000254181    -0.000192528
     -7.6407e-05    -4.73759e-05
     -0.00175629     -0.00254484
    -0.000228638    -0.000160518
     -0.00119886     -0.00085438
     -3.4198e-05    -2.30526e-05
     -2.2183e-05     -1.4263e-05
    -0.000781739    -0.000499228
     -4.5329e-05    -3.02888e-05
     -0.00213366     -0.00142639
     -0.00012958    -8.36017e-05
     -4.8104e-05    -2.85324e-05
      -0.0019515     -0.00275099
    -0.000943475    -0.000712946
    -0.000209697    -0.000184186
    -0.000427307    -0.000471543
    -0.000194949    -0.000185007
     -6.5897e-05    -5.22314e-05
    -0.000380694    -0.000223465
     -0.00123612    -0.000680826
      -0.0036237      -0.0032514
     -5.0208e-05    -3.21085e-05
     -8.4962e-05    -5.10235e-05
     -8.4338e-05    -0.000125818
     -0.00134378     -0.00115405
     -6.7156e-05     -7.1349e-05
     -0.00278765     -0.00283564
    -0.000516818    -0.000545136
     -0.00130214     -0.00123088
    -0.000436617    -0.000301771
     -0.00335009     -0.00336041
    -0.000685118     -0.00077581
     -0.00218598     -0.00226794
     -0.00110277     -0.00156373
     -3.6533e-05    -2.77351e-05
    -0.000181696    -0.000231936
    -0.000332926    -0.000382236
     -2.7509e-05    -1.65084e-05
     -6.5371e-05    -3.61348e-05
     -2.7653e-05    -2.15347e-05
    -0.000420343    -0.000471116
     -4.1573e-05    -3.40408e-05
    -0.000159151    -0.000203625
     -0.00162367     -0.00187772
     -0.00114827     -0.00110046
    -0.000248578    -0.000147361
     -4.4495e-05    -6.79499e-05
     -0.00038689    -0.000452941
     -0.00143503     -0.00122928
     -0.00138647     -0.00214695
     -2.3075e-05    -1.74837e-05
    -0.000668112    -0.000401316
    -0.000544394    -0.000443768
      -7.966e-05    -7.18004e-05
     -4.7447e-05    -6.18839e-05
     -2.1124e-05    -2.72752e-05
     -2.0353e-05    -3.58514e-05
     -0.00146398     -0.00121705
     -7.5411e-05    -4.68626e-05
    -0.000117773    -0.000126491
     -3.1182e-05    -2.71292e-05
     -0.00017093    -0.000111285
     -0.00131364      -0.0017101
      -7.331e-05    -5.49053e-05
     -0.00109969    -0.000736972
     -1.0745e-05     -1.7251e-05
     -0.00101181    -0.000724327
     -0.00285287     -0.00234169
    -0.000169549    -0.000172904
    -0.000134338    -7.63436e-05
     -0.00175566     -0.00174856
     -6.0058e-05    -8.51117e-05
     -0.00206431     -0.00194085
     -0.00246213     -0.00339932
    -0.000183876    -0.000221198
     -0.00051335    -0.000498779
    -0.000171096    -0.000192457
     -0.00162613     -0.00224875
     -0.00245869     -0.00180209
    -0.000113627    -6.37037e-05
    -0.000303715    -0.000227025
    -0.000495436    -0.000337972
     -8.8245e-05    -5.89705e-05
    -0.000358991    -0.000313217
    -0.000434948    -0.000595675
    -0.000464903    -0.000431359
    -0.000902962    -0.000931602
    -0.000162241    -0.000166973
    -0.000208701    -0.000191321
     -7.3309e-05    -4.42798e-05
      -7.763e-05    -4.50985e-05
    -0.000158821    -0.000139046
      -2.958e-05    -2.04086e-05
     -0.00270006     -0.00193007
    -0.000930696    -0.000818017
    -0.000108721    -0.000144512
     -2.7426e-05    -4.10404e-05
     -4.4621e-05    -3.76454e-05
    -0.000617952    -0.000724086
    -0.000842793     -0.00095631
     -3.1388e-05     -5.2875e-05
    -0.000229137    -0.000192562
    -0.000503592    -0.000568954
    -0.000142983    -9.33634e-05
     -0.00229002     -0.00221657
    -0.000848871    -0.000640715
     -4.0136e-05    -5.03367e-05
    -0.000596176    -0.000388274
     -4.1555e-05    -4.16231e-05
     -0.00309485     -0.00284973
     -2.2847e-05    -2.24865e-05
     -0.00302022     -0.00247649
    -0.000398185    -0.000231052
    -0.000136313     -0.00014819
     -4.8987e-05    -4.18111e-05
     -7.2356e-05    -5.86489e-05
     -0.00014444    -7.96115e-05
     -1.1253e-05    -2.11043e-05
     -0.00294691     -0.00331878
     -0.00020389    -0.000113072
    -0.000977436    -0.000590526
    -0.000714902    -0.000393547
    -0.000295457     -0.00039908
    -0.000560156    -0.000357139
    -0.000136788    -0.000139863
     -0.00280764     -0.00222801
     -1.8784e-05    -2.53548e-05
     -0.00172041     -0.00123864
     -2.8675e-05    -3.07713e-05
     -1.7949e-05    -1.99316e-05
     -0.00116753     -0.00139111
    -0.000530081    -0.000549776
     -2.0277e-05    -1.43127e-05
     -0.00164067      -0.0013823
    -0.000956413     -0.00111057
    -0.000237929    -0.000222202
    -0.000747388     -0.00053434
     -0.00012298    -7.02169e-05
     -8.5428e-05    -9.66676e-05
     -1.3413e-05    -1.70172e-05
    -0.000546647    -0.000330919
    -0.000141974    -0.000139775
     -0.00194521     -0.00180392
     -0.00222755     -0.00201021
    -0.000135352    -0.000163589
     -0.00308446     -0.00370324
     -0.00125553    -0.000867064
     -5.8354e-05    -6.90707e-05
    -0.000266467    -0.000327985
     -0.00119799      -0.0013212
     -2.7315e-05    -1.81733e-05
    -0.000586763    -0.000388811
     -6.7898e-05    -0.000104925
    -0.000165032    -0.000138103
     -7.8321e-05    -6.14537e-05
     -2.9234e-05    -3.21559e-05
     -0.00281265     -0.00216599
    -0.000244516    -0.000332636
       -0.000104    -0.000134096
     -0.00167559     -0.00172261
     -2.0376e-05    -2.10968e-05
    -0.000410876    -0.000316242
     -0.00123203     -0.00145803
    -0.000865632    -0.000532722
    -0.000187314    -0.000107065
     -0.00104809     -0.00134394
    -0.000174272    -0.000111792
     -6.0823e-05    -6.03865e-05
     -0.00332406     -0.00339877
      -0.0011304     -0.00169321
    -0.000441718    -0.000556737
     -0.00010386    -0.000140619
     -0.00228358     -0.00166665
    -0.000588769    -0.000525408
     -3.3175e-05    -2.99168e-05
    -0.000639735    -0.000798083
     -4.4403e-05    -2.55957e-05
    -0.000576598    -0.000334265
     -0.00212189     -0.00169941
      -0.0016201     -0.00201381
     -0.00183594     -0.00113023
      -0.0018635     -0.00114217
    -0.000192959     -0.00010033
     -0.00288522     -0.00217554
     -4.8626e-05    -3.89135e-05
     -0.00258406     -0.00173958
     -5.2265e-05    -6.19106e-05
    -0.000162211    -9.22204e-05
      -8.595e-06    -1.53604e-05
     -2.3478e-05     -3.2643e-05
    -0.000339774    -0.000221249
      -9.868e-05    -6.76441e-05
     -5.1917e-05    -5.40438e-05
    -0.000526985    -0.000610009
    -0.000471656    -0.000322661
    -0.000866359     -0.00112642
     -0.00100548     -0.00121256
     -4.6323e-05    -3.28585e-05
    -0.000137848    -0.000165495
     -2.8025e-05    -2.49493e-05
    -0.000538814    -0.000374666
     -2.8238e-05    -1.57437e-05
    -0.000186516    -0.000126037
    -0.000195285    -0.000194499
     -3.6926e-05    -2.09596e-05
    -0.000244841     -0.00027636
     -7.7142e-05    -5.60027e-05
    -0.000307532    -0.000391299
    -0.000547583    -0.000313804
     -0.00016387    -0.000111197
    -0.000951873    -0.000642909
    -0.000415213    -0.000382266
     -0.00102904    -0.000827705
    -0.000826491    -0.000902678
     -2.3205e-05    -2.54955e-05
    -0.000907951    -0.000685415
     -4.6987e-05    -2.55666e-05
    -0.000258436    -0.000243007
    -0.000351459    -0.000525524
     -7.8524e-05    -5.04818e-05
     -0.00127318     -0.00168346
     -2.1796e-05    -3.07915e-05
    -0.000103845    -0.000148138
     -4.4646e-05     -2.7572e-05
      -0.0013599     -0.00105071
      -7.435e-05    -5.63829e-05
     -7.3174e-05     -5.1143e-05
     -2.2771e-05    -3.18721e-05
     -5.6783e-05    -3.18472e-05
     -2.0636e-05    -2.60708e-05
     -5.9874e-05    -8.76634e-05
      -3.696e-05    -4.84174e-05
     -0.00237715     -0.00214791
     -0.00113185    -0.000777497
     -1.8513e-05    -2.27367e-05
    -0.000102384    -5.64094e-05
     -5.0801e-05    -6.66841e-05
     -4.4598e-05    -3.65213e-05
    -0.000733769    -0.000961476
    -0.000591087    -0.000503951
    -0.000192225    -0.000123917
    -0.000348776    -0.000292108
     -5.8511e-05     -3.5321e-05
     -6.3775e-05    -3.25608e-05
     -9.5676e-05    -0.000117389
     -0.00220861     -0.00141767
    -0.000474412    -0.000376612
     -6.2586e-05    -9.44107e-05
    -0.000514927    -0.000442808
     -0.00390515     -0.00288913
     -1.6346e-05    -2.32941e-05
     -0.00223531     -0.00258612
    -0.000225811    -0.000294945
     -6.4517e-05    -7.00642e-05
    -0.000406138      -0.0003571
     -0.00020667    -0.000139255
      -9.651e-05    -7.55108e-05
    -0.000101188    -5.87063e-05
    -0.000624819    -0.000741746
      -0.0002424    -0.000228539
    -0.000146378    -0.000132582
    -0.000282192    -0.000151819
     -0.00166131     -0.00110444
     -5.2111e-05    -4.77058e-05
    -0.000167277      -0.0001166
     -4.4067e-05    -2.42142e-05
    -0.000215631    -0.000232643
     -2.5167e-05    -2.61945e-05
    -0.000496576     -0.00055425
    -0.000385386    -0.000222098
     -0.00203052     -0.00179131
     -1.7726e-05    -1.64289e-05
    -0.000145064    -0.000110687
    -0.000306807    -0.000169972
     -6.7352e-05    -8.70061e-05
     -0.00156342     -0.00129189
     -0.00406793      -0.0031346
    -0.000218756    -0.000190764
    -0.000225774    -0.000144256
    -0.000241085     -0.00028266
    -0.000905797    -0.000755444
     -4.3828e-05    -4.16142e-05
     -0.00055947    -0.000711002
    -0.000451052    -0.000520348
     -0.00124467    -0.000922245
    -0.000110048    -8.99279e-05
     -3.5181e-05    -2.12498e-05
     -7.8321e-05    -8.98721e-05
    -0.000156707    -0.000147682
    -0.000415602    -0.000456877
    -0.000734474    -0.000928686
      -7.663e-05    -6.96691e-05
     -0.00405749      -0.0027038
     -6.5833e-05    -3.93482e-05
    -0.000326947     -0.00019997
     -3.1847e-05    -4.03446e-05
      -8.727e-06    -1.54459e-05
     -1.4478e-05    -2.10092e-05
     -4.4094e-05     -3.9965e-05
    -0.000836739     -0.00108444
    -0.000554444    -0.000436468
     -7.3285e-05    -0.000100276
     -0.00348692     -0.00294752
    -0.000285088    -0.000228487
     -5.2889e-05    -6.15068e-05
     -0.00405091     -0.00360636
     -3.4434e-05     -3.4121e-05
     -0.00183256     -0.00147468
    -0.000500613    -0.000330528
      -5.927e-05    -3.22283e-05
    -0.000350858    -0.000304867
     -1.8232e-05    -1.58871e-05
    -0.000169172    -0.000229643
     -3.8076e-05    -2.34186e-05
     -0.00132565    -0.000980834
     -4.3833e-05    -5.55045e-05
     -0.00185692     -0.00291726
     -6.2083e-05     -7.9241e-05
    -0.000387284    -0.000239343
     -3.5886e-05    -3.85377e-05
    -0.000230838    -0.000133539
      -2.038e-05    -1.34707e-05
    -0.000509965    -0.000347274
    -0.000191222    -0.000261112
     -2.9736e-05    -2.04594e-05
     -0.00100685    -0.000613838
     -8.6771e-05      -0.0001425
     -5.3755e-05    -5.00456e-05
     -3.3521e-05    -2.73921e-05
    -0.000164776    -0.000147411
      -8.134e-05    -9.38412e-05
     -0.00179067     -0.00213789
     -0.00183598     -0.00143276
     -2.6774e-05    -3.04409e-05
    -0.000201693    -0.000143104
     -4.9207e-05     -3.5606e-05
     -8.6718e-05    -8.84537e-05
     -0.00096522    -0.000787404
    -0.000206972    -0.000139051
     -6.4768e-05    -4.86227e-05
     -0.00118594     -0.00112919
     -1.7571e-05    -2.02294e-05
     -3.1698e-05    -1.72513e-05
     -4.6222e-05    -5.75321e-05
    -0.000489922    -0.000468049
    -0.000400013    -0.000245604
     -0.00178776     -0.00165556
    -0.000358332    -0.000307291
     -2.8813e-05    -2.93849e-05
     -2.5829e-05    -3.09161e-05
    -0.000430945    -0.000394699
    -0.000985748    -0.000692828
     -0.00126309    -0.000768291
    -0.000943718    -0.000670478
    -0.000647606     -0.00388976
     -6.8754e-05    -4.40279e-05
     -3.7118e-05    -1.79904e-05
     -6.4298e-05    -6.11603e-05
    -0.000414487    -0.000513862
     -0.00108404    -0.000848368
     -0.00127253    -0.000785467
      0.00261441     -0.00433064
     -0.00120412     -0.00123088
     -0.00067569    -0.000926173
    -0.000921374    -0.000648447
     -4.5608e-05    -6.87578e-05
    -0.000355765    -0.000294708
     -7.3576e-05    -4.07767e-05
     -0.00166704     -0.00160028
      -0.0011217    -0.000688465
     -0.00143605     -0.00157783
     -2.8175e-05    -3.24424e-05
     -3.8737e-05    -4.76487e-05
     -1.9499e-05     -1.6825e-05
     -2.9375e-05    -3.11961e-05
     -0.00112844    -0.000854721
    -0.000330215    -0.000468729
     -0.00212633     -0.00175599
     -0.00176939     -0.00198323
     -6.9759e-05    -4.43453e-05
     -0.00104584     -0.00108989
     -0.00152398    -0.000957486
    -0.000132189    -0.000124218
    -0.000773952    -0.000561882
     -0.00028267     -0.00038559
    -0.000276866     -0.00033354
     -7.2824e-05    -0.000111726
     -0.00148385     -0.00151535
    -0.000215229     -0.00030905
    -0.000574934    -0.000339227
    -0.000188988    -0.000109855
      -6.801e-06    -1.38252e-05
    -0.000358471    -0.000403921
     -2.8971e-05     -3.0093e-05
    -0.000736601    -0.000619338
     -2.7977e-05    -1.62219e-05
       -5.21e-05    -3.00594e-05
    -0.000328181     -0.00023888
      -2.397e-05    -1.53994e-05
    -0.000338962    -0.000466156
     -5.5935e-05    -7.62368e-05
     -2.4209e-05    -4.12076e-05
     -0.00104327     -0.00120998
     -2.5268e-05    -4.10679e-05
     -0.00086676    -0.000969488
     -0.00121073    -0.000826576
     -2.3096e-05    -2.60745e-05
     -9.4433e-05    -6.91176e-05
     -0.00016354    -0.000106617
    -0.000130812    -7.74428e-05
     -2.8405e-05     -1.7502e-05
    -0.000641108    -0.000400559
     -6.5873e-05    -7.20429e-05
    -0.000445754    -0.000404004
    -0.000176809    -0.000101236
    -0.000281828    -0.000217632
    -0.000596648    -0.000354692
    -0.000956748    -0.000582178
      -0.0024055     -0.00165864
     -8.1105e-05    -6.23583e-05
     -7.9194e-05    -6.44101e-05
    -0.000754542    -0.000981047
    -0.000227804    -0.000233562
    -0.000318964    -0.000194682
     -0.00022467     -0.00016372
    -0.000472205    -0.000474918
     -2.1853e-05     -2.8958e-05
    -0.000108015    -7.74896e-05
     -0.00255461     -0.00220634
     -1.4829e-05    -1.72779e-05
    -0.000693385    -0.000403765
     -0.00111587     -0.00127261
    -0.000573281    -0.000617945
    -0.000253296    -0.000163079
    -0.000454304    -0.000309214
     -0.00184577      -0.0011921
     -8.8769e-05    -5.34282e-05
     -2.4667e-05    -2.27591e-05
     -0.00201759     -0.00147037
     -5.3034e-05    -3.37301e-05
    -0.000118643    -0.000120701
     -6.7003e-05    -5.24251e-05
    -0.000174006    -0.000132204
     -7.7004e-05    -8.60246e-05
    -0.000158641    -0.000156787
     -0.00316504     -0.00210833
     -4.2043e-05    -7.05127e-05
     -1.6992e-05    -2.82555e-05
    -0.000758237    -0.000696147
     -4.1239e-05    -2.33105e-05
    -0.000596876    -0.000383195
     -0.00146597     -0.00161569
    -0.000162914    -0.000114124
     -8.6448e-05    -8.72083e-05
     -4.6609e-05    -2.83171e-05
     -1.1005e-05    -1.52868e-05
    -0.000119839    -0.000102284
     -0.00123523    -0.000965696
    -0.000385707    -0.000461084
     -8.8514e-05    -0.000103069
     -1.7171e-05    -1.60251e-05
    -0.000989832     -0.00120962
    -0.000169518    -0.000205777
     -6.6843e-05      -0.0001023
    -0.000124495    -0.000185242
     -0.00211828     -0.00186969
    -0.000995251     -0.00103692
     -3.0334e-05     -4.0212e-05
    -0.000536448    -0.000299833
     -0.00366693      -0.0027116
     -0.00025697    -0.000148477
    -0.000542389    -0.000366655
    -0.000237161     -0.00027738
    -0.000117836    -0.000149489
     -0.00140028     -0.00136015
    -0.000277233    -0.000156084
     -9.0847e-05    -0.000117746
    -0.000113806    -0.000140654
     -0.00440933     -0.00329342
     -2.0688e-05    -2.49704e-05
    -0.000305261    -0.000415536
    -0.000668455    -0.000377155
    -0.000102608    -7.24504e-05
     -0.00115224     -0.00122032
    -0.000343855    -0.000210395
    -0.000477309    -0.000399638
     -2.8823e-05    -4.97086e-05
    -0.000280257    -0.000227046
      -1.976e-05     -1.4184e-05
    -0.000623821    -0.000546495
     -0.00123225     -0.00173172
     -2.8046e-05    -2.86833e-05
    -0.000179229    -0.000100114
     -2.8807e-05    -1.71779e-05
     -5.5665e-05    -5.95757e-05
    -0.000893431    -0.000497173
    -0.000233427    -0.000145846
     -0.00048824    -0.000532826
     -1.5973e-05    -2.37897e-05
     -0.00173837      -0.0013335
     -5.6317e-05    -7.33673e-05
    -0.000182871    -0.000203667
     -7.9849e-05    -6.59534e-05
     -1.3719e-05    -1.66458e-05
     -0.00158363     -0.00168043
    -0.000234895    -0.000352203
    -0.000222688    -0.000143331
     -1.3744e-05    -9.89515e-06
     -7.0959e-05    -8.42982e-05
    -0.000478564    -0.000279406
    -0.000121089    -7.81067e-05
    -0.000132826     -7.0889e-05
    -0.000107595    -7.52492e-05
     -1.7753e-05     -1.3787e-05
     -0.00106771    -0.000673247
    -0.000349976    -0.000283662
    -0.000281144    -0.000259446
     -0.00020371    -0.000236472
     -0.00211341     -0.00164903
    -0.000367401    -0.000346693
     -0.00025014    -0.000240947
     -7.2636e-05    -5.12037e-05
     -0.00014203     -9.0004e-05
    -0.000735094     -0.00305928
    -0.000505994    -0.000367362
     -0.00102862    -0.000732302
     -0.00044284    -0.000434809
     -3.2811e-05    -3.98729e-05
     -5.2679e-05       -3.41e-05
     -0.00160804    -0.000995998
      -0.0016474     -0.00186776
    -0.000539533    -0.000534856
    -0.000255923    -0.000184528
      -1.556e-05    -1.17926e-05
     -0.00076048     -0.00102512
      -0.0014913     -0.00158659
     -5.5844e-05    -5.69356e-05
     -0.00240097      -0.0017014
    -0.000303016     -0.00038183
     -1.2375e-05    -1.74217e-05
    -0.000463462    -0.000522471
     -6.2207e-05    -4.83403e-05
    -0.000681357    -0.000439529
    -0.000414343    -0.000482166
     -0.00100526    -0.000974018
     -6.5176e-05    -0.000102967
     -3.0608e-05    -1.57483e-05
    -0.000208527    -0.000128711
     -0.00229797     -0.00170037
     -3.2723e-05     -2.3006e-05
     -0.00100139    -0.000608419
     -4.6031e-05    -3.80878e-05
     -4.5928e-05    -5.41171e-05
     -7.6882e-05    -5.04139e-05
    -0.000432645    -0.000442769
    -0.000421013    -0.000294691
     -9.6521e-05    -8.72078e-05
    -0.000154158    -9.98151e-05
      -8.203e-05    -7.37004e-05
     -0.00021322    -0.000181911
    -0.000743463    -0.000903693
    -0.000915391    -0.000938691
     -0.00227418     -0.00178182
     -3.5262e-05    -3.92935e-05
    -0.000123454    -0.000109448
    -0.000962409     -0.00124348
    -0.000367134    -0.000215136
     -7.5581e-05     -0.00010937
    -0.000563037    -0.000423835
      -2.287e-05    -2.94768e-05
     -6.6545e-05    -6.31043e-05
     -0.00034096    -0.000416157
     -0.00160081     -0.00133465
    -0.000252254    -0.000206395
    -0.000519565    -0.000487779
     -5.6297e-05    -5.06162e-05
    -0.000571725    -0.000708393
     -3.1713e-05    -3.69257e-05
     -4.1244e-05    -3.46492e-05
    -0.000300511    -0.000317502
     -0.00148868    -0.000894201
    -0.000915083    -0.000551159
     -0.00247632      -0.0020677
    -0.000157414     -0.00014176
     -4.0852e-05    -4.70387e-05
    -0.000119001    -0.000119829
     -6.2021e-05    -7.36909e-05
     -7.2839e-05    -0.000115695
     -6.8786e-05    -4.12426e-05
     -0.00237125     -0.00151285
    -0.000454878    -0.000387561
     -0.00129413     -0.00149307
     -0.00265586     -0.00207531
     -0.00210724      -0.0019832
     -3.2551e-05    -2.08871e-05
     -0.00134849     -0.00124217
       -0.001268     -0.00116815
    -0.000231924    -0.000132335
    -0.000105869    -6.08261e-05
    -0.000121449    -0.000173332
     -3.1388e-05    -1.79811e-05
     -0.00182153     -0.00178688
     -4.9872e-05    -2.83531e-05
    -0.000885913    -0.000615262
    -0.000399804    -0.000224621
     -6.9267e-05    -4.83677e-05
     -0.00175171     -0.00212274
     -0.00258881     -0.00190472
     -3.0281e-05    -2.00093e-05
     -0.00226387     -0.00201247
    -0.000127754    -0.000157036
    -0.000299019    -0.000254678
    -0.000188709    -0.000172042
     -0.00213222     -0.00236757
    -0.000224609    -0.000185615
     -0.00122364     -0.00129351
    -0.000150054    -0.000120062
    -0.000338069    -0.000265553
    -0.000242131    -0.000308756
     -0.00341536     -0.00351126
     -3.2086e-05    -3.49918e-05
     -0.00292547     -0.00294773
     -0.00237696     -0.00166885
      -0.0004655    -0.000288606
    -0.000365926    -0.000379417
     -0.00174122     -0.00166753
    -0.000567483    -0.000699912
    -0.000159388    -0.000206931
     -2.2255e-05     -1.3057e-05
    -0.000916178     -0.00082026
    -0.000853613     -0.00100218
     -6.4235e-05    -7.75357e-05
     -0.00145354     -0.00114405
    -0.000135348    -0.000164157
      -0.0014801     -0.00132033
     -0.00386195     -0.00315102
    -0.000627649       -0.000429
    -0.000611067     -0.00087904
    -0.000795305     -0.00103529
    -0.000876781     -0.00111935
    -0.000132934    -9.10084e-05
    -0.000130249    -0.000143087
     -0.00226897     -0.00175552
     -0.00170752     -0.00171915
    -0.000311923    -0.000263638
     -0.00356577     -0.00213678
    -0.000111292    -9.87863e-05
    -0.000155673    -9.35987e-05
     -0.00181894     -0.00111251
     -0.00025904    -0.000283162
     -0.00158523     -0.00429094
    -0.000270969    -0.000385892
     -0.00352431     -0.00356995
       -0.000478    -0.000267182
     -0.00101603    -0.000660255
    -0.000188595     -0.00027863
     -3.0127e-05    -1.93731e-05
     -2.0481e-05    -1.77764e-05
     -3.6887e-05    -4.61816e-05
    -0.000491813    -0.000458417
     -2.4247e-05    -3.90868e-05
     -0.00116793    -0.000960645
    -0.000135132    -0.000113243
     -7.6423e-05     -7.1734e-05
    -0.000827034    -0.000991777
    -0.000345187    -0.000369701
     -6.8638e-05    -4.73798e-05
    -0.000253306    -0.000179516
     -1.3216e-05    -1.63595e-05
    -0.000470168    -0.000390452
     -0.00165774       -0.002171
    -0.000475404    -0.000539572
     -9.2151e-05    -6.58568e-05
     -5.0473e-05    -3.07356e-05
     -1.9174e-05    -2.28488e-05
    -0.000174093    -0.000101547
     -7.2763e-05    -4.33974e-05
     -0.00231527     -0.00158285
      -6.902e-05    -8.07803e-05
    -0.000194642    -0.000196429
      -0.0001438     -0.00014264
     -2.7012e-05    -3.73335e-05
    -0.000834255    -0.000671744
     -8.7287e-05    -0.000128128
    -0.000779514     -0.00061537
      -7.785e-05     -5.0741e-05
     -2.3924e-05    -1.50162e-05
     -0.00170984     -0.00143581
     -0.00056518    -0.000344818
     -2.5356e-05    -3.13159e-05
    -0.000103585    -5.91132e-05
      -6.105e-05    -4.36229e-05
    -0.000747527    -0.000500573
     -3.9519e-05     -4.8712e-05
    -0.000713155    -0.000595683
    -0.000520802    -0.000593377
      -0.0013317    -0.000938958
     -6.1634e-05    -8.79954e-05
    -0.000902106     -0.00108063
    -0.000928771     -0.00101443
     -3.5844e-05    -2.29427e-05
    -0.000191865    -0.000131337
    -0.000141455    -0.000164812
     -0.00113654    -0.000748406
    -0.000939366    -0.000557964
    -0.000776849    -0.000433821
     -6.4967e-05    -7.25194e-05
     -3.5909e-05    -4.51833e-05
    -0.000424264    -0.000249221
    -0.000155058    -8.57596e-05
     -1.7845e-05    -1.03547e-05
    -0.000142243    -0.000197571
     -3.0649e-05    -2.43385e-05
     -0.00059543    -0.000417669
    -0.000309286    -0.000244466
     -0.00211001     -0.00226222
     -6.1249e-05    -4.54058e-05
     -0.00024519    -0.000334501
     -0.00038271    -0.000487245
      -3.536e-05    -1.78734e-05
    -0.000152415    -0.000120652
     -0.00055984    -0.000432265
    -0.000238632    -0.000138515
     -0.00219528     -0.00187131
    -0.000103928    -6.51528e-05
      -2.889e-05    -2.53663e-05
    -0.000818849    -0.000592273
