QM Energy	FF Energy
      0.00195248      0.00190662
       0.0244757       0.0237849
       0.0220156       0.0205179
     0.000799695     0.000801679
       0.0170411       0.0180226
      0.00194407      0.00178026
     0.000719033     0.000820825
      0.00504827      0.00553474
     0.000808929     0.000628517
      0.00098397     0.000965389
       0.0035864      0.00308963
     0.000693698     0.000711257
      0.00231777      0.00224316
     0.000480855     0.000349859
      0.00132054      0.00120116
      0.00088824     0.000759287
     0.000522291     0.000508657
     0.000420778     0.000411944
      0.00993273      0.00972044
       0.0147082        0.014249
      0.00906427       0.0091318
     0.000250642     0.000265753
      0.00357876      0.00363567
       0.0409091       0.0386532
      0.00573173      0.00501761
      0.00119774      0.00114938
      0.00829414      0.00826245
      0.00209475      0.00204423
       0.0560295       0.0571785
       0.0195227       0.0188079
       0.0299863       0.0293721
     0.000851836      0.00097885
     0.000751733     0.000598023
      0.00898194      0.00889776
      0.00117526      0.00130401
      0.00839567      0.00872407
      0.00943633      0.00946929
      0.00623187       0.0065829
     0.000315681     0.000192895
       0.0038715      0.00317916
      0.00623352      0.00611404
      0.00619567      0.00562121
      0.00790626      0.00802254
      0.00473574      0.00379327
       0.0163412       0.0157285
     0.000988458     0.000980237
      0.00417407      0.00438686
     0.000427339     0.000426281
     0.000270581     0.000288571
     0.000310509     0.000266172
     0.000901032     0.000935095
      0.00241384      0.00258805
      0.00498444      0.00490548
        0.038338       0.0367741
       0.0104105       0.0100363
     0.000225354     0.000264018
     0.000961073     0.000890646
       0.0075457      0.00758214
       0.0453233       0.0442252
     0.000343876     0.000377069
      0.00119226      0.00122823
      0.00048745     0.000672703
       0.0102889      0.00985951
        0.022781        0.022365
     0.000376315     0.000454552
       0.0105862        0.010287
      0.00676563      0.00694813
      0.00138773      0.00121989
       0.0002185     0.000235842
     0.000255006     0.000305366
      0.00944224      0.00849819
      0.00104718     0.000776275
       0.0260517       0.0264597
     0.000605548     0.000608988
        0.066932       0.0665748
      0.00421895      0.00461557
     0.000979505      0.00112666
      0.00500533      0.00436286
      0.00117138      0.00136476
     0.000847809     0.000747784
       0.0231065       0.0283283
       0.0157379       0.0149822
       0.0346638       0.0345036
       0.0176834        0.017718
     0.000426534     0.000334847
     0.000178086     0.000152789
      0.00227742      0.00258812
      0.00275182      0.00209876
      0.00934203       0.0085761
      0.00404151      0.00326673
       0.0105894       0.0104368
     0.000612533     0.000483236
      0.00291785      0.00274619
      0.00754788      0.00833786
       0.0162493       0.0189841
      0.00450969      0.00461779
        0.012958       0.0140466
       0.0174942       0.0185049
       0.0208496       0.0240189
      0.00050521      0.00057255
     0.000393356     0.000448472
       0.0103179        0.010605
       0.0160086       0.0183182
       0.0327905        0.030806
     0.000795683     0.000688024
       0.0216319       0.0220195
     0.000595094     0.000487679
     0.000253754     0.000248202
      0.00100131      0.00069729
      0.00294756      0.00265448
     0.000373181     0.000382373
     0.000641257     0.000696823
       0.0018142      0.00189521
     0.000319379      0.00034272
      0.00285677      0.00295752
       0.0054835      0.00526576
     0.000378988     0.000384178
     0.000300384     0.000254785
     0.000269196     0.000286486
       0.0467771         0.05094
      0.00246552      0.00293292
       0.0150215       0.0149223
       0.0013233      0.00143325
     0.000536054     0.000601567
       0.0448839       0.0478593
      0.00503523      0.00481465
      0.00406955      0.00445734
      0.00386499      0.00369942
      0.00782213      0.00877814
      0.00869535      0.00880248
      0.00662394      0.00754726
      0.00150651      0.00163735
      0.00232783      0.00214408
      0.00807317      0.00729435
      0.00040431     0.000486938
      0.00444322       0.0044759
      0.00534325      0.00521129
      0.00177707      0.00180652
       0.0188397       0.0171564
      0.00808473        0.007698
     0.000576791     0.000498037
     0.000783336     0.000643331
     0.000331074     0.000333798
     0.000379584      0.00045436
       0.0139789       0.0126418
      0.00750742      0.00792813
       0.0142594       0.0135844
      0.00311842      0.00297198
     0.000955128     0.000982593
      0.00699269      0.00573518
       0.0104414       0.0104237
     0.000185337     0.000215983
     0.000567558     0.000576566
      0.00286692      0.00266861
      0.00270401      0.00323467
     0.000633294     0.000603164
         0.01348       0.0124801
     0.000805775     0.000734195
      0.00192354      0.00175106
      0.00082244      0.00095364
     0.000392176     0.000360902
       0.0327929       0.0308303
        0.004123       0.0045335
       0.0186079       0.0189005
       0.0338625       0.0330184
      0.00356717      0.00387262
        0.039382       0.0378081
     0.000616165      0.00061969
     0.000795838     0.000909512
      0.00677117      0.00728446
      0.00669227      0.00656313
     0.000405684     0.000425562
      0.00121258     0.000889138
      0.00285173      0.00292153
       0.0109756       0.0114397
        0.017917       0.0202484
      0.00489305      0.00529533
      0.00631056       0.0061589
     0.000591604     0.000751698
      0.00599663      0.00516486
      0.00680399      0.00733173
      0.00457427      0.00473136
     0.000294229     0.000296548
     0.000613371     0.000769931
      0.00536688      0.00508798
      0.00782534      0.00751271
      0.00148863      0.00183896
      0.00146629       0.0016799
      0.00561163      0.00543431
     0.000417217     0.000322177
     0.000708136     0.000702216
     0.000824448      0.00098806
       0.0109151       0.0111436
     0.000841613     0.000857033
       0.0178069       0.0182029
     0.000800519     0.000604788
      0.00762655      0.00823632
     0.000186627      0.00016435
     0.000442267     0.000313152
      0.00287199       0.0028288
      0.00628836      0.00593111
      0.00223678      0.00232457
      0.00246112      0.00245001
       0.0139625       0.0132911
     0.000244674      0.00027653
       0.0198975       0.0213684
      0.00521952      0.00460605
       0.0311139       0.0337304
       0.0122432       0.0110625
      0.00202192      0.00233161
     0.000294959     0.000269786
     0.000326091     0.000275178
     0.000473826     0.000452693
     0.000422676     0.000493298
     0.000172613     0.000168842
     0.000314032     0.000271482
      0.00939648      0.00993454
     0.000251056     0.000296471
       0.0523242        0.051187
     0.000883814     0.000831424
      0.00101195     0.000777628
       0.0092586      0.00895241
      0.00971004      0.00989829
         0.05882        0.056848
       0.0187311       0.0174425
      0.00117094      0.00126451
      0.00996915      0.00909862
     0.000817974     0.000854478
      0.00309396      0.00362049
       0.0104667       0.0105314
     0.000875546       0.0010332
       0.0152276       0.0157416
       0.0172049       0.0177116
     0.000558158     0.000550107
     0.000576794     0.000692917
     0.000332165     0.000371472
     0.000557057     0.000635056
      0.00174719      0.00191669
     0.000553538     0.000548334
     0.000205437     0.000261195
      0.00440327      0.00415844
     0.000947383     0.000957813
      0.00743324      0.00744876
       0.0370828       0.0391663
     0.000669451     0.000701742
       0.0249353       0.0236712
     0.000369096      0.00030529
     0.000408928     0.000419177
     0.000356179     0.000328196
       0.0142981       0.0130348
       0.0253891       0.0257677
      0.00361453      0.00347002
      0.00443783       0.0038202
     0.000308614     0.000358923
       0.0145594       0.0139685
      0.00301461      0.00274295
        0.013716       0.0130366
      0.00282017      0.00336531
      0.00836534      0.00751201
      0.00383214      0.00396956
     0.000251824     0.000226552
     0.000639358     0.000823446
      0.00229758      0.00218791
     0.000648017     0.000661005
      0.00413866      0.00399473
     0.000383629     0.000315847
       0.0222767       0.0221892
      0.00104168      0.00107049
       0.0132814       0.0146766
      0.00366104      0.00281923
      0.00291919      0.00278613
     0.000958576     0.000881375
       0.0288951       0.0296418
      0.00344295      0.00330359
       0.0125371       0.0129322
     0.000427735     0.000385941
       0.0003082     0.000315608
      0.00811169       0.0084304
      0.00049635     0.000572713
       0.0260339       0.0250879
       0.0014047      0.00131747
     0.000531272     0.000555348
       0.0472764       0.0449927
       0.0103375       0.0100341
      0.00258255      0.00202158
      0.00580498      0.00649537
      0.00259994      0.00294044
       0.0007639     0.000781322
       0.0045211      0.00458135
       0.0113309       0.0114503
       0.0517599       0.0512451
     0.000552551     0.000614217
     0.000910581     0.000718838
      0.00142405      0.00160625
       0.0142803       0.0133956
     0.000936064      0.00112818
       0.0508811       0.0502924
      0.00697613      0.00721915
       0.0162115       0.0159206
      0.00496786      0.00435038
       0.0471638       0.0469942
      0.00804983      0.00731839
       0.0269754       0.0267972
       0.0165137       0.0159941
     0.000409755     0.000360132
      0.00252377      0.00214275
      0.00410704       0.0038159
     0.000354224     0.000317965
       0.0007236     0.000584016
     0.000356933      0.00034637
      0.00548126      0.00638591
     0.000545533     0.000466634
      0.00253792      0.00279004
       0.0219461       0.0216259
       0.0137741       0.0124408
      0.00285273       0.0027836
     0.000791082      0.00107259
      0.00495925      0.00428298
       0.0166777       0.0175542
        0.024976       0.0252362
     0.000296059     0.000271088
      0.00659275      0.00650398
      0.00610036      0.00619802
      0.00110174      0.00101323
     0.000826073     0.000957571
     0.000346632     0.000321145
     0.000439622     0.000422659
       0.0186235       0.0179064
     0.000846748     0.000816674
      0.00167089      0.00168251
     0.000438389     0.000455432
      0.00188964      0.00192935
       0.0196244       0.0194545
     0.000816765      0.00100178
       0.0111498       0.0105641
     0.000214109     0.000210635
       0.0117615       0.0111847
       0.0343003       0.0334136
      0.00256248      0.00310885
      0.00140465      0.00143351
        0.026674       0.0285033
      0.00105271      0.00113425
       0.0297457       0.0322521
       0.0602593       0.0608496
      0.00295184      0.00307557
      0.00660687      0.00584929
      0.00252772      0.00276408
       0.0273181        0.027915
       0.0253798       0.0216078
       0.0013157      0.00128945
      0.00327776      0.00339379
      0.00708697       0.0066996
     0.000951112     0.000961449
      0.00458959      0.00567626
      0.00653951         0.00709
      0.00575465      0.00500288
        0.012386       0.0122984
      0.00201624      0.00165387
      0.00229902      0.00219184
     0.000818127     0.000737104
     0.000883231      0.00080755
      0.00201324      0.00184066
     0.000490417     0.000483056
       0.0318929       0.0324157
       0.0124604       0.0132654
      0.00168151      0.00175772
       0.0004937     0.000590329
     0.000521274     0.000515965
      0.00753829      0.00791917
       0.0122724       0.0131118
     0.000610267     0.000525733
      0.00274914      0.00301119
       0.0061062      0.00552573
      0.00158555      0.00143412
       0.0399677       0.0375579
      0.00862631      0.00802501
     0.000650847      0.00069531
      0.00587866      0.00620532
     0.000542174     0.000482204
       0.0437469       0.0438807
     0.000326803     0.000396855
       0.0442328        0.042262
      0.00379552      0.00319779
      0.00180026      0.00137765
     0.000617241     0.000647249
     0.000957134      0.00110521
      0.00155218       0.0015588
     0.000257884     0.000263516
       0.0592193       0.0562521
      0.00193882      0.00206876
        0.010073      0.00938745
      0.00720065      0.00729075
      0.00399435      0.00350209
      0.00558704      0.00531205
      0.00170204      0.00133428
         0.03114       0.0270607
     0.000342451     0.000377989
       0.0157511       0.0144182
     0.000427552     0.000304302
     0.000270999     0.000210516
       0.0164888       0.0184623
      0.00628813      0.00628845
     0.000241616     0.000275228
       0.0150913       0.0154697
        0.011372       0.0104571
      0.00309101      0.00299538
       0.0089975      0.00922468
      0.00138086      0.00139761
      0.00114092     0.000895485
     0.000234481     0.000229787
      0.00603434      0.00566461
      0.00175052      0.00159039
       0.0258048       0.0260084
       0.0301626       0.0297998
      0.00186884       0.0019311
       0.0655945       0.0624756
       0.0126512       0.0117496
     0.000883902     0.000956624
      0.00378203      0.00361493
       0.0140338       0.0150494
     0.000309352     0.000263817
      0.00710584      0.00731331
       0.0012721       0.0011862
      0.00204015       0.0023181
     0.000987008     0.000971443
     0.000418788     0.000375576
       0.0336356       0.0314912
      0.00379647      0.00379608
      0.00135218      0.00093994
       0.0210275       0.0225806
     0.000301354      0.00020756
      0.00485774        0.004394
       0.0168009       0.0165315
      0.00966026      0.00899946
       0.0019793      0.00203785
        0.014732       0.0150168
      0.00214507      0.00243324
     0.000866078     0.000736032
       0.0485897       0.0516464
       0.0346828       0.0330236
      0.00500854      0.00471257
      0.00161231      0.00154919
       0.0207238       0.0196047
      0.00697256      0.00717836
     0.000467414     0.000365509
      0.00993812       0.0114108
      0.00048046     0.000411116
      0.00578536      0.00603367
       0.0266147       0.0236079
       0.0234656       0.0276352
       0.0188207        0.018215
       0.0197424       0.0201518
      0.00176257      0.00124741
       0.0327425       0.0321696
     0.000626769     0.000538246
       0.0257495       0.0268713
     0.000796187     0.000644862
      0.00153209      0.00172529
     0.000196729      0.00018913
     0.000393706     0.000320041
       0.0037051      0.00332605
      0.00123326      0.00117848
     0.000772892     0.000598247
      0.00654154      0.00583707
      0.00527983      0.00486051
       0.0126401       0.0136756
       0.0128921       0.0126936
     0.000788359      0.00075309
      0.00205569      0.00241168
     0.000367888      0.00038231
      0.00591999      0.00617857
     0.000308531     0.000321187
      0.00205571      0.00190807
      0.00256263       0.0020903
     0.000490927     0.000490398
      0.00361714      0.00363339
      0.00109501      0.00121676
      0.00347434      0.00298922
      0.00479443      0.00426659
      0.00219559       0.0023216
      0.00926256      0.00840449
      0.00504861      0.00545159
       0.0153298       0.0165924
       0.0096812      0.00891541
     0.000336738     0.000427939
      0.00935234       0.0105159
     0.000539499     0.000508554
      0.00329329      0.00343426
      0.00596703      0.00594734
     0.000894397     0.000899452
         0.01681       0.0164232
     0.000393765     0.000363632
      0.00163131      0.00126794
     0.000525196      0.00052701
       0.0134167       0.0119584
      0.00093482      0.00101499
     0.000724702     0.000624173
     0.000378673     0.000429555
     0.000690771     0.000721903
     0.000327081     0.000196459
      0.00105976     0.000968094
     0.000661639     0.000668518
       0.0285036       0.0293289
       0.0116366       0.0101117
     0.000294957     0.000187134
      0.00108516     0.000980977
     0.000757939     0.000508867
     0.000884261     0.000808666
        0.010321      0.00992906
      0.00647169      0.00653477
      0.00216993      0.00226824
      0.00448664      0.00476922
     0.000721191     0.000750506
     0.000653259     0.000557132
      0.00131121      0.00127512
       0.0217665       0.0216157
      0.00532898      0.00460589
      0.00112997      0.00117488
      0.00620812      0.00640121
       0.0456906       0.0445622
     0.000290063     0.000217426
       0.0366737       0.0373184
      0.00351513      0.00347415
     0.000876235     0.000707388
      0.00467668      0.00506185
      0.00245742      0.00238741
      0.00116361      0.00129889
       0.0012552      0.00116337
      0.00773986      0.00700448
      0.00300744      0.00272664
       0.0017476      0.00134483
      0.00263567      0.00276309
       0.0212311       0.0209535
     0.000702904     0.000663274
      0.00250498      0.00241774
      0.00051655     0.000458277
      0.00262046        0.002381
     0.000381765     0.000371535
       0.0056701      0.00466273
      0.00400691      0.00389824
       0.0239417       0.0223274
     0.000256412     0.000272018
      0.00168777      0.00157843
      0.00346248      0.00350843
      0.00109044     0.000912527
       0.0188534        0.017756
        0.053135       0.0510423
      0.00285931      0.00255603
      0.00228906      0.00189991
      0.00342539       0.0031943
       0.0106752       0.0111327
     0.000627155     0.000692146
      0.00670111      0.00710735
      0.00659695       0.0072704
        0.017102       0.0170917
      0.00164516      0.00172225
     0.000378408     0.000356436
      0.00121418      0.00125826
      0.00209592      0.00227243
      0.00485712      0.00411084
      0.00769615      0.00711491
      0.00101213     0.000738503
       0.0438406       0.0426356
      0.00083705     0.000831706
      0.00391805      0.00389877
     0.000539687     0.000539037
     0.000186944     0.000215552
     0.000275417     0.000239769
     0.000594602     0.000636891
       0.0108116       0.0127605
       0.0058643      0.00581124
      0.00109567      0.00117448
        0.041092       0.0387483
      0.00344198      0.00321231
     0.000777542     0.000631002
       0.0612469       0.0611328
     0.000478571     0.000500757
       0.0169025       0.0159476
      0.00525962      0.00516309
     0.000573955     0.000621993
      0.00397223      0.00465115
     0.000252063      0.00029569
      0.00243501      0.00203384
     0.000510634     0.000515893
       0.0147442       0.0150804
     0.000727402     0.000690514
        0.055039       0.0522024
     0.000847923     0.000633401
      0.00381437      0.00348176
     0.000554454     0.000676838
      0.00238087      0.00258947
     0.000230496     0.000272196
       0.0054181      0.00554828
      0.00303519      0.00282181
      0.00035713     0.000385754
      0.00981516      0.00935696
      0.00159792      0.00169619
      0.00074401     0.000659092
     0.000476911     0.000507062
      0.00206638      0.00174315
        0.001112      0.00103311
       0.0256561       0.0266489
       0.0240262       0.0238708
     0.000390939     0.000423835
      0.00264896      0.00273673
     0.000633054      0.00064887
      0.00116843     0.000976585
       0.0109328       0.0115484
      0.00242561      0.00217544
     0.000859256     0.000843644
       0.0138997       0.0134601
     0.000280555     0.000279635
     0.000338463     0.000308731
     0.000769011     0.000690222
      0.00608788      0.00665883
      0.00456922      0.00443365
       0.0177655       0.0172226
      0.00379098      0.00352117
      0.00038655     0.000401501
     0.000396995     0.000316142
      0.00514497       0.0051022
       0.0114555       0.0115679
       0.0118675       0.0127096
       0.0105791       0.0106619
       0.0734957       0.0685166
     0.000779956     0.000847225
     0.000367499     0.000263232
     0.000866032     0.000943244
      0.00548395      0.00597169
       0.0166985       0.0159787
       0.0149537       0.0145678
       0.0873061       0.0806328
       0.0158326       0.0145428
      0.00944798      0.00871302
       0.0112126       0.0111061
     0.000879428     0.000833037
      0.00376011      0.00319292
     0.000717557     0.000748363
       0.0183863       0.0184965
       0.0132813       0.0125164
       0.0176265         0.01972
     0.000463323      0.00047055
     0.000593068     0.000414909
     0.000264541     0.000284564
     0.000440902     0.000353205
       0.0117506       0.0106442
      0.00491723      0.00467932
       0.0248834       0.0245516
       0.0361487       0.0344418
     0.000764367     0.000830317
        0.012738       0.0140615
       0.0149451       0.0148393
      0.00173205      0.00187788
      0.00983111      0.00957621
       0.0035927      0.00292806
      0.00412351       0.0036701
      0.00123824      0.00122665
       0.0273134       0.0265843
      0.00326313      0.00305295
      0.00593471      0.00585528
      0.00187707      0.00162849
     0.000175579     0.000180694
      0.00454858      0.00405809
     0.000415458     0.000422316
      0.00888327      0.00903224
     0.000271284     0.000210667
     0.000645951     0.000573981
      0.00441917      0.00452488
     0.000282613       0.0002219
      0.00523939      0.00498789
     0.000868688     0.000704669
     0.000503829     0.000481381
       0.0119206        0.012006
     0.000506553     0.000566647
       0.0103798       0.0108662
       0.0116527       0.0102769
     0.000363811     0.000400149
      0.00111028     0.000918572
      0.00167913      0.00143734
      0.00128741      0.00134503
     0.000331125     0.000313123
      0.00625682      0.00544285
     0.000934975     0.000725486
      0.00599943      0.00665593
      0.00171571      0.00135429
      0.00322141      0.00364141
      0.00644475      0.00607428
      0.00977076       0.0101327
       0.0302719       0.0286379
      0.00104979     0.000955924
      0.00107734       0.0011419
      0.00954931      0.00889179
      0.00288856      0.00218932
      0.00340849      0.00292714
      0.00245116      0.00201862
      0.00578683      0.00582521
     0.000367913     0.000369606
      0.00124594      0.00115917
       0.0343933       0.0334061
     0.000247137     0.000166948
      0.00688104      0.00674095
       0.0129978       0.0125801
      0.00750518      0.00886967
      0.00250766       0.0019807
      0.00494122      0.00458002
       0.0191697       0.0177527
     0.000878638     0.000697403
     0.000350522     0.000340225
       0.0242853       0.0228274
     0.000592917     0.000592779
      0.00155238       0.0014984
     0.000835908     0.000740861
      0.00184347      0.00178126
       0.0010975      0.00085929
      0.00223363      0.00212065
       0.0357488       0.0354701
      0.00081674     0.000896957
      0.00034442     0.000354695
      0.00845372      0.00828956
      0.00047487     0.000473078
       0.0060185      0.00540276
       0.0187135       0.0179295
      0.00177723      0.00178651
      0.00121606      0.00100031
     0.000545904     0.000588509
     0.000206188     0.000251068
      0.00153971      0.00136716
       0.0140978       0.0130994
      0.00518973      0.00566749
      0.00129711      0.00105471
     0.000225035     0.000209741
       0.0153928        0.018629
      0.00224001      0.00169618
      0.00121058      0.00141439
      0.00207007      0.00228478
       0.0227109       0.0253729
       0.0136113       0.0141479
     0.000533005     0.000478115
      0.00570797      0.00561601
       0.0431942       0.0429357
       0.0026231      0.00267304
      0.00565345      0.00493031
      0.00336014      0.00405597
      0.00147128      0.00105588
       0.0200037       0.0202208
      0.00264862      0.00263213
      0.00128559     0.000977962
      0.00165096      0.00191854
       0.0553674        0.055652
     0.000327729     0.000340769
      0.00382366      0.00311685
      0.00687264      0.00643602
       0.0013078      0.00131893
       0.0142765       0.0146342
      0.00387341      0.00413434
       0.0052059      0.00469188
     0.000587605     0.000605939
      0.00346416      0.00357696
     0.000235511     0.000229979
      0.00620417      0.00596575
       0.0180717       0.0188344
     0.000427345      0.00041622
      0.00180934      0.00182153
     0.000329746     0.000283419
     0.000768498     0.000870998
      0.00806587      0.00839304
      0.00307326      0.00311973
         0.00601      0.00634088
     0.000312022     0.000327788
        0.020428       0.0224516
     0.000779332     0.000492092
      0.00248648      0.00217974
      0.00110446       0.0011908
     0.000226274     0.000171657
       0.0214525       0.0234255
      0.00420416      0.00450116
      0.00253613      0.00225991
     0.000186112      0.00021217
      0.00107037      0.00129598
      0.00507006       0.0048502
      0.00158806      0.00159801
      0.00143721      0.00139121
      0.00116617       0.0013363
     0.000206806      0.00018315
       0.0093135      0.00887005
      0.00406351      0.00413251
      0.00350197      0.00291627
      0.00285336      0.00230532
       0.0239034       0.0268209
      0.00425705      0.00379959
      0.00342477      0.00369783
     0.000897705     0.000949911
       0.0015805      0.00134526
        0.059622       0.0566113
      0.00617384      0.00641016
      0.00907637      0.00847229
      0.00553591      0.00640132
      0.00046894     0.000354251
     0.000529349     0.000442076
       0.0174076       0.0172619
       0.0330579       0.0318105
      0.00670065      0.00631128
      0.00375989      0.00371095
     0.000277499     0.000275673
      0.00994364      0.00935954
       0.0205645       0.0201131
     0.000753077     0.000575242
       0.0216926       0.0217465
      0.00409287      0.00418028
     0.000225501     0.000202891
      0.00636618       0.0071217
     0.000777138     0.000754429
      0.00666391      0.00730435
      0.00479715      0.00426507
       0.0110677      0.00972523
      0.00119328      0.00121714
     0.000321665     0.000236631
      0.00221093      0.00223734
        0.023444       0.0215704
     0.000384175     0.000336599
       0.0111846       0.0111371
      0.00055993     0.000579146
     0.000709643     0.000668732
     0.000958329      0.00096833
      0.00571059      0.00640358
       0.0039875      0.00385646
      0.00129126      0.00122549
       0.0016968      0.00196297
       0.0011218      0.00110718
      0.00254886      0.00208163
      0.00853982      0.00751829
       0.0117403       0.0137024
       0.0267088        0.026785
      0.00057247     0.000640577
      0.00163333      0.00178687
       0.0100758      0.00946562
      0.00329105      0.00313459
      0.00121624     0.000931522
      0.00542202      0.00470332
     0.000408492     0.000407058
     0.000854874      0.00114531
       0.0047734      0.00424349
        0.017137       0.0160603
      0.00252053      0.00229949
      0.00683052      0.00698921
      0.00080425     0.000922245
      0.00780161      0.00908739
     0.000495572     0.000531109
     0.000486376     0.000640226
      0.00363343      0.00373318
       0.0157462        0.015909
       0.0111394       0.0112082
       0.0297202       0.0289152
      0.00196545      0.00151077
     0.000600648     0.000533446
       0.0015384      0.00156395
        0.000949     0.000725895
      0.00130817      0.00139168
     0.000763698     0.000896534
       0.0229958       0.0235641
      0.00521845      0.00545812
       0.0173418       0.0180351
       0.0310996       0.0298801
       0.0275182       0.0299232
     0.000337863     0.000401707
       0.0170665       0.0195589
       0.0172165       0.0183168
      0.00273811      0.00273848
      0.00117109     0.000968339
      0.00190718      0.00172679
     0.000350714     0.000355621
       0.0188786       0.0177079
     0.000548029     0.000630504
       0.0123166       0.0117802
      0.00372787      0.00341125
     0.000839553     0.000975917
       0.0270399       0.0260496
       0.0281279       0.0265943
     0.000328024     0.000251572
       0.0262561          0.0257
      0.00189671      0.00215626
      0.00412168      0.00398469
      0.00232391      0.00245607
       0.0297321       0.0286623
      0.00301017      0.00340084
       0.0143183        0.012661
      0.00175176      0.00195878
      0.00408147      0.00399607
      0.00349475      0.00354864
       0.0515596       0.0513964
     0.000447319     0.000446255
       0.0393465       0.0434538
       0.0256287       0.0254037
      0.00474752      0.00516518
       0.0048329      0.00496581
       0.0267197       0.0271184
      0.00627871       0.0056126
      0.00206232      0.00183824
     0.000260467     0.000290978
       0.0103311       0.0105634
       0.0101153      0.00981272
     0.000970822     0.000865396
       0.0170284       0.0174701
       0.0017326       0.0012732
       0.0170165       0.0170911
       0.0526352       0.0520446
       0.0071883      0.00644924
      0.00945439      0.00900069
         0.01046      0.00980343
       0.0125527         0.01286
      0.00146984      0.00128935
       0.0018954      0.00176486
       0.0273529        0.027402
       0.0213645       0.0216459
      0.00397237      0.00377203
        0.034349       0.0343274
      0.00150249      0.00145766
      0.00146115      0.00133956
       0.0190663       0.0189578
      0.00366205      0.00385087
       0.0777095       0.0733392
      0.00411428      0.00374133
       0.0610397       0.0582134
      0.00503922      0.00494814
       0.0109391       0.0108766
      0.00319489      0.00290203
     0.000366796     0.000403869
     0.000274152     0.000205538
     0.000580065     0.000537356
      0.00601473      0.00585125
     0.000470592     0.000567603
       0.0128278       0.0126549
      0.00176665      0.00207918
     0.000966763      0.00101857
       0.0119014       0.0122232
      0.00455177      0.00489623
     0.000795485     0.000844853
      0.00303538      0.00309072
     0.000217914     0.000140605
      0.00591816      0.00599531
       0.0232421       0.0246102
      0.00670461      0.00657284
      0.00122405        0.001328
     0.000599611     0.000515029
     0.000303089     0.000183073
      0.00175836      0.00137277
     0.000782445     0.000733267
       0.0230725       0.0226106
      0.00101839      0.00100264
      0.00250956       0.0022584
       0.0020774      0.00225915
     0.000434957      0.00027757
      0.00792577      0.00782028
       0.0014254      0.00124676
      0.00846324       0.0086682
      0.00087696     0.000739616
       0.0002626     0.000213975
       0.0221294       0.0215817
      0.00565781      0.00468934
      0.00039957     0.000480339
      0.00112202       0.0010739
     0.000714452     0.000776943
      0.00812955      0.00770178
     0.000583876      0.00036707
      0.00827133      0.00899771
      0.00702779       0.0074998
       0.0148906       0.0142658
      0.00108944      0.00126645
       0.0128338       0.0128832
       0.0105787       0.0100126
     0.000462748     0.000486319
      0.00265147      0.00265661
      0.00206771      0.00259438
       0.0145187       0.0139878
       0.0093124      0.00938103
      0.00810769      0.00743734
     0.000921713     0.000667323
     0.000533883     0.000331213
      0.00446922      0.00396964
      0.00153244      0.00112269
     0.000172253     0.000143927
      0.00218408      0.00222107
     0.000384677     0.000472015
      0.00810979       0.0084035
      0.00361931      0.00430494
       0.0273015       0.0269897
     0.000765106     0.000865172
      0.00338168      0.00357635
      0.00418111      0.00346998
     0.000382394     0.000325301
      0.00154824      0.00138136
      0.00665351      0.00651932
      0.00273435      0.00274014
       0.0273244       0.0276971
      0.00113684      0.00115134
     0.000385996     0.000301997
      0.00825802      0.00826225
