QM Energy	FF Energy
     0.000249119      0.00109234
      0.00155781      0.00338897
     -2.6005e-05     0.000422884
      0.00533964      0.00520846
     -0.00251536     -0.00159527
      0.00216633      0.00197684
       0.0137491       0.0153883
      0.00283905      0.00311556
    -0.000582523     -0.00017393
      -0.0011154     -0.00157573
     -0.00122153    -0.000329082
     -0.00108859     -0.00081229
      0.00116893      0.00133094
    -0.000397636     0.000134819
     -3.8744e-05     0.000400071
     -0.00171268     -0.00126214
       0.0168684       0.0169925
    -0.000605386    -0.000236274
     0.000714493      0.00323341
     0.000647145     0.000330727
      0.00912485       0.0100051
    -0.000562649    -0.000648952
      4.5342e-05     0.000438728
    -0.000138938     0.000168872
     -0.00118626     -0.00136809
      0.00164483     0.000868227
      0.00858137      0.00895345
     -0.00051747      0.00039167
     0.000205734      0.00263073
     -0.00166382    -0.000301533
     -0.00210563     -0.00226548
      0.00127955     0.000525307
     0.000286251     0.000718023
    -0.000743036    -0.000939129
      0.00463068      0.00335652
      0.00571904      0.00725988
      0.00412958      0.00197004
    -0.000412482     0.000624512
     -0.00138288     -0.00145303
    -0.000991186     -0.00121837
      0.00405237       0.0041592
    -0.000281143     0.000471427
      0.00432336      0.00558883
       -0.001305     -0.00129485
     -0.00146557     -0.00165711
    -0.000714338     0.000182884
         0.01761       0.0148572
     -0.00129348    -0.000464413
     -0.00107055    -4.83821e-05
     0.000417123     0.000627866
     -0.00145345     -0.00117459
       0.0030477      0.00453192
      0.00255412       0.0031894
     -0.00136662     -0.00164238
     0.000960197      0.00251945
     -0.00242428     -0.00211499
      -0.0015305     -0.00196729
      0.00359893      0.00569652
     -0.00203544     -0.00181984
     -0.00165523    -0.000266775
     -0.00150035     -0.00179844
    -0.000900163    -0.000809472
     -0.00106124     -0.00148317
    -0.000405111     0.000232654
      0.00418832      0.00774507
     -0.00157392     -0.00136203
    -0.000929277    -0.000620731
      -0.0015819     -0.00168116
    -0.000712321      0.00229748
    -0.000517483    -2.93057e-05
      0.00130194     0.000991354
     -0.00162245     -0.00153226
      -0.0030234     -0.00314667
     -0.00203132     -0.00249502
    -0.000456532      0.00217485
    -0.000875486     -0.00108281
     -0.00140812     -0.00131052
      -0.0020205      -0.0025287
     -0.00123537     -0.00156726
    -0.000420853    -0.000489104
    -0.000341116    -5.66995e-05
     -0.00108181     -0.00147912
    -0.000976564    -0.000484382
      0.00187964      0.00178884
      0.00208182      0.00184458
     0.000568844      0.00103668
    -0.000911111    -0.000565555
     -0.00154169     -0.00119933
      0.00684694      0.00755104
       0.0135566       0.0151011
     -0.00120623      -0.0018214
      0.00665324      0.00683546
     -0.00113593     -0.00149568
     -0.00104167     -0.00116601
    -0.000453375     0.000222951
    -0.000562883    -9.72634e-05
     0.000742771      0.00196389
     -0.00141943      -0.0012006
      7.7228e-05     0.000437348
     -0.00168373    -0.000586152
      -0.0004077    -0.000658871
    -0.000918524     -0.00112956
      0.00290867      0.00353784
       0.0045533      0.00347285
     -0.00153802     -0.00131086
    -0.000187992    -2.71489e-05
     -0.00136495    -0.000979237
    -0.000694824      0.00103083
     -3.0893e-05     0.000660656
    -0.000745665    -0.000517258
    -0.000396693     0.000472053
      0.00550039      0.00541889
     -0.00205917     -0.00208927
    -0.000367337    -6.28726e-05
     -0.00146465     -0.00163625
     -0.00129124     -0.00131023
      0.00428703      0.00333708
     0.000661169      0.00042784
    -0.000513021    -9.45764e-07
     0.000724121       0.0031962
     -0.00146156     -0.00166594
     -0.00164794     -0.00200258
     -0.00141598     -0.00155123
     0.000213182     0.000448416
     -0.00089328    -0.000590887
    -0.000423901    -2.54108e-05
    -0.000653933    -0.000735902
    -0.000306609    -0.000450226
     0.000117753       5.625e-05
     -0.00139174     -0.00203296
     0.000485101     0.000932086
     0.000992089      0.00302759
      0.00146852      0.00148527
     0.000194093     0.000195503
       0.0139469       0.0178334
     -0.00181941     -0.00228153
     -0.00122215     -0.00180227
     -0.00112451     -0.00106863
       0.0034294      0.00165545
    -0.000315554     0.000453728
     -0.00121756     -0.00115691
      0.00845855       0.0118539
      0.00269578     0.000851202
     -0.00125174     -0.00151942
     -0.00150749      -0.0020158
     -0.00108209    -0.000824438
       0.0163437       0.0144366
     0.000837513     0.000514842
      0.00327581      0.00784359
     -0.00148277      -0.0014444
     -0.00149342     -0.00191757
      0.00216688      0.00206268
      -0.0015434      -0.0017518
     -0.00140473     -0.00156263
      0.00281486      0.00366008
      0.00527854      0.00399703
      -0.0012381    -0.000699331
      0.00149683      0.00054322
     -0.00309527     -0.00306093
      0.00377985      0.00439367
      0.00158348      0.00137371
     -0.00161023     -0.00109934
    -0.000902016     -0.00118091
     -0.00127104    -0.000889947
     -0.00126118      -0.0016584
    -0.000524339    -9.38133e-05
       0.0027678      0.00248175
     -0.00168685     -0.00120119
      0.00601762       0.0101822
     -0.00151157    -0.000460776
     0.000751734     0.000272932
     -0.00149604    -0.000985864
     -0.00173998     -0.00171863
      0.00107212       0.0014038
     -0.00031787      0.00178876
    -0.000534957     0.000245726
     -0.00129616     -0.00120896
      0.00335873       0.0049177
      0.00564755      0.00811909
    -0.000194044     0.000128409
    -0.000860414    -0.000468739
       0.0018749      0.00526907
     -0.00165667     -0.00186137
      0.00343315      0.00333398
    -0.000384245    -9.70334e-05
     0.000399727     0.000155441
      0.00620587      0.00515897
      0.00217411      0.00442627
     -0.00252039     -0.00260981
     -0.00162564     -0.00182062
      -0.0011071      -0.0011698
     -0.00152387     -0.00207654
      -0.0010791    -0.000572299
      0.00215136      0.00410337
       0.0036747      0.00258513
      6.1239e-05     0.000380529
     -0.00139586     -0.00140898
     -0.00112597     -0.00178819
      0.00619497       0.0103051
      0.00793683       0.0139743
      0.00110555      0.00193568
     -0.00157796     -0.00106617
     -0.00115177     -0.00145612
    -0.000334261     0.000239381
      0.00257511      0.00218343
      -0.0012208      -0.0012995
     -0.00150023     -0.00212353
     -0.00122012     -0.00108751
     -0.00145123     -0.00153345
     -0.00022241     0.000251255
     -0.00169302     -0.00230406
     -0.00121663     -0.00110498
      0.00270314      0.00571607
    -0.000748483    -0.000557412
    -0.000884419    -0.000508307
     -0.00213592     -0.00240817
    -0.000519534    -0.000793398
      0.00413835      0.00495049
    -0.000745144     -0.00138285
     0.000502572     0.000119635
    -0.000778817    -0.000749343
     0.000826796     0.000653289
     -0.00175141     -0.00158578
     -0.00159319     -0.00183405
      0.00139041      0.00141897
     -0.00125199     -0.00117602
     -0.00106236     -0.00105515
     -0.00171418     -0.00136038
      -0.0017998     -0.00225803
     -0.00148616     -0.00113128
      0.00128015      0.00145158
     -0.00026859     5.82549e-05
    -0.000665052    -0.000473541
      0.00131078      0.00292424
    -0.000208936     5.57811e-05
      0.00208498      0.00296543
     -0.00166385     -0.00218818
      0.00647421      0.00386016
      0.00947138      0.00761082
     -0.00175421     -0.00249833
     -9.3675e-05    -0.000272134
      -0.0017508     -0.00191482
      0.00329551      0.00468846
     0.000978827      0.00245328
      1.6405e-05     -0.00059471
    -0.000358126     0.000304602
     -0.00193122     -0.00233002
       0.0002553    -0.000589327
    -0.000769318     0.000433809
     -0.00144396     -0.00187567
    -0.000327103    -0.000181598
    -0.000804729    -0.000252563
      0.00222552      0.00300133
    -0.000561525    -2.63633e-06
       -0.001828    -9.91794e-05
    -0.000827731    -0.000147191
       0.0175856       0.0134093
    -0.000846835     0.000375636
     -0.00149848      -0.0010609
     -0.00165797     -0.00134708
    -0.000168629      -7.515e-05
    -0.000564662     1.98832e-05
      0.00803683      0.00637736
     -0.00280806     -0.00287931
     -0.00197006     -0.00210005
    -0.000878547      0.00049797
      0.00568444      0.00801997
      0.00134598      0.00115932
     -0.00184044     -0.00188877
    -0.000612589    -5.69065e-05
     -0.00117705    -0.000332405
    -0.000783071     -4.3803e-05
      0.00361339      0.00366027
    -0.000236926       0.0017169
    -0.000828598    -0.000125199
     -0.00156423     -0.00178711
     -0.00126015      -0.0010325
     -0.00145818     -0.00172746
     -0.00135594     -0.00158198
    -0.000691771    -0.000876254
     -0.00151188     -0.00192083
     -0.00147408     -0.00118436
      0.00864221      0.00859865
     0.000745519      0.00094821
        -0.00131    -0.000827757
    -0.000602173    -0.000593605
       0.0198345       0.0161577
        0.018236       0.0171254
    -0.000852358    -0.000266351
    -0.000297504     0.000122917
     0.000313449     0.000658972
    -0.000330988     0.000364241
     0.000455717      0.00155454
     -0.00115675     -0.00149433
     -0.00146331    -0.000232693
     -0.00188103     -0.00199132
    -0.000849828     -0.00065965
     0.000972697     0.000853435
     0.000550495    -0.000452642
      0.00371117      0.00286325
      8.5896e-05       0.0017254
     -8.7434e-05     -0.00037433
     -0.00164748     -0.00218021
     -0.00152269     -0.00193774
      0.00369367      0.00394277
     -0.00102846    -0.000789204
    -0.000149638       0.0002129
    -0.000755563     -0.00105434
     -0.00279373     -0.00251844
    -0.000434881     -0.00056291
       0.0153574       0.0126185
    -0.000902726     -0.00145727
     0.000415314     0.000940628
      1.1657e-05     0.000352583
    -0.000383551     4.15505e-05
    -0.000498465     0.000723595
      0.00193667      0.00176684
       0.0150146       0.0195789
     -0.00307595     -0.00292772
     -0.00146272      -0.0018372
    -0.000176944     0.000947662
     -0.00194099     -0.00198864
      3.4476e-05     0.000994491
       0.0153245       0.0168192
     -0.00196232     -0.00263269
     -0.00159686     -0.00179238
     -0.00115413     -0.00122564
      -0.0014835     -0.00188656
      0.00434025      0.00561732
     -0.00164668     -0.00170706
     0.000816757     0.000350763
    -0.000380834    -7.33819e-05
    -0.000219707     0.000545145
    -0.000902375     0.000446484
      -0.0014042     -0.00166327
    -0.000919967       -0.001186
    -0.000909108    -0.000627857
    -0.000674282      0.00249692
     -0.00265533     -0.00243839
      -0.0018432     -0.00165466
      0.00680048       0.0044887
    -0.000846812    -0.000477164
     -0.00176735     -0.00226144
     -0.00114897    -0.000899672
     -0.00128318     -0.00142981
     -0.00106919      -0.0007413
     -0.00219808      -0.0024566
      0.00476338      0.00434824
       0.0107778      0.00947665
     -0.00143328     -0.00163139
     -0.00201784     -0.00209644
     -0.00164183     -0.00148575
     -0.00075053     0.000139035
     -5.5468e-05       0.0015657
     -0.00206349     -0.00207179
     -0.00146721     -0.00167627
       0.0126785       0.0128254
    -0.000849866     -0.00101769
    -0.000868213     -0.00138611
      0.00206591      0.00454413
     -0.00172419     -0.00190789
     -0.00219393     -0.00241561
     -0.00124126     -0.00101571
      0.00398567      0.00391663
     0.000488237     0.000314742
     -8.8621e-05     0.000396367
     -0.00101627     -0.00138683
       0.0199427       0.0145373
       0.0106084      0.00962018
     -0.00138189     -0.00147515
    -0.000492662     0.000906588
     0.000106809     0.000442473
      0.00184523      0.00139533
     -0.00101837     -0.00112626
      0.00591814      0.00606927
     -0.00164591     -0.00125479
      0.00296308      0.00357965
    -0.000158495     0.000292203
      0.00103428     0.000339501
      -0.0010569    -0.000997389
     0.000617196    -0.000192091
    -0.000623771     0.000126833
       0.0287495       0.0294444
      0.00926856      0.00967942
      0.00630458       0.0048373
     -0.00113006    -0.000565556
      0.00323015      0.00506602
     -0.00179741     -0.00114407
      0.00377402      0.00807816
     -0.00169755     -0.00182807
     -0.00197402     -0.00251666
       0.0105575       0.0107513
     -0.00115556     -0.00148925
     0.000420589     0.000593428
       0.0074289      0.00716767
     -0.00158958     -0.00187935
      0.00989647       0.0105191
     -0.00100476     -0.00087922
    -0.000618026    -0.000385348
     0.000513887    -0.000310552
    -0.000865743     -0.00105987
    -0.000397748      0.00125316
    -0.000591873    -0.000547483
      6.6908e-05     -0.00113571
     -0.00124234     -0.00119907
      0.00054424      0.00225725
     -0.00107603    -0.000987176
        0.011276      0.00829392
       0.0139899       0.0197726
      0.00163463       0.0019301
      0.00527301      0.00507842
    -0.000311516     0.000621495
    -0.000693304    -0.000565579
       0.0114086       0.0163608
     0.000303742      0.00112728
    -0.000527348    -0.000249366
     -0.00141445     -0.00196982
    -0.000212764     0.000337756
    -0.000496892     0.000107455
     -0.00142209     -0.00127116
    -0.000401828    -2.18466e-05
    -0.000852022     -0.00123789
     -0.00138434      -0.0013948
    -0.000185817      0.00053032
     -0.00105428    -0.000904318
      0.00151208      0.00115232
     -0.00147616     -0.00135517
    -0.000588499     0.000624179
    -0.000502275      0.00197999
     -0.00122376     -0.00131529
    -0.000864358    -0.000501733
      0.00258221      0.00105882
     -0.00136899     -0.00163515
    -0.000713082    -0.000394374
     0.000841463     0.000401848
     -0.00138131     -0.00126751
      -0.0016596     -0.00178641
     -0.00179679     -0.00176702
    -0.000323058     2.08055e-05
    -0.000551223    -2.64997e-05
    -0.000361381     0.000200422
       0.0041242         0.00262
     -0.00113019     -0.00151157
      -0.0016464     -0.00164468
     -0.00217842     -0.00192565
    -0.000145862     0.000551178
    -0.000415905     0.000382155
       0.0280219        0.029465
     -0.00176594     -0.00253885
     -0.00193477     -0.00226223
     -5.5656e-05     0.000563973
     -0.00127498     -0.00189276
      -8.002e-05     0.000278624
    -0.000892431    -0.000564883
     -0.00115067     -0.00104142
    -0.000839735     0.000412193
     -0.00138919     -0.00070027
      0.00765408      0.00603894
     -0.00118192     -0.00134856
     -0.00190392      -0.0021131
       0.0113436       0.0192012
     -0.00160616     -0.00116345
     0.000172053     0.000463489
     -0.00124475      0.00044518
     -0.00110552     -0.00124611
     -0.00177769     -0.00246919
    -0.000369931     -5.1281e-05
      -4.163e-05     0.000379035
        0.013412       0.0186998
     0.000570615       0.0018699
     -0.00214861     -0.00200655
     0.000434784      0.00056514
      0.00482579      0.00390163
      0.00288473       0.0029114
      0.00302842      0.00482101
     -0.00195526     -0.00227105
     -4.5683e-05     0.000302021
    -0.000944704    -0.000722731
    -0.000247386      0.00154134
     -0.00344393     -0.00330362
     -0.00204337     -0.00223831
    -0.000955692    -0.000622896
    -0.000182592     7.21994e-05
     0.000201025     0.000360838
      0.00320952      0.00150311
       -0.001314     -0.00118807
     -0.00148914     -0.00221187
     0.000740478      0.00106935
     -0.00113015     4.36286e-05
    -0.000176283     0.000126903
       0.0019592      0.00166541
      5.2137e-05     0.000349602
     -0.00178246    -0.000772551
    -0.000548226     -0.00026918
     -0.00131171     -0.00147294
     -0.00116847     -0.00136933
     -0.00106836     -0.00144574
     -0.00307863     -0.00317065
    -0.000336768    -0.000587649
    -0.000899627     0.000183112
      -6.549e-05     0.000324386
     -0.00013045    -0.000119429
     -0.00137792     -0.00164985
     -0.00149414     -0.00130433
      1.9634e-05     0.000335285
    -0.000594784     8.94883e-05
     -0.00124917    -0.000812207
     -0.00116344    -0.000856618
    -0.000844232     0.000321606
    -0.000373973      0.00010588
      0.00244169      0.00244324
       0.0182863       0.0193768
       0.0108657       0.0100613
    -0.000684105    -2.66734e-05
    -0.000934805    -0.000785609
     -0.00134865     -0.00164482
     -6.1526e-05     0.000265662
    -0.000785861     -0.00110453
      0.00824147      0.00760208
      0.00185514      0.00124345
    -0.000379025    -0.000450396
    -0.000328352    -0.000569887
     -0.00164431     -0.00202278
     -0.00116893     -0.00135618
      0.00662782      0.00592399
    -0.000706709    -0.000855418
     -0.00137124     -0.00149097
     -0.00130264    -0.000910392
    -0.000850798     -0.00040216
     -0.00052897    -0.000531183
     -0.00131923     -0.00168331
    -0.000423469    -0.000429587
     -0.00148163     -0.00190392
      0.00452993      0.00382202
      0.00073793    -0.000436411
     -0.00145546    -0.000575843
    -0.000730612    -0.000305347
     -0.00145346     -0.00112788
      0.00487042      0.00553848
     -0.00219074      -0.0030566
    -0.000905801     -0.00113088
      0.00408234      0.00592183
     -0.00044889     0.000160147
    -0.000779123     -0.00078761
       0.0147267       0.0162302
     0.000375998      0.00239564
    -0.000744245     5.57559e-05
     -0.00108128     -0.00134807
        0.027054       0.0256612
    -0.000700796    -0.000891209
     0.000117566     0.000877458
      0.00010148     0.000100364
       0.0120184      0.00809857
    -0.000511545    -0.000198092
     -0.00111368     0.000265849
       0.0016312       0.0017928
     -0.00172461     -0.00196049
      0.00110716      0.00416104
    -0.000929527     -0.00126176
    -0.000175354     0.000258351
    -0.000864349    -0.000254781
     -0.00238171     -0.00166881
      0.00135786     0.000793971
     0.000587942     0.000730689
    -0.000759804    -0.000638442
    -0.000648318     0.000482336
     0.000223444      0.00120759
     -0.00158635      -0.0021303
      -0.0019249     -0.00230426
     -0.00162289     -0.00130105
     -0.00115463     -0.00130131
     -0.00142029     -0.00125232
    -0.000528843    -0.000666784
    -0.000494553    -0.000766995
     -0.00150085      -0.0019061
      0.00209498     0.000794313
    -0.000393727     5.52094e-05
      -0.0013274    -0.000574642
       0.0116296       0.0177587
     -0.00101329    -0.000779101
    -0.000337363     0.000301755
       0.0072783      0.00658511
    -0.000654643     -0.00088238
    -0.000471755     -0.00124161
    -0.000724887    -0.000736089
     -0.00105045    -0.000311716
     -0.00189181     -0.00181381
     -0.00140477     -0.00202461
    -0.000105699     0.000428206
     -0.00040697     -0.00168576
      -0.0017196     -0.00228629
      0.00216184      0.00248724
    -0.000809917    -0.000473061
    -0.000431918    -0.000106603
     -0.00115664     -0.00062833
       0.0190421       0.0141977
       0.0140838       0.0148057
     -0.00150231     -0.00133283
      0.00792754       0.0103065
    -0.000285708      0.00104876
    -0.000397339       -0.000134
      0.00682505      0.00773923
     0.000689462      0.00102055
     -0.00166528     -0.00192975
     -0.00112333     -0.00158605
    -0.000534289     0.000123004
     -0.00111039     -0.00133712
      0.00172302      0.00188932
    -0.000338719     0.000167703
      0.00567911      0.00328692
     -0.00288491     -0.00266468
     0.000222772     0.000574647
     -0.00150845     -0.00199746
        0.021188        0.018828
      -0.0017112     -0.00110026
         0.01039      0.00995568
     -0.00061805    -4.58393e-05
      0.00372662      0.00264297
    -0.000397107    -1.11721e-05
     -0.00149719     -0.00173088
     -0.00124423     -0.00177319
    -0.000939931     -0.00075249
     -0.00113707    -0.000895493
      -0.0022244     -0.00267171
    -0.000989743    -0.000404779
     -8.8096e-05     0.000524009
    -0.000495389        0.002056
     -0.00144803    -0.000309051
    -0.000264182     0.000402759
     -0.00128334    -0.000696711
        0.010208       0.0100052
     -0.00201516     -0.00180733
     -0.00206267     -0.00240903
      -0.0019616     -0.00154336
    -0.000179418    -0.000127013
      0.00469216      0.00295988
     -0.00307371     -0.00245109
       0.0104023        0.006778
      3.2582e-05       0.0023882
      0.00221723      0.00317489
     -0.00137763     -0.00156248
     -5.2158e-05     0.000184085
     -0.00124189      -0.0013411
    -0.000346699     0.000303921
     -0.00195822     -0.00191285
    -0.000965143     2.73817e-05
     -0.00171173     -0.00194502
      0.00674952      0.00625244
     -6.7535e-05    -0.000125024
    -0.000336694     0.000282128
        0.018668       0.0169161
       0.0031402      0.00289279
    -0.000969788    -0.000555895
    -0.000399577     0.000522026
    -0.000415449     0.000159603
     0.000540326     0.000776926
     -0.00164001     -0.00196242
      0.00283244      0.00426545
      0.00948895       0.0186927
    -0.000294524    -2.84059e-05
     0.000299928      0.00110527
      -0.0013542     -0.00187855
    -0.000992113    -0.000307624
    -0.000162081     0.000283014
     -0.00108835     -0.00120369
     -0.00034445     0.000618257
     0.000688921     0.000292322
       0.0113137       0.0104765
     -0.00115817     -0.00156725
       0.0133537       0.0181558
     -0.00186948     -0.00124354
     -0.00134867     -0.00153675
     -0.00112993      -0.0014865
    -0.000714212     -6.8097e-05
    -0.000820968    -0.000343162
        0.006199      0.00495591
     -0.00289799     -0.00301583
    -0.000522973    -0.000685841
    -0.000385158    -0.000545821
    -0.000511496     0.000186766
     -0.00109751     -0.00116693
     0.000584516      0.00217796
       0.0068085      0.00669767
        0.005206      0.00665876
    -0.000959376    -0.000895787
     -0.00124037     0.000519941
     -0.00163949      -0.0019126
       0.0145124       0.0162242
     0.000468804      0.00061807
    -0.000569503     -0.00013219
     -0.00136646       -0.001568
    -0.000859502    -0.000694787
     -0.00157405     -0.00190267
    -0.000733178    -0.000108003
     -0.00266371     -0.00299489
     -0.00124062     0.000284821
    -0.000938895      0.00113191
    -0.000614426     0.000352373
     0.000456599     0.000430553
      0.00604137       0.0060874
      0.00249613      0.00113095
     -0.00155118     -0.00165463
      -0.0013932     -0.00159947
    -0.000369607      0.00142253
     -0.00233093     -0.00249409
    -0.000647586     7.95584e-05
      -0.0017189     -0.00088275
     -0.00236754     -0.00218266
      -1.828e-05     0.000219087
    -0.000896929    -0.000183538
    -0.000399817     0.000647638
    -0.000384508    -0.000113371
    -0.000949852    -0.000748946
     0.000359771      0.00132947
     -0.00169282     -0.00183474
     0.000583127      0.00061472
     -0.00159932     -0.00189415
     0.000237573     0.000561007
     -0.00126191     -0.00124629
     -0.00138243     -0.00113588
      0.00510226        0.010518
     0.000133722      0.00244237
       0.0203703       0.0221556
    -0.000332355     0.000193891
     0.000636097      0.00109413
      -0.0011564     -0.00102828
     0.000354041      0.00161152
    -0.000568089     -0.00146883
    -0.000211975     0.000337075
      -0.0015101     -0.00155086
    -0.000955483     -0.00064374
     -0.00151603    -0.000663864
      0.00223096      0.00207928
      0.00308732      0.00716727
    -0.000729845      8.9352e-05
    -0.000454349    -0.000123422
     -0.00162265     -0.00222813
    -0.000705727      0.00060285
    -0.000946587    -0.000235942
     -0.00124411     -0.00153754
    -0.000465612     -0.00082333
     -0.00148916     -0.00145577
     -0.00152731    -0.000323371
     -0.00180787     -0.00210255
       0.0135245       0.0153446
     -0.00191752     -0.00239376
     -0.00203367     -0.00212705
    -0.000874938      0.00150518
      0.00351204      0.00268839
     -1.4889e-05     0.000306836
     -0.00100435      -0.0013502
      0.00435005       0.0028251
    -0.000954464     -0.00072911
      0.00306355      0.00489792
     -0.00085112     -0.00064899
     -0.00119289     -0.00097618
     -0.00254871     -0.00286152
      8.2562e-05    -0.000258428
    -0.000126012     0.000507567
    -0.000449513     0.000130377
       0.0185544       0.0192658
    -0.000571295    -9.70801e-05
     -0.00111965     -0.00114393
     -0.00181813      -0.0020481
     0.000629681    -0.000507587
     -0.00136408     -0.00125527
     0.000201947    -0.000211662
     -0.00132685     -0.00140116
      0.00413529      0.00486918
       0.0055746        0.004615
    -0.000605092    -0.000286792
    -0.000388618    -0.000881373
      0.00223342     0.000966707
     -0.00040655    -0.000435739
    -0.000108171      0.00030644
     -0.00087217     -0.00118752
    -0.000408112     0.000435731
       0.0201826       0.0203852
     -0.00113362     -0.00108182
     0.000713636      0.00148655
     -0.00167993     -0.00229203
    -0.000207765     0.000387354
     0.000531496      0.00102226
      0.00367705      0.00351135
     -0.00025313      0.00023102
    -0.000183317     0.000323703
     -0.00138374     -0.00164488
      0.00829111      0.00846917
     0.000473795      0.00109674
     -0.00167678     -0.00169842
    -0.000601154    -0.000786608
      0.00246436      0.00198121
    -0.000457667     0.000450562
     0.000239137     0.000303486
        -0.00157     -0.00182227
     -0.00195158     -0.00180315
       0.0144801       0.0176039
     -0.00138223      -0.0015325
     -6.3523e-05     6.72862e-05
     -0.00163268     -0.00154558
     -0.00106947      -0.0011092
     0.000731697      0.00156657
     -0.00101524     -0.00108991
     -0.00125828     -0.00118416
    -0.000870162     -0.00114487
    -0.000397613      -0.0010193
     -0.00137444    -0.000922308
     -0.00179172    -0.000269285
     -0.00129567      -0.0016952
       0.0115021       0.0194213
     -0.00139292     -0.00130003
    -0.000695582    -0.000406673
     -0.00143861     -0.00140288
    -0.000518335    -0.000414567
        0.017386       0.0177975
      0.00166668     0.000995544
      0.00334725      0.00472734
     -0.00111058     -0.00123015
     -0.00134552     -0.00210658
       0.0113271       0.0094595
    -0.000273127      8.0181e-05
    -0.000138409    -0.000392514
       0.0043424      0.00609425
      0.00796733       0.0148432
    -0.000484683     0.000174813
     -0.00219418      -0.0017757
      0.00623446      0.00735816
      -0.0016975     -0.00210438
     -0.00162212     -0.00108349
     -0.00133011     -0.00155869
    -0.000115869     0.000462186
     -8.1365e-05     0.000243068
     -0.00126997     -0.00129115
     -0.00116456     -0.00126701
    -0.000735458    -0.000291214
     -0.00143041     -0.00164831
     -0.00108369    -0.000850292
    -0.000943979      -0.0013185
    -0.000306708    -0.000219651
     0.000147781     0.000376124
      0.00772099      0.00672943
      0.00667257      0.00719584
    -0.000434286      7.5889e-05
      0.00013005     0.000924643
       8.656e-05    -0.000869129
    -0.000579805    -0.000365193
      9.1484e-05      0.00083095
     -0.00205357     -0.00133529
     -0.00160638     -0.00192362
     -0.00135697     -0.00145677
     0.000163363     0.000973591
     -0.00119747    -0.000768196
     0.000913935     0.000351277
     -0.00127557     -0.00173854
      -0.0014902     -0.00132657
     -0.00155466      -0.0012741
       0.0119928       0.0184643
      3.3173e-05     0.000726715
     -0.00134172     -0.00185502
     -0.00096157     -0.00120024
     -0.00165366     -0.00168563
     -0.00160301     -0.00171898
    -0.000405855    -0.000538902
       0.0169897       0.0147992
     0.000316507     0.000380459
      0.00273769      0.00262686
     -0.00128193     -0.00148987
     -0.00183981     -0.00244502
     -0.00043763    -0.000501742
    -0.000731382    -0.000865891
    -0.000919349    -6.43919e-05
       0.0049071      0.00634422
     -0.00132528     -0.00159285
     -0.00264237     -0.00196288
     -0.00196298     -0.00204875
    -0.000410419     0.000492818
       0.0106354       0.0169402
      0.00348909      0.00346944
    -0.000748548     0.000718988
     -0.00179731     -0.00194683
      0.00491581      0.00642842
      0.00130285       0.0011903
     -0.00059529    -0.000463342
      0.00476476      0.00562677
       -0.002659     -0.00254121
       0.0229493       0.0217783
    -0.000589824    -0.000200649
      -0.0013764    -0.000880026
     0.000639707      0.00100314
     0.000908615      0.00133082
      0.00509008      0.00384229
       0.0141141       0.0194534
      0.00276717      0.00433918
      0.00250498      0.00171585
      0.00159871       0.0021313
       0.0116339       0.0130388
    -0.000203112    -0.000228624
     -0.00125121     -0.00165128
     0.000363687    -0.000189742
     0.000647442      0.00201626
     -0.00151977     -0.00166485
     -8.6994e-05     6.13378e-05
     -7.9201e-05    -0.000532905
     -0.00103785    -0.000577494
    -0.000650909    -0.000519341
    -0.000787594     -0.00134771
      -0.0010697     -0.00153179
     0.000576518      0.00152575
       0.0019511      0.00142476
     -0.00116822     2.51107e-05
      0.00161559      0.00514513
    -0.000384059    -5.20465e-05
    -0.000663088      0.00126379
      0.00923315       0.0098309
     -0.00124066     -0.00173827
     -0.00115932    -9.43067e-05
     -0.00174023     -0.00204883
      0.00107229      0.00162164
     -0.00138382     -0.00118065
     -0.00153788     -0.00243915
       0.0222286       0.0226332
      0.00524788      0.00396323
     -0.00291549        -0.00269
     -0.00151096    -0.000989317
      0.00428128      0.00619674
     -0.00107858    -0.000766189
     -0.00138142    -0.000824345
    -0.000719041     0.000312992
     -0.00122399     -0.00094811
     -0.00159003     -0.00117612
     -0.00241428     -0.00271187
     -0.00124924     -0.00144149
       0.0037099      0.00346189
     0.000329432     0.000645301
     -0.00124262     -0.00121406
    -0.000930229     0.000449629
     0.000490132      0.00228086
    -0.000966403      -0.0012975
    -0.000833312    -0.000440262
     -0.00105078    -0.000944296
     -0.00101972    -0.000490811
      0.00729454      0.00463054
      0.00376106      0.00631169
      0.00645478      0.00579359
    -0.000594598    -0.000136364
      0.00280026      0.00222103
     -9.9995e-05    -0.000704532
     -0.00108769     -0.00124546
     -0.00078497     0.000557519
     -0.00227618     -0.00275582
     -0.00122755     -0.00192506
    -0.000365423    -0.000167995
     -0.00128127     -0.00160614
     -0.00109882     -0.00104049
       0.0226894       0.0182815
      0.00878821      0.00782238
     -0.00125994     -0.00169459
     -0.00149418    -0.000905337
     -0.00122887       -0.001315
      4.1629e-05     0.000485166
      -0.0018259     -0.00172992
     -0.00111969    -0.000474203
     0.000744609      0.00111598
      -4.767e-05     0.000437196
     -0.00127975     -0.00131412
    -0.000478886    -0.000686647
    -0.000700435     0.000438517
      0.00592484      0.00718172
    -0.000837292    -0.000910841
     -0.00142837     -0.00182104
     0.000103518     5.38769e-05
      0.00133805      0.00420815
    -0.000489572    -9.71091e-05
     -0.00125626     -0.00142203
      0.00200971      0.00194036
     -0.00162458     -0.00133171
       0.0085392      0.00888332
     -0.00101358     -0.00108662
    -0.000699062    -0.000462412
     -0.00131983     -0.00125102
     -0.00185905     -0.00262601
     0.000644736     0.000380619
     -0.00152388    -0.000852393
     -0.00122673     -0.00133142
    -0.000119276     0.000402844
     -0.00111578    -0.000365073
     -0.00187323     -0.00228169
     0.000379659      0.00413626
     -0.00198943     -0.00216628
     -0.00178419     -0.00178277
    -0.000459544     0.000758658
      0.00371353      0.00847942
      0.00719662      0.00625614
       0.0025096      0.00300815
     -0.00106046    -0.000133829
     -0.00214638     -0.00189752
