QM Energy	FF Energy
      -4.038e-06    -9.19008e-06
        -9.8e-08    -2.43507e-07
    -0.000251315       -0.000241
     -1.7212e-05    -3.46184e-05
       -3.43e-06    -7.89036e-06
    -0.000412194    -0.000321507
      -2.262e-06    -5.31378e-06
      -1.373e-06    -3.30483e-06
        -2.8e-07    -7.10412e-07
     -2.5423e-05    -4.81932e-05
     -1.7516e-05    -3.51232e-05
      -1.625e-06    -3.88076e-06
       -4.31e-07    -1.08357e-06
       -1.53e-07    -3.84777e-07
     -1.9558e-05    -3.86759e-05
       -5.48e-07    -1.36623e-06
    -0.000111935    -0.000144905
    -0.000419199    -0.000324548
      -2.964e-06    -6.87254e-06
     -1.1108e-05    -2.34849e-05
     -4.0505e-05    -7.02192e-05
      -3.126e-06    -7.22795e-06
      -9.696e-06    -2.07193e-05
      -1.994e-06     -4.7147e-06
     -5.9578e-05    -9.37397e-05
     -2.4963e-05    -4.75599e-05
       -8.41e-07    -2.06216e-06
      -1.277e-05    -2.66259e-05
     -1.3506e-05    -2.80123e-05
      -2.948e-06    -6.83231e-06
    -0.000323439    -0.000279631
     -1.2399e-05     -2.5836e-05
       -6.49e-07    -1.61066e-06
     -9.8473e-05    -0.000133065
      -1.272e-06    -3.07246e-06
       -5.65e-07    -1.40759e-06
    -0.000119457    -0.000151211
       -1.66e-07     -4.1956e-07
     -8.9877e-05    -0.000125035
       -6.63e-07    -1.64386e-06
     -3.3214e-05    -6.00557e-05
       -8.51e-07    -2.09297e-06
       -3.78e-07     -9.5462e-07
     -2.3551e-05    -4.52571e-05
      -2.221e-05    -4.30316e-05
      -1.289e-06    -3.10971e-06
       -4.09e-07    -1.02821e-06
       -1.95e-07    -4.91033e-07
      -5.868e-06    -1.30444e-05
       -2.34e-07    -5.93719e-07
       -8.57e-07    -2.10543e-06
       -3.65e-07    -9.21583e-07
      -3.297e-06     -7.6009e-06
     -3.4823e-05    -6.24028e-05
       -6.41e-07     -1.5932e-06
      -1.515e-06    -3.62867e-06
      -4.882e-06    -1.09919e-05
      -2.566e-06    -5.97815e-06
      -5.488e-06    -1.22629e-05
      -9.251e-06     -1.9884e-05
       -4.33e-07    -1.08814e-06
      -2.139e-06    -5.04531e-06
     -4.0843e-05    -7.06796e-05
      -2.011e-06    -4.75378e-06
     -1.1887e-05    -2.49645e-05
       -6.96e-07    -1.72489e-06
      -3.018e-06    -6.98824e-06
    -0.000421135    -0.000325462
        -8.9e-08    -2.20984e-07
       -2.41e-07    -6.11663e-07
        -8.2e-07    -2.01516e-06
    -0.000218865    -0.000221744
      -6.917e-06    -1.51938e-05
       -8.02e-07    -1.97577e-06
    -0.000357962     -0.00029655
        -7.5e-08    -1.86774e-07
       -7.45e-07    -1.84159e-06
    -0.000129697    -0.000159539
       -6.14e-07    -1.52358e-06
       -2.09e-07    -5.28951e-07
      -7.939e-05     -0.00011487
      -2.183e-06    -5.14191e-06
      -3.225e-06    -7.44665e-06
      -8.151e-06      -1.768e-05
      -6.325e-06    -1.40014e-05
      -1.292e-06    -3.11726e-06
          -9e-08    -2.20902e-07
       -1.03e-07    -2.55032e-07
     -2.8994e-05    -5.35887e-05
     -1.8702e-05    -3.70351e-05
     -1.0251e-05     -2.1835e-05
      -7.345e-06    -1.60847e-05
        -1.8e-07    -4.55001e-07
       -8.23e-07    -2.02126e-06
      -1.657e-06    -3.95029e-06
       -9.33e-07    -2.28296e-06
     -1.0487e-05    -2.22853e-05
      -2.171e-06    -5.11077e-06
      -4.953e-06    -1.11345e-05
     -1.9852e-05    -3.89531e-05
       -1.56e-07    -3.95099e-07
       -1.31e-07    -3.27471e-07
      -1.707e-06    -4.05653e-06
      -4.939e-06    -1.11045e-05
      -9.585e-06     -2.0529e-05
        -1.6e-07    -4.01663e-07
       -3.81e-07    -9.59798e-07
       -4.94e-07    -1.23686e-06
       -4.21e-07    -1.06055e-06
       -4.78e-07    -1.19782e-06
     -4.7102e-05    -7.86531e-05
       -1.34e-07    -3.36866e-07
      -2.844e-06    -6.58292e-06
       -1.87e-07    -4.71088e-07
      -9.305e-06    -1.99808e-05
      -1.147e-05    -2.41772e-05
       -1.06e-07    -2.63494e-07
      -6.399e-06    -1.41534e-05
      -3.414e-06    -7.85575e-06
       -2.36e-07     -5.9838e-07
       -2.82e-07    -7.13508e-07
       -3.53e-07    -8.91682e-07
        -2.4e-07    -6.08724e-07
     -1.0558e-05    -2.24262e-05
     -1.9648e-05    -3.87954e-05
     -1.5675e-05     -3.1939e-05
      -1.924e-06    -4.55608e-06
    -0.000157585    -0.000180892
      -4.523e-05    -7.64365e-05
      -2.121e-06    -4.99859e-06
       -6.19e-07    -1.53915e-06
      -4.181e-05    -7.17791e-05
      -9.628e-06    -2.06282e-05
       -3.86e-07    -9.68017e-07
       -3.33e-07    -8.39774e-07
       -2.09e-07    -5.28628e-07
     -3.0504e-05    -5.59215e-05
      -1.352e-06    -3.24684e-06
       -1.21e-07    -3.03969e-07
      -1.858e-06    -4.41022e-06
    -0.000308289    -0.000271914
       -4.19e-07    -1.05463e-06
       -1.06e-07    -2.62435e-07
       -6.63e-07    -1.64324e-06
    -0.000149047     -0.00017456
     -8.3926e-05    -0.000119275
       -2.19e-07    -5.53934e-07
      -4.974e-06    -1.11807e-05
      -2.397e-06    -5.61489e-06
     -1.8257e-05    -3.64576e-05
       -1.09e-07    -2.70959e-07
      -1.132e-06    -2.74768e-06
       -1.42e-07    -3.57425e-07
        -7.9e-08    -1.96213e-07
       -1.14e-07     -2.8455e-07
      -4.088e-06    -9.28268e-06
       -6.24e-07    -1.55114e-06
       -3.05e-07    -7.71702e-07
        -9.5e-08    -2.35536e-07
     -1.4248e-05    -2.92638e-05
     -1.0106e-05     -2.1545e-05
       -4.54e-07    -1.14041e-06
      -2.643e-06    -6.16176e-06
       -1.29e-07    -3.23294e-07
      -1.025e-06    -2.49892e-06
       -9.47e-07    -2.31599e-06
        -1.8e-07    -4.53659e-07
      -6.109e-06    -1.35589e-05
        -8.8e-08    -2.17309e-07
     -6.3266e-05    -9.78843e-05
      -1.214e-06     -2.9351e-06
      -1.274e-06    -3.07823e-06
       -2.04e-07    -5.17069e-07
     -4.2078e-05    -7.23294e-05
      -1.167e-06    -2.82938e-06
    -0.000185826    -0.000200523
       -1.01e-07    -2.50646e-07
       -3.52e-07    -8.87533e-07
      -2.839e-06    -6.57876e-06
      -5.592e-06    -1.24854e-05
      -8.978e-06    -1.93388e-05
      -1.111e-06    -2.69931e-06
        -9.5e-07    -2.32228e-06
      -4.279e-06    -9.71345e-06
        -2.8e-07    -7.04297e-07
        -1.6e-07     -4.0461e-07
    -0.000162067      -0.0001841
     -3.6527e-05    -6.47316e-05
        -9.4e-08    -2.35098e-07
     -3.1533e-05     -5.7441e-05
      -9.318e-06    -1.99877e-05
       -1.05e-07    -2.62158e-07
      -1.026e-06    -2.49978e-06
     -6.5992e-05    -0.000100857
     -3.8335e-05    -6.72488e-05
       -6.25e-07    -1.55398e-06
      -1.795e-06    -4.26568e-06
      -2.244e-06    -5.27721e-06
      -7.968e-06    -1.73077e-05
     -1.8138e-05    -3.61435e-05
       -2.01e-07    -5.08363e-07
      -3.733e-06    -8.54013e-06
        -7.7e-08    -1.88106e-07
        -9.2e-08    -2.28852e-07
       -9.75e-07    -2.37635e-06
      -3.663e-06    -8.37717e-06
    -0.000134478    -0.000163403
       -1.86e-07    -4.71468e-07
       -3.67e-07    -9.25222e-07
      -1.574e-06    -3.76189e-06
      -1.236e-05    -2.58711e-05
     -2.1009e-05    -4.09443e-05
    -0.000204079    -0.000212489
      -1.775e-06    -4.21451e-06
      -1.823e-06    -4.33018e-06
      -6.729e-06    -1.47999e-05
    -0.000139178    -0.000166813
     -2.1058e-05    -4.11662e-05
       -1.07e-07    -2.68164e-07
      -4.208e-06     -9.5602e-06
       -3.72e-07    -9.37726e-07
      -5.645e-06    -1.25844e-05
      -1.016e-06    -2.46963e-06
      -8.524e-06    -1.84434e-05
     -1.2289e-05    -2.57245e-05
       -1.15e-07    -2.86863e-07
       -2.47e-07    -6.25252e-07
        -1.7e-07    -4.27247e-07
    -0.000113492    -0.000146226
       -2.28e-07    -5.75862e-07
      -5.612e-06    -1.25242e-05
     -0.00011143    -0.000144345
       -6.84e-07    -1.69457e-06
      -4.258e-06    -9.66568e-06
      -1.111e-05    -2.34573e-05
        -8.3e-08    -2.06364e-07
    -0.000438078    -0.000332766
      -1.865e-06    -4.42856e-06
      -3.674e-06     -8.4053e-06
       -1.97e-07    -4.97581e-07
     -1.6502e-05    -3.33484e-05
      -6.834e-06    -1.50449e-05
     -2.4282e-05    -4.64866e-05
     -2.2843e-05    -4.41289e-05
       -8.57e-07    -2.10332e-06
     -1.0771e-05    -2.28471e-05
     -5.4664e-05    -8.78454e-05
     -2.3535e-05    -4.52657e-05
      -4.165e-06    -9.47322e-06
    -0.000113759    -0.000146402
       -5.15e-07    -1.28576e-06
    -0.000390708    -0.000311782
      -1.238e-06    -2.99048e-06
    -0.000122457    -0.000153691
        -9.5e-08    -2.38987e-07
       -4.27e-07    -1.07419e-06
      -2.915e-06    -6.76599e-06
        -1.4e-07    -3.50972e-07
       -8.45e-07    -2.07743e-06
       -2.21e-07    -5.59121e-07
      -5.786e-06    -1.28878e-05
       -4.46e-07    -1.11975e-06
     -1.7883e-05    -3.58315e-05
    -0.000112534    -0.000145415
      -8.091e-06    -1.75848e-05
     -1.0894e-05     -2.3078e-05
        -5.7e-07    -1.42213e-06
       -1.81e-07    -4.54924e-07
    -0.000348686    -0.000292063
      -2.518e-06    -5.87782e-06
       -4.86e-07    -1.21638e-06
       -1.16e-07    -2.88902e-07
      -1.981e-06    -4.68213e-06
        -8.4e-08    -2.08808e-07
    -0.000134076    -0.000163032
        -9.2e-08    -2.28689e-07
      -3.093e-06    -7.15116e-06
     -1.6418e-05    -3.32545e-05
        -7.9e-08    -1.94414e-07
      -1.799e-05    -3.60098e-05
     -4.0009e-05    -6.96012e-05
        -7.8e-08     -1.8985e-07
     -8.4859e-05    -0.000120236
       -5.16e-07    -1.29017e-06
      -1.337e-06    -3.21466e-06
       -7.29e-07    -1.79778e-06
      -1.197e-06    -2.89722e-06
      -9.634e-05    -0.000131032
      -3.206e-06    -7.40083e-06
      -1.366e-06    -3.28819e-06
      -2.367e-06    -5.54935e-06
    -0.000230484    -0.000228723
      -8.567e-06     -1.8499e-05
      -3.957e-06    -9.01927e-06
      -1.036e-06    -2.52194e-06
     -1.7296e-05    -3.48007e-05
      -2.539e-06    -5.91609e-06
    -0.000147556    -0.000173392
      -1.144e-06    -2.76817e-06
      -6.018e-06    -1.33636e-05
      -1.559e-06    -3.72855e-06
     -3.6006e-05    -6.40627e-05
       -1.89e-07    -4.76635e-07
      -9.597e-06    -2.05343e-05
       -2.38e-07    -6.01969e-07
        -7.7e-08    -1.88174e-07
      -3.742e-06    -8.56556e-06
     -1.9608e-05    -3.87986e-05
      -8.278e-06    -1.79207e-05
      -2.098e-06    -4.92705e-06
       -1.88e-07     -4.7418e-07
     -3.5935e-05    -6.39617e-05
     -5.5638e-05    -8.91469e-05
     -1.0208e-05    -2.16662e-05
      -1.498e-06    -3.59155e-06
      -1.792e-06     -4.2612e-06
      -1.269e-06    -3.06585e-06
     -4.9768e-05     -8.2137e-05
      -4.292e-06    -9.71498e-06
    -0.000123284     -0.00015433
    -0.000320183    -0.000277993
     -4.2594e-05    -7.30287e-05
      -1.574e-06    -3.76301e-06
       -8.69e-07    -2.13362e-06
      -2.068e-06    -4.88271e-06
      -1.068e-06    -2.59724e-06
      -4.718e-05    -7.89292e-05
    -0.000101854    -0.000136035
     -3.7453e-05    -6.60943e-05
      -1.315e-06    -3.16821e-06
        -9.7e-08      -2.385e-07
       -5.45e-07     -1.3599e-06
       -5.56e-07    -1.38562e-06
     -3.0234e-05    -5.56687e-05
       -1.23e-07    -3.06429e-07
       -2.24e-07    -5.66688e-07
      -5.414e-06    -1.21117e-05
     -2.9361e-05    -5.43623e-05
      -9.942e-06    -2.12076e-05
      -1.467e-05    -3.00217e-05
      -1.266e-06    -3.05809e-06
      -5.236e-06    -1.17322e-05
      -1.005e-06     -2.4511e-06
       -5.32e-07    -1.32721e-06
     -9.3021e-05    -0.000128037
    -0.000389018      -0.0003111
       -3.55e-06    -8.15004e-06
       -2.08e-07    -5.26353e-07
      -1.257e-06    -3.03097e-06
      -9.903e-06    -2.11504e-05
      -3.307e-06    -7.61096e-06
       -1.77e-07    -4.46423e-07
      -1.049e-06    -2.55436e-06
     -1.2703e-05     -2.6491e-05
      -7.165e-06    -1.56814e-05
       -7.51e-06    -1.63653e-05
        -9.7e-08    -2.43359e-07
     -1.5401e-05    -3.13286e-05
     -2.8352e-05    -5.26345e-05
      -3.601e-06    -8.26256e-06
     -2.0915e-05    -4.09684e-05
      -4.177e-06    -9.50155e-06
     -2.5955e-05    -4.90865e-05
     -4.2849e-05    -7.33016e-05
      -1.402e-06    -3.37107e-06
       -8.87e-07    -2.16659e-06
        -8.6e-08    -2.11649e-07
       -2.43e-07    -6.14823e-07
        -8.6e-08    -2.13999e-07
       -4.91e-06    -1.10055e-05
     -2.2898e-05    -4.41854e-05
     -1.0979e-05    -2.32393e-05
        -7.7e-08    -1.89896e-07
       -9.21e-07    -2.25461e-06
     -5.2973e-05    -8.60426e-05
    -0.000308535    -0.000272033
    -0.000259464    -0.000245606
       -5.81e-07     -1.4461e-06
        -9.9e-08     -2.4551e-07
       -8.82e-07    -2.16325e-06
      -1.612e-06    -3.84967e-06
      -1.272e-06     -3.0739e-06
     -4.6854e-05    -7.84763e-05
     -0.00010187    -0.000135685
      -1.567e-06    -3.74449e-06
     -7.9077e-05    -0.000114505
       -7.12e-07    -1.76285e-06
       -3.05e-07    -7.69115e-07
       -8.05e-07    -1.98305e-06
          -1e-07      -2.482e-07
      -9.943e-06    -2.12085e-05
       -3.24e-07    -8.19105e-07
      -3.816e-06    -8.71988e-06
       -3.47e-07    -8.74085e-07
     -2.3169e-05    -4.46884e-05
    -0.000220909    -0.000223004
       -1.82e-07    -4.59245e-07
     -4.9884e-05    -8.22356e-05
      -6.245e-06    -1.38394e-05
        -4.4e-07    -1.10562e-06
       -1.69e-07    -4.25653e-07
        -8.2e-08    -2.01909e-07
     -4.8456e-05    -8.02476e-05
      -1.906e-06    -4.52125e-06
      -2.603e-06     -6.0658e-06
      -4.321e-06    -9.79958e-06
       -1.29e-07    -3.22754e-07
     -3.8949e-05    -6.80926e-05
       -1.07e-07    -2.66784e-07
    -0.000165723     -0.00018668
      -2.803e-06    -6.51392e-06
      -1.462e-06    -3.50134e-06
      -5.092e-06    -1.14406e-05
       -2.87e-07    -7.27507e-07
    -0.000149299    -0.000174719
      -2.237e-06    -5.26261e-06
      -1.166e-06    -2.82856e-06
      -1.722e-06    -4.10204e-06
      -1.001e-06    -2.44235e-06
        -8.4e-08     -2.0574e-07
       -2.58e-07     -6.4684e-07
      -9.177e-06    -1.97211e-05
       -1.51e-07    -3.81215e-07
      -1.011e-06    -2.46507e-06
       -1.35e-07    -3.39562e-07
        -2.3e-07    -5.83009e-07
     -9.8183e-05    -0.000132499
       -1.46e-07    -3.68105e-07
       -1.31e-06    -3.15818e-06
       -5.57e-07    -1.39186e-06
    -0.000215048    -0.000219396
     -4.1511e-05    -7.15665e-05
       -2.02e-07    -5.08935e-07
       -4.27e-07    -1.07315e-06
     -3.1442e-05    -5.72629e-05
    -0.000378021    -0.000305961
      -1.076e-06    -2.62009e-06
      -4.354e-06    -9.87619e-06
        -2.3e-07    -5.82248e-07
       -1.11e-07    -2.78361e-07
     -0.00010383    -0.000137816
       -3.35e-07    -8.46412e-07
      -6.245e-06    -1.38048e-05
       -2.83e-06    -6.57662e-06
      -4.232e-06    -9.57083e-06
        -8.4e-08    -2.05784e-07
       -1.63e-07    -4.12344e-07
      -4.117e-06    -9.36712e-06
      -2.814e-06    -6.53857e-06
       -7.08e-07    -1.75231e-06
      -3.567e-06    -8.18862e-06
     -3.5191e-05    -6.27192e-05
     -1.1528e-05    -2.42148e-05
      -2.321e-06    -5.44829e-06
     -1.4794e-05    -3.03375e-05
    -0.000219528    -0.000222108
       -6.04e-07    -1.50329e-06
      -7.634e-06    -1.66563e-05
       -2.55e-07    -6.43492e-07
       -2.66e-07    -6.72681e-07
       -4.65e-07    -1.16885e-06
      -1.433e-06    -3.44207e-06
       -1.16e-07      -2.902e-07
    -0.000444404    -0.000335477
       -1.26e-07    -3.16013e-07
     -1.0015e-05     -2.1305e-05
       -1.16e-07    -2.91485e-07
        -4.2e-07    -1.05903e-06
       -2.51e-07    -6.33177e-07
      -1.026e-06    -2.50144e-06
      -7.007e-06    -1.54048e-05
      -5.667e-06     -1.2642e-05
     -2.4921e-05    -4.74949e-05
       -3.93e-07    -9.90259e-07
      -3.475e-06     -7.9896e-06
     -8.7557e-05     -0.00012287
     -3.9998e-05    -6.95066e-05
      -2.169e-06    -5.10787e-06
     -2.1967e-05    -4.26823e-05
      -7.014e-05    -0.000105197
      -5.256e-06    -1.17723e-05
      -5.181e-06    -1.16191e-05
       -1.37e-07    -3.45782e-07
     -2.0021e-05    -3.94762e-05
        -1.5e-07    -3.78599e-07
      -5.199e-06     -1.1657e-05
      -1.061e-06    -2.58013e-06
       -6.19e-07    -1.53898e-06
       -6.91e-07    -1.70893e-06
    -0.000237407    -0.000232896
       -6.19e-07    -1.53924e-06
      -1.381e-06    -3.32101e-06
     -0.00022421    -0.000225013
    -0.000318194    -0.000276909
     -1.1708e-05    -2.46267e-05
     -1.3881e-05    -2.86831e-05
      -2.966e-05    -5.47686e-05
       -4.44e-07    -1.11333e-06
       -1.87e-07    -4.72751e-07
    -0.000206096    -0.000213746
     -4.8349e-05    -8.04053e-05
    -0.000243051    -0.000236177
      -3.291e-06    -7.56731e-06
       -1.76e-07    -4.43771e-07
      -7.301e-06    -1.59819e-05
      -2.415e-06    -5.65341e-06
       -7.44e-07    -1.83481e-06
       -5.73e-07    -1.42992e-06
     -2.6907e-05    -5.06182e-05
       -1.22e-07    -3.03312e-07
    -0.000134506    -0.000163395
     -2.0951e-05    -4.10018e-05
     -1.2706e-05    -2.65077e-05
      -3.766e-06    -8.61826e-06
      -6.944e-06    -1.52611e-05
      -2.259e-06     -5.3075e-06
        -5.9e-07    -1.46971e-06
    -0.000382543    -0.000307679
       -6.07e-07     -1.5084e-06
       -5.83e-07    -1.45288e-06
     -1.8119e-05    -3.61874e-05
       -2.66e-06    -6.20754e-06
       -1.32e-07    -3.30623e-07
       -7.09e-07      -1.752e-06
      -1.489e-06    -3.57119e-06
       -1.96e-07     -4.9362e-07
     -2.2215e-05    -4.31213e-05
       -4.72e-07    -1.18054e-06
     -1.2733e-05    -2.65648e-05
     -1.1184e-05    -2.36183e-05
        -8.4e-08    -2.07824e-07
    -0.000214719    -0.000219154
       -5.32e-07    -1.33154e-06
       -7.95e-07    -1.95454e-06
    -0.000190331    -0.000203545
     -2.8069e-05    -5.23947e-05
    -0.000296271     -0.00026568
       -2.35e-07    -5.95849e-07
       -3.56e-07    -8.99601e-07
      -7.044e-06    -1.54772e-05
      -4.504e-06    -1.01892e-05
       -1.41e-06    -3.38283e-06
     -4.4278e-05    -7.51853e-05
    -0.000127224    -0.000157433
     -4.3205e-05    -7.35048e-05
       -1.94e-07    -4.88817e-07
     -3.2626e-05    -5.88574e-05
       -2.24e-07    -5.65658e-07
      -2.272e-06     -5.3361e-06
      -1.816e-06    -4.31487e-06
      -4.323e-06     -9.8031e-06
       -1.96e-07    -4.95646e-07
    -0.000236406     -0.00023232
    -0.000250129    -0.000240266
     -1.3667e-05    -2.82952e-05
       -5.18e-07    -1.29601e-06
     -4.8313e-05    -8.03428e-05
       -1.53e-07    -3.85206e-07
      -2.576e-06     -6.0108e-06
      -6.664e-06    -1.46914e-05
       -9.87e-07    -2.41076e-06
     -2.1107e-05    -4.12493e-05
       -3.84e-06    -8.77449e-06
     -4.3158e-05    -7.37434e-05
     -3.8692e-05    -6.77414e-05
     -6.4293e-05    -9.90144e-05
      -2.647e-06    -6.17319e-06
    -0.000302818    -0.000269053
      -1.125e-06    -2.73064e-06
      -2.288e-06    -5.37129e-06
     -6.1904e-05    -9.63566e-05
       -1.12e-06    -2.70862e-06
        -9.9e-08    -2.45046e-07
     -7.0395e-05    -0.000105633
       -4.58e-07    -1.15106e-06
     -1.3597e-05    -2.81508e-05
      -6.961e-06    -1.52806e-05
      -2.712e-05     -5.0962e-05
    -0.000267281    -0.000249914
     -3.7346e-05    -6.59387e-05
       -1.61e-07    -4.03148e-07
       -1.09e-06     -2.6492e-06
     -2.8028e-05    -5.21829e-05
     -8.2806e-05    -0.000118258
       -2.31e-07    -5.84833e-07
       -2.29e-07    -5.79579e-07
      -3.192e-06    -7.37228e-06
     -2.8881e-05    -5.34099e-05
       -1.17e-07    -2.94393e-07
     -1.6478e-05     -3.3366e-05
      -2.292e-06    -5.36273e-06
       -2.27e-06     -5.3334e-06
       -2.44e-07    -6.17929e-07
     -7.3394e-05    -0.000108755
       -7.04e-07    -1.74107e-06
     -1.5286e-05    -3.12353e-05
    -0.000175778     -0.00019374
     -1.7228e-05    -3.46807e-05
      -2.016e-06    -4.76493e-06
       -9.99e-07    -2.43872e-06
       -1.78e-07    -4.50566e-07
       -2.16e-07    -5.45851e-07
     -5.6851e-05    -9.06007e-05
      -3.171e-06    -7.33039e-06
       -4.19e-07    -1.05685e-06
      -6.231e-06     -1.3796e-05
      -1.616e-06      -3.861e-06
     -2.8219e-05    -5.26476e-05
      -2.532e-06     -5.9127e-06
       -1.98e-07    -5.00278e-07
     -1.5862e-05    -3.22382e-05
     -1.5622e-05    -3.18397e-05
        -8.1e-08     -1.9978e-07
     -1.4021e-05    -2.89108e-05
      -1.711e-06    -4.07607e-06
    -0.000204137    -0.000212502
      -3.432e-05    -6.16672e-05
       -1.17e-07    -2.92512e-07
      -1.432e-06    -3.42904e-06
     -1.3038e-05    -2.71286e-05
     -1.5268e-05    -3.12112e-05
     -2.3308e-05    -4.49229e-05
       -5.26e-06    -1.17832e-05
      -5.287e-06    -1.18503e-05
      -2.541e-05    -4.82591e-05
       -1.12e-07    -2.80022e-07
    -0.000336677    -0.000286182
      -4.897e-06    -1.10186e-05
        -2.1e-07    -5.32174e-07
       -4.79e-06    -1.08001e-05
       -1.33e-07    -3.34621e-07
       -1.04e-07    -2.60362e-07
      -5.127e-06    -1.14607e-05
       -3.75e-06    -8.57276e-06
     -2.0141e-05    -3.96838e-05
       -4.13e-07    -1.03976e-06
     -0.00011133    -0.000144271
     -1.4185e-05    -2.92396e-05
       -6.68e-06    -1.47268e-05
     -6.4442e-05    -9.91917e-05
     -1.3031e-05    -2.71219e-05
    -0.000239764    -0.000234303
       -1.12e-07    -2.80422e-07
     -6.1043e-05     -9.5396e-05
    -0.000302274    -0.000268756
       -4.66e-07    -1.16521e-06
     -1.5729e-05    -3.20119e-05
     -3.4213e-05    -6.15304e-05
       -4.08e-07    -1.02773e-06
       -5.12e-07    -1.27922e-06
      -1.683e-05    -3.39917e-05
       -6.58e-07    -1.63208e-06
      -1.159e-06    -2.80904e-06
       -2.49e-06    -5.81439e-06
    -0.000131933    -0.000161373
      -9.625e-06    -2.06185e-05
       -2.69e-07    -6.80422e-07
      -9.203e-06    -1.97755e-05
    -0.000235367    -0.000231687
      -9.884e-06     -2.1108e-05
      -1.819e-06    -4.30789e-06
      -2.458e-06    -5.73658e-06
       -1.37e-07    -3.41288e-07
      -4.398e-06    -9.90679e-06
       -8.39e-07    -2.06489e-06
       -2.11e-07    -5.33907e-07
      -5.412e-06    -1.21034e-05
     -2.4768e-05    -4.72225e-05
       -7.36e-07    -1.81971e-06
     -2.0656e-05    -4.04972e-05
       -5.08e-07    -1.27195e-06
        -7.8e-08    -1.90322e-07
       -8.62e-07    -2.11421e-06
       -5.27e-07    -1.31452e-06
      -9.105e-05    -0.000126097
      -3.549e-06    -8.14686e-06
     -1.1168e-05    -2.35947e-05
     -7.3782e-05    -0.000109188
     -2.1653e-05    -4.22042e-05
        -1.5e-07    -3.78949e-07
       -2.68e-07    -6.77309e-07
        -2.2e-07    -5.57402e-07
        -8.5e-08     -2.1155e-07
       -2.04e-07    -5.14755e-07
      -1.666e-06    -3.97555e-06
      -2.951e-06    -6.84291e-06
       -2.16e-07    -5.48157e-07
       -3.49e-07    -8.81839e-07
       -7.18e-07    -1.77448e-06
       -3.53e-07    -8.88253e-07
      -1.504e-06    -3.60386e-06
       -2.19e-07    -5.55108e-07
      -6.861e-06    -1.51001e-05
      -1.654e-06    -3.94721e-06
       -6.49e-07    -1.61114e-06
       -3.26e-07    -8.24141e-07
    -0.000308138    -0.000271825
      -1.297e-06     -3.1241e-06
    -0.000105844    -0.000139562
        -8.5e-08    -2.09692e-07
       -1.85e-07     -4.6703e-07
       -2.44e-07    -6.18212e-07
     -4.9343e-05    -8.15867e-05
     -1.5627e-05    -3.18623e-05
    -0.000136935    -0.000165293
      -4.656e-06     -1.0513e-05
     -1.4023e-05    -2.89421e-05
     -8.9173e-05    -0.000124387
      -7.894e-06    -1.71944e-05
      -3.098e-06    -7.12249e-06
      -7.049e-06    -1.54765e-05
     -4.7677e-05    -7.95097e-05
        -8.1e-08      -1.997e-07
     -3.8325e-05    -6.72977e-05
          -8e-08     -1.9744e-07
     -3.5664e-05    -6.35704e-05
      -9.342e-06    -2.00452e-05
     -7.5151e-05    -0.000110564
      -1.242e-06    -3.00247e-06
      -1.057e-06    -2.57391e-06
       -2.22e-07     -5.6039e-07
     -4.6079e-05    -7.74883e-05
      -1.004e-06     -2.4501e-06
    -0.000153201    -0.000177641
     -4.7217e-05    -7.88093e-05
       -3.68e-07    -9.29564e-07
      -7.334e-06    -1.60559e-05
      -3.265e-06     -7.5299e-06
     -1.3965e-05    -2.88442e-05
      -3.492e-06    -8.02567e-06
        -8.7e-08    -2.15262e-07
      -3.648e-06    -8.35664e-06
       -1.55e-07    -3.91322e-07
     -6.2647e-05    -9.71962e-05
    -0.000261851    -0.000246916
        -7.7e-08     -1.8842e-07
     -5.1411e-05     -8.4148e-05
      -4.777e-06     -1.0772e-05
       -1.96e-07    -4.95207e-07
     -2.5849e-05    -4.89396e-05
       -1.25e-07    -3.13245e-07
     -5.6626e-05    -9.03298e-05
      -1.009e-06    -2.46094e-06
       -2.11e-07    -5.35105e-07
      -2.645e-06     -6.1628e-06
      -6.576e-06    -1.45199e-05
      -1.393e-06    -3.34766e-06
       -1.35e-07    -3.40362e-07
      -8.986e-06    -1.93103e-05
       -8.46e-07    -2.07653e-06
       -3.91e-06    -8.92587e-06
       -6.33e-07    -1.57268e-06
       -3.01e-07    -7.59373e-07
    -0.000182728    -0.000198464
       -6.07e-07    -1.51085e-06
       -4.94e-07    -1.23797e-06
    -0.000409768    -0.000320217
      -3.649e-06    -8.36279e-06
        -8.9e-08    -2.21919e-07
     -2.2527e-05    -4.34648e-05
       -1.57e-07    -3.94973e-07
     -1.7066e-05    -3.43981e-05
     -3.7199e-05    -6.54729e-05
     -1.6896e-05    -3.40921e-05
     -5.3691e-05    -8.68913e-05
     -1.7991e-05    -3.60201e-05
     -2.3165e-05    -4.46577e-05
     -4.9211e-05    -8.14029e-05
    -0.000176422    -0.000194181
      -5.824e-06    -1.29636e-05
     -2.6628e-05    -5.01957e-05
     -2.9827e-05    -5.48942e-05
    -0.000141045    -0.000168477
       -1.04e-07     -2.5903e-07
      -3.319e-06    -7.65037e-06
      -3.743e-06    -8.55822e-06
     -5.6431e-05    -9.01049e-05
    -0.000149126    -0.000174629
      -7.155e-06    -1.56934e-05
       -1.47e-07    -3.70926e-07
      -1.067e-06    -2.59743e-06
       -5.75e-07    -1.43429e-06
       -9.16e-07    -2.24306e-06
     -1.6695e-05    -3.37656e-05
     -3.3946e-05    -6.11439e-05
      -1.763e-06    -4.18872e-06
       -6.17e-07    -1.53175e-06
      -1.063e-06    -2.58644e-06
     -1.6612e-05    -3.35564e-05
    -0.000155938    -0.000179665
     -2.7973e-05     -5.2089e-05
       -5.59e-07    -1.38625e-06
      -2.785e-06    -6.47169e-06
     -2.7651e-05    -5.17631e-05
      -4.751e-06    -1.07187e-05
        -1.3e-07    -3.25418e-07
     -3.3567e-05     -6.0591e-05
      -6.463e-06    -1.42837e-05
     -6.4904e-05    -9.96726e-05
        -9.1e-08    -2.26146e-07
    -0.000233653    -0.000230678
       -4.16e-07    -1.04367e-06
    -0.000163159    -0.000184904
      -5.145e-06    -1.15355e-05
       -3.37e-07     -8.5188e-07
      -6.581e-06    -1.45252e-05
       -4.55e-07    -1.14136e-06
       -5.82e-07    -1.45168e-06
     -2.4779e-05    -4.72562e-05
    -0.000320082    -0.000277938
        -8.8e-08    -2.17585e-07
      -6.957e-06    -1.52401e-05
       -5.28e-07    -1.32164e-06
      -8.958e-06    -1.93145e-05
      -1.125e-06    -2.73399e-06
       -2.21e-06    -5.19058e-06
     -5.2571e-05    -8.55393e-05
     -1.0473e-05    -2.22581e-05
       -6.25e-07    -1.55312e-06
     -2.2722e-05    -4.39459e-05
     -1.0034e-05     -2.1396e-05
       -7.29e-06    -1.59716e-05
        -9.4e-08    -2.32282e-07
     -1.2612e-05    -2.63298e-05
       -1.48e-07    -3.73574e-07
       -3.89e-07    -9.78954e-07
      -4.037e-06    -9.19149e-06
        -1.5e-07    -3.79274e-07
       -2.63e-07    -6.66651e-07
      -6.754e-06    -1.48118e-05
       -2.23e-07    -5.65904e-07
       -2.52e-07    -6.36432e-07
       -9.15e-07    -2.24183e-06
       -2.64e-07    -6.67177e-07
       -7.72e-07    -1.90396e-06
        -9.7e-08    -2.42084e-07
       -6.83e-07    -1.69371e-06
       -1.97e-07    -4.98288e-07
      -1.177e-06    -2.85234e-06
      -6.663e-06    -1.46631e-05
        -8.6e-08    -2.11793e-07
       -4.64e-07    -1.16477e-06
       -2.96e-07    -7.49352e-07
       -2.63e-07    -6.66949e-07
      -1.132e-06    -2.74977e-06
       -3.63e-06    -8.32423e-06
    -0.000147877    -0.000173687
       -1.02e-07    -2.53269e-07
        -2.9e-07    -7.32935e-07
      -1.743e-06    -4.14777e-06
       -2.65e-07    -6.69983e-07
       -8.25e-07    -2.02764e-06
      -1.788e-06    -4.25176e-06
      -1.175e-06    -2.84727e-06
       -9.08e-07    -2.22403e-06
      -9.687e-06    -2.07437e-05
     -1.7271e-05    -3.47446e-05
      -1.204e-06    -2.91471e-06
     -1.0445e-05    -2.21776e-05
      -1.431e-06    -3.43564e-06
       -2.74e-07    -6.92398e-07
      -2.656e-06    -6.18844e-06
      -1.967e-06    -4.65521e-06
       -2.73e-07    -6.91366e-07
     -2.5948e-05    -4.90983e-05
      -1.266e-06    -3.05853e-06
       -4.47e-07    -1.12238e-06
     -9.3455e-05    -0.000128449
    -0.000354456    -0.000294798
      -3.537e-06    -8.11852e-06
        -9.2e-08    -2.29414e-07
       -1.42e-07    -3.58775e-07
      -2.272e-06    -5.33576e-06
     -4.4172e-05    -7.50304e-05
       -4.69e-07     -1.1773e-06
     -3.4668e-05    -6.21554e-05
     -4.6677e-05    -7.81016e-05
     -6.4715e-05     -9.9332e-05
     -4.3953e-05    -7.47607e-05
    -0.000290329    -0.000262496
        -7.6e-08    -1.88883e-07
    -0.000381021    -0.000307341
       -2.02e-07    -5.10461e-07
    -0.000413056    -0.000321809
     -5.4382e-05    -8.77114e-05
        -5.7e-07    -1.41825e-06
      -3.813e-06    -8.71508e-06
       -1.01e-07    -2.49893e-07
    -0.000167416    -0.000187907
        -1.7e-07    -4.29835e-07
     -1.4395e-05    -2.95913e-05
      -3.099e-06    -7.16406e-06
      -3.919e-06    -8.94121e-06
       -3.83e-07    -9.65624e-07
     -1.3182e-05    -2.73975e-05
      -9.669e-06     -2.0604e-05
      -3.299e-06    -7.60417e-06
    -0.000110206    -0.000143377
     -1.6966e-05    -3.42374e-05
     -1.3846e-05    -2.86219e-05
     -5.9816e-05    -9.39925e-05
       -2.02e-07    -5.11837e-07
      -1.623e-05    -3.27916e-05
    -0.000178228     -0.00019535
       -5.04e-07    -1.26291e-06
      -7.885e-06    -1.71646e-05
      -5.275e-06    -1.18149e-05
     -3.7898e-05    -6.66424e-05
      -5.475e-06    -1.22309e-05
      -1.883e-06    -4.46733e-06
    -0.000181136     -0.00019719
       -4.38e-07    -1.09826e-06
     -1.0411e-05    -2.21488e-05
      -1.399e-06    -3.36284e-06
     -2.1462e-05    -4.18425e-05
     -1.4292e-05    -2.94437e-05
     -1.7207e-05     -3.4605e-05
       -6.16e-07    -1.53125e-06
      -2.053e-06    -4.84925e-06
       -6.63e-07    -1.64619e-06
        -1.5e-06    -3.59152e-06
          -9e-08    -2.25361e-07
       -5.23e-07    -1.30708e-06
      -9.616e-06    -2.05931e-05
     -3.7455e-05    -6.60478e-05
     -3.6376e-05     -6.4585e-05
    -0.000172548     -0.00019151
    -0.000165518    -0.000186564
      -7.724e-06    -1.68382e-05
      -3.551e-06    -8.14241e-06
     -2.7617e-05     -5.1497e-05
     -3.1141e-05    -5.70581e-05
       -5.07e-07    -1.27046e-06
     -2.0045e-05    -3.95271e-05
      -2.542e-06    -5.93806e-06
    -0.000174121    -0.000192589
       -8.28e-07    -2.02954e-06
       -1.77e-07    -4.47778e-07
     -9.8829e-05    -0.000133299
    -0.000175234    -0.000193368
      -4.784e-06    -1.07702e-05
     -4.9653e-05     -8.1781e-05
       -1.25e-07    -3.13232e-07
       -8.51e-07     -2.0919e-06
       -1.16e-07    -2.91726e-07
     -2.7168e-05    -5.10134e-05
       -4.89e-06    -1.09724e-05
     -4.3603e-05    -7.43313e-05
     -4.1047e-05    -7.09814e-05
       -4.78e-07     -1.1982e-06
       -2.93e-07    -7.40269e-07
     -3.2433e-05    -5.89199e-05
     -6.1517e-05    -9.59619e-05
        -7.8e-08    -1.93412e-07
      -1.278e-06    -3.08739e-06
    -0.000104353    -0.000138288
       -1.01e-07    -2.50937e-07
       -1.21e-07     -3.0307e-07
      -3.969e-06    -9.05326e-06
     -2.2658e-05    -4.38318e-05
       -1.05e-07    -2.60998e-07
       -1.94e-07     -4.8932e-07
       -5.98e-07    -1.48773e-06
     -6.4188e-05    -9.89334e-05
        -7.5e-08    -1.86474e-07
    -0.000318098    -0.000276905
      -5.742e-06    -1.27478e-05
       -3.21e-07    -8.10842e-07
     -6.2156e-05    -9.66138e-05
      -9.262e-06     -1.9842e-05
     -6.3581e-05    -9.82342e-05
        -9.5e-08    -2.35871e-07
       -1.94e-07    -4.91768e-07
        -3.8e-06    -8.68783e-06
       -2.09e-07    -5.28482e-07
       -1.37e-07    -3.44048e-07
       -1.67e-06    -3.98449e-06
       -3.35e-07     -8.4607e-07
     -3.0738e-05    -5.61814e-05
       -5.52e-05    -8.86257e-05
       -3.17e-07    -8.01279e-07
     -1.0549e-05    -2.24158e-05
       -2.01e-07    -5.08938e-07
       -2.08e-07    -5.25204e-07
        -7.2e-07    -1.78144e-06
     -1.2969e-05    -2.70117e-05
        -4.6e-07     -1.1546e-06
      -5.641e-06    -1.25473e-05
     -6.9059e-05    -0.000103924
       -3.97e-07    -9.99692e-07
    -0.000396626    -0.000314447
    -0.000243907    -0.000236691
      -3.053e-05    -5.61235e-05
       -8.19e-07    -2.01574e-06
    -0.000284668    -0.000259451
       -1.79e-07    -4.52089e-07
       -1.19e-07    -2.97913e-07
       -2.46e-07    -6.23814e-07
        -1.4e-07    -3.52724e-07
        -7.7e-08    -1.89057e-07
