QM Energy	FF Energy
     -1.9359e-05    -2.17133e-05
       -3.33e-07    -5.08466e-07
    -0.000576094    -0.000573672
     -8.1548e-05    -8.22088e-05
     -1.6411e-05    -1.86244e-05
    -0.000722997    -0.000765428
     -1.0695e-05    -1.25038e-05
      -6.389e-06    -7.73614e-06
      -1.167e-06    -1.59953e-06
    -0.000116407    -0.000114521
     -8.2833e-05    -8.34101e-05
      -7.607e-06    -9.10231e-06
      -1.877e-06     -2.4783e-06
       -5.75e-07    -8.36624e-07
     -9.1905e-05    -9.18661e-05
      -2.428e-06    -3.14554e-06
    -0.000362144    -0.000344807
    -0.000727919     -0.00077267
     -1.4131e-05    -1.62061e-05
     -5.3571e-05    -5.57132e-05
    -0.000173576     -0.00016696
     -1.4925e-05    -1.70503e-05
     -4.6762e-05     -4.9133e-05
      -9.395e-06    -1.10814e-05
    -0.000234338    -0.000222964
     -0.00011477    -0.000113014
       -3.82e-06    -4.79144e-06
     -6.1382e-05    -6.31875e-05
     -6.4853e-05    -6.64866e-05
     -1.4042e-05    -1.61104e-05
    -0.000650514    -0.000665683
     -5.9411e-05    -6.13078e-05
      -2.912e-06    -3.72322e-06
    -0.000333272    -0.000316611
      -5.903e-06    -7.18517e-06
       -2.51e-06    -3.24325e-06
    -0.000377322    -0.000359825
       -6.36e-07    -9.17791e-07
    -0.000313428    -0.000297488
      -2.978e-06    -3.80171e-06
     -0.00014717    -0.000142762
      -3.883e-06    -4.86439e-06
      -1.629e-06    -2.17429e-06
    -0.000108824    -0.000107532
    -0.000103089    -0.000102234
       -5.98e-06    -7.27348e-06
       -1.77e-06    -2.34773e-06
       -7.64e-07    -1.08489e-06
     -2.8301e-05     -3.0877e-05
       -9.51e-07    -1.32551e-06
      -3.908e-06    -4.89389e-06
      -1.566e-06    -2.09646e-06
      -1.576e-05    -1.79366e-05
    -0.000153268    -0.000148349
      -2.877e-06    -3.68195e-06
      -7.072e-06    -8.50428e-06
     -2.3505e-05    -2.59965e-05
     -1.2151e-05    -1.40814e-05
     -2.6467e-05    -2.90187e-05
     -4.4719e-05    -4.71459e-05
      -1.886e-06    -2.48908e-06
     -1.0111e-05    -1.18663e-05
    -0.000174771    -0.000168056
       -9.48e-06    -1.11742e-05
     -5.7242e-05    -5.92341e-05
       -3.14e-06    -3.99334e-06
     -1.4389e-05    -1.64809e-05
     -0.00072939    -0.000774846
       -2.96e-07    -4.56483e-07
       -9.84e-07     -1.3676e-06
      -3.725e-06    -4.68018e-06
    -0.000536395    -0.000527809
     -3.3395e-05    -3.59887e-05
      -3.645e-06    -4.58694e-06
    -0.000680844    -0.000705983
        -2.4e-07    -3.77791e-07
      -3.375e-06    -4.26942e-06
    -0.000397143    -0.000379658
      -2.739e-06    -3.51736e-06
       -8.33e-07    -1.17367e-06
    -0.000288023     -0.00027328
     -1.0321e-05    -1.20956e-05
     -1.5414e-05    -1.75701e-05
     -3.9365e-05    -4.19027e-05
     -3.0561e-05    -3.31528e-05
      -5.996e-06    -7.29136e-06
       -2.96e-07    -4.56285e-07
       -3.52e-07    -5.35114e-07
    -0.000130382    -0.000127366
     -8.7709e-05    -8.79608e-05
       -4.95e-05    -5.17875e-05
     -3.5525e-05    -3.81077e-05
          -7e-07     -1.0006e-06
      -3.737e-06    -4.69463e-06
      -7.755e-06    -9.26725e-06
       -4.27e-06    -5.31429e-06
     -5.0609e-05    -5.28589e-05
     -1.0253e-05    -1.20217e-05
     -2.3836e-05    -2.63357e-05
     -9.2616e-05    -9.25261e-05
       -5.93e-07    -8.60703e-07
       -4.75e-07    -7.03162e-07
      -7.982e-06    -9.51934e-06
     -2.3767e-05    -2.62642e-05
     -4.6296e-05    -4.86803e-05
       -6.05e-07    -8.76023e-07
      -1.639e-06    -2.18649e-06
      -2.175e-06    -2.84001e-06
      -1.832e-06      -2.424e-06
      -2.098e-06    -2.74787e-06
    -0.000195447    -0.000187041
       -4.92e-07    -7.25021e-07
     -1.3488e-05     -1.5518e-05
       -7.28e-07    -1.03823e-06
     -4.4955e-05     -4.7376e-05
     -5.5286e-05    -5.73605e-05
       -3.66e-07    -5.54699e-07
     -3.0921e-05    -3.35144e-05
     -1.6334e-05    -1.85421e-05
        -9.6e-07    -1.33644e-06
      -1.173e-06    -1.60681e-06
      -1.509e-06    -2.02603e-06
       -9.79e-07    -1.36071e-06
     -5.0956e-05    -5.31941e-05
     -9.2212e-05    -9.21509e-05
     -7.4749e-05    -7.58318e-05
      -9.053e-06    -1.07049e-05
    -0.000446753    -0.000430513
    -0.000189704    -0.000181763
      -1.001e-05    -1.17554e-05
       -2.77e-06    -3.55417e-06
    -0.000177625    -0.000170674
     -4.6539e-05    -4.89163e-05
      -1.654e-06    -2.20586e-06
       -1.41e-06    -1.90381e-06
       -8.32e-07    -1.17291e-06
    -0.000136434     -0.00013292
      -6.268e-06     -7.5986e-06
       -4.35e-07    -6.48557e-07
      -8.739e-06    -1.03587e-05
    -0.000636218    -0.000647304
      -1.821e-06    -2.41006e-06
       -3.65e-07    -5.52244e-07
      -2.977e-06    -3.80026e-06
     -0.00043223    -0.000415432
     -0.00029907    -0.000283771
       -8.78e-07    -1.23222e-06
     -2.3944e-05    -2.64455e-05
     -1.1353e-05    -1.32188e-05
     -8.6235e-05    -8.65863e-05
       -3.79e-07    -5.71988e-07
      -5.227e-06    -6.41527e-06
       -5.27e-07    -7.72877e-07
       -2.55e-07    -3.99458e-07
       -4.02e-07     -6.0349e-07
     -1.9571e-05    -2.19334e-05
      -2.794e-06    -3.58249e-06
      -1.282e-06    -1.74362e-06
        -3.2e-07    -4.90052e-07
     -6.7997e-05    -6.94648e-05
     -4.8787e-05    -5.10975e-05
      -1.987e-06    -2.61239e-06
     -1.2556e-05    -1.45175e-05
       -4.68e-07    -6.93462e-07
      -4.713e-06    -5.82582e-06
      -4.337e-06    -5.39249e-06
       -6.97e-07    -9.97474e-07
     -2.9514e-05    -3.21003e-05
        -2.9e-07    -4.48005e-07
    -0.000244952    -0.000232833
      -5.616e-06    -6.85951e-06
      -5.915e-06    -7.19882e-06
       -8.11e-07    -1.14585e-06
    -0.000179053    -0.000171984
      -5.396e-06    -6.60893e-06
    -0.000490724    -0.000477267
       -3.45e-07    -5.24974e-07
      -1.501e-06    -2.01625e-06
     -1.3478e-05    -1.55081e-05
     -2.6988e-05    -2.95478e-05
      -4.339e-05    -4.58487e-05
      -5.126e-06    -6.30064e-06
       -4.35e-06    -5.40741e-06
     -2.0557e-05    -2.29573e-05
      -1.156e-06    -1.58516e-06
        -6.1e-07    -8.82899e-07
    -0.000454049    -0.000438154
     -0.00015932    -0.000153894
       -3.19e-07     -4.8904e-07
    -0.000140378    -0.000136537
     -4.4972e-05    -4.73925e-05
       -3.64e-07    -5.51607e-07
      -4.715e-06    -5.82783e-06
    -0.000252542    -0.000239912
     -0.00016586    -0.000159887
      -2.799e-06    -3.58924e-06
      -8.429e-06    -1.00157e-05
     -1.0615e-05    -1.24169e-05
     -3.8466e-05    -4.10169e-05
     -8.5434e-05    -8.58388e-05
       -7.96e-07    -1.12547e-06
      -1.788e-05    -2.01685e-05
       -2.42e-07    -3.80841e-07
       -3.09e-07    -4.74623e-07
      -4.461e-06    -5.53544e-06
     -1.7511e-05    -1.97812e-05
    -0.000406254    -0.000388862
       -7.29e-07    -1.03912e-06
      -1.573e-06    -2.10502e-06
      -7.355e-06    -8.82031e-06
     -5.9499e-05    -6.13914e-05
     -9.7723e-05    -9.72657e-05
    -0.000516721    -0.000505767
      -8.319e-06    -9.89422e-06
      -8.567e-06    -1.01688e-05
     -3.2456e-05    -3.50518e-05
    -0.000414245    -0.000396982
     -9.8293e-05     -9.7794e-05
       -3.74e-07    -5.65518e-07
     -2.0206e-05    -2.25931e-05
      -1.597e-06    -2.13448e-06
      -2.722e-05    -2.97831e-05
      -4.653e-06    -5.75641e-06
     -4.1214e-05    -4.37188e-05
     -5.9133e-05    -6.10422e-05
       -4.06e-07    -6.08856e-07
      -1.009e-06     -1.3995e-06
        -6.5e-07    -9.35746e-07
    -0.000365334    -0.000347952
       -9.18e-07    -1.28362e-06
     -2.7079e-05      -2.964e-05
     -0.00036079    -0.000343474
       -3.08e-06    -3.92167e-06
     -2.0447e-05    -2.28438e-05
     -5.3503e-05    -5.56475e-05
       -2.72e-07      -4.228e-07
    -0.000740988    -0.000792243
      -8.779e-06    -1.04022e-05
     -1.7575e-05    -1.98481e-05
       -7.76e-07    -1.10021e-06
     -7.8321e-05    -7.91862e-05
      -3.304e-05    -3.56346e-05
    -0.000111997    -0.000110458
    -0.000105916    -0.000104846
      -3.904e-06    -4.88887e-06
     -5.1995e-05    -5.41959e-05
    -0.000219188    -0.000208928
    -0.000108847    -0.000107553
     -2.0007e-05    -2.23863e-05
     -0.00036576    -0.000348372
       -2.27e-06    -2.95549e-06
    -0.000706942    -0.000742266
      -5.731e-06    -6.99082e-06
    -0.000383253    -0.000365733
       -3.25e-07    -4.98019e-07
      -1.859e-06    -2.45617e-06
     -1.3894e-05    -1.59528e-05
       -5.16e-07    -7.57855e-07
      -3.851e-06     -4.8276e-06
       -8.88e-07    -1.24437e-06
     -2.7933e-05    -3.05046e-05
      -1.947e-06    -2.56363e-06
     -8.4638e-05    -8.50961e-05
    -0.000363377    -0.000346022
     -3.9135e-05    -4.16761e-05
     -5.2565e-05    -5.47449e-05
      -2.538e-06     -3.2776e-06
       -6.99e-07    -1.00042e-06
    -0.000672936    -0.000695293
      -1.193e-05    -1.38431e-05
      -2.135e-06    -2.79171e-06
       -4.09e-07    -6.13581e-07
      -9.325e-06    -1.10041e-05
       -2.76e-07    -4.28427e-07
    -0.000405382    -0.000387978
       -3.08e-07    -4.74251e-07
     -1.4753e-05    -1.68679e-05
     -7.8083e-05    -7.89627e-05
       -2.53e-07     -3.9533e-07
     -8.5093e-05    -8.55205e-05
    -0.000171971    -0.000165488
       -2.45e-07    -3.84848e-07
    -0.000301472    -0.000286059
      -2.279e-06     -2.9659e-06
        -6.2e-06    -7.52233e-06
      -3.287e-06     -4.1658e-06
      -5.537e-06    -6.76971e-06
    -0.000328267    -0.000311769
     -1.5312e-05    -1.74612e-05
      -6.354e-06    -7.69668e-06
      -1.121e-05    -1.30631e-05
    -0.000550978    -0.000544431
     -4.1349e-05    -4.38509e-05
      -1.897e-05    -2.13073e-05
       -4.76e-06    -5.88036e-06
     -8.2012e-05    -8.26428e-05
     -1.2014e-05     -1.3934e-05
    -0.000429532    -0.000412649
      -5.269e-06    -6.46382e-06
     -2.9053e-05    -3.16361e-05
      -7.284e-06     -8.7412e-06
    -0.000157582    -0.000152302
       -7.38e-07    -1.05121e-06
     -4.6309e-05    -4.86931e-05
       -9.66e-07    -1.34485e-06
       -2.42e-07    -3.80999e-07
     -1.7938e-05    -2.02289e-05
      -9.222e-05    -9.21584e-05
     -3.9947e-05    -4.24752e-05
      -9.854e-06    -1.15855e-05
       -7.34e-07    -1.04545e-06
     -0.00015732    -0.000152061
    -0.000222539    -0.000212028
     -4.9086e-05    -5.13861e-05
      -6.994e-06     -8.4162e-06
      -8.419e-06     -1.0005e-05
      -5.889e-06    -7.16948e-06
    -0.000204459    -0.000195337
      -2.056e-05    -2.29609e-05
    -0.000384775    -0.000367252
    -0.000647503    -0.000661782
    -0.000180868    -0.000173649
      -7.357e-06    -8.82289e-06
      -3.965e-06    -4.96061e-06
      -9.758e-06    -1.14803e-05
      -4.916e-06    -6.05877e-06
    -0.000196162    -0.000187699
     -0.00034056    -0.000323685
    -0.000162861    -0.000157139
      -6.103e-06    -7.41215e-06
       -3.25e-07    -4.96894e-07
      -2.416e-06     -3.1306e-06
      -2.466e-06    -3.19134e-06
    -0.000135778    -0.000132318
       -4.39e-07    -6.54269e-07
       -9.02e-07    -1.26212e-06
     -2.6113e-05     -2.8659e-05
    -0.000132388    -0.000129208
     -4.7959e-05     -5.0295e-05
     -6.9906e-05    -7.12686e-05
      -5.872e-06    -7.15108e-06
     -2.5227e-05    -2.77567e-05
      -4.615e-06    -5.71252e-06
      -2.352e-06    -3.05338e-06
    -0.000320871    -0.000304637
    -0.000705796    -0.000740638
     -1.6997e-05    -1.92414e-05
       -8.28e-07    -1.16759e-06
      -5.816e-06    -7.08679e-06
     -4.7818e-05    -5.01588e-05
     -1.5783e-05    -1.79605e-05
       -6.84e-07    -9.80562e-07
      -4.827e-06    -5.95716e-06
     -6.1046e-05    -6.28665e-05
      -3.456e-05    -3.71486e-05
     -3.6198e-05    -3.87751e-05
       -3.33e-07    -5.08125e-07
     -7.3205e-05    -7.43791e-05
    -0.000127907    -0.000125094
     -1.7252e-05    -1.95089e-05
     -9.7784e-05    -9.73228e-05
     -2.0072e-05    -2.24537e-05
    -0.000118718    -0.000116648
    -0.000181576    -0.000174299
      -6.529e-06    -7.89322e-06
      -4.033e-06    -5.03869e-06
        -2.8e-07    -4.34971e-07
        -9.9e-07    -1.37502e-06
       -2.84e-07    -4.40379e-07
     -2.3537e-05    -2.60288e-05
    -0.000106061    -0.000104981
     -5.2964e-05    -5.51288e-05
       -2.45e-07    -3.84947e-07
      -4.212e-06    -5.24713e-06
    -0.000214542    -0.000204636
    -0.000636441    -0.000647587
    -0.000585335    -0.000584641
      -2.586e-06    -3.33426e-06
       -3.36e-07    -5.13094e-07
      -4.026e-06    -5.03079e-06
      -7.541e-06    -9.02853e-06
      -5.906e-06    -7.18854e-06
    -0.000194988     -0.00018662
    -0.000339701    -0.000322849
      -7.318e-06    -8.77896e-06
    -0.000287107    -0.000272412
      -3.216e-06    -4.08315e-06
      -1.277e-06    -1.73753e-06
       -3.66e-06     -4.6042e-06
       -3.41e-07    -5.19314e-07
     -4.7961e-05    -5.02968e-05
      -1.371e-06    -1.85515e-06
     -1.8289e-05    -2.05957e-05
      -1.475e-06    -1.98457e-06
    -0.000107358    -0.000106178
    -0.000539044    -0.000530809
       -7.07e-07    -1.01053e-06
    -0.000204713    -0.000195571
     -3.0177e-05    -3.27676e-05
      -1.919e-06    -2.53033e-06
       -6.47e-07    -9.32032e-07
       -2.65e-07     -4.1255e-07
    -0.000199573    -0.000190837
      -8.978e-06    -1.06222e-05
     -1.2344e-05    -1.42896e-05
     -2.0755e-05    -2.31621e-05
       -4.67e-07    -6.92206e-07
    -0.000168052    -0.000161896
       -3.72e-07     -5.6232e-07
    -0.000459883    -0.000444296
     -1.3335e-05    -1.53541e-05
      -6.803e-06     -8.2022e-06
     -2.4548e-05    -2.70634e-05
      -1.199e-06     -1.6397e-06
    -0.000432597    -0.000415812
     -1.0584e-05    -1.23822e-05
      -5.394e-06    -6.60699e-06
      -8.079e-06    -9.62733e-06
      -4.597e-06    -5.69181e-06
       -2.71e-07    -4.21372e-07
      -1.049e-06    -1.45018e-06
     -4.4322e-05    -4.67581e-05
       -5.69e-07    -8.28328e-07
      -4.643e-06    -5.74563e-06
       -4.96e-07    -7.31297e-07
       -9.31e-07    -1.30038e-06
    -0.000331881    -0.000315263
       -5.46e-07    -7.97758e-07
      -6.082e-06    -7.38841e-06
      -2.479e-06    -3.20611e-06
     -0.00053144    -0.000522217
    -0.000177073    -0.000170168
       -7.97e-07     -1.1268e-06
      -1.857e-06    -2.45374e-06
    -0.000139916    -0.000136113
    -0.000697103    -0.000728396
      -4.963e-06    -6.11289e-06
     -2.0931e-05    -2.33441e-05
        -9.3e-07     -1.2986e-06
       -3.91e-07     -5.8914e-07
    -0.000344915    -0.000327925
      -1.423e-06    -1.91944e-06
     -3.0095e-05    -3.26855e-05
     -1.3474e-05    -1.55029e-05
      -2.023e-05    -2.26182e-05
       -2.71e-07    -4.21471e-07
       -6.24e-07    -9.00952e-07
     -1.9764e-05    -2.21341e-05
     -1.3389e-05    -1.54125e-05
      -3.195e-06    -4.05821e-06
     -1.7085e-05    -1.93331e-05
    -0.000154091    -0.000149103
     -5.5379e-05    -5.74501e-05
     -1.0989e-05    -1.28231e-05
     -7.0702e-05    -7.20205e-05
    -0.000537162    -0.000528677
      -2.699e-06    -3.46939e-06
     -3.6897e-05    -3.94674e-05
      -1.043e-06    -1.44232e-06
      -1.097e-06    -1.51087e-06
      -2.042e-06    -2.67949e-06
      -6.678e-06    -8.06162e-06
       -4.12e-07    -6.16604e-07
    -0.000745225    -0.000798704
       -4.56e-07    -6.76536e-07
     -4.8198e-05    -5.05265e-05
       -4.14e-07    -6.19569e-07
      -1.829e-06    -2.42041e-06
      -1.024e-06     -1.4181e-06
      -4.718e-06    -5.83177e-06
     -3.3898e-05    -3.64905e-05
     -2.7355e-05    -2.99202e-05
    -0.000114602    -0.000112859
      -1.697e-06     -2.2583e-06
     -1.6635e-05    -1.88602e-05
    -0.000308043    -0.000292332
    -0.000171725    -0.000165263
     -1.0247e-05    -1.20148e-05
    -0.000102191    -0.000101403
    -0.000263585    -0.000250248
      -2.532e-05    -2.78521e-05
     -2.4963e-05    -2.74878e-05
       -5.07e-07    -7.45767e-07
     -9.3956e-05    -9.37712e-05
       -5.64e-07    -8.22231e-07
     -2.5051e-05    -2.75778e-05
       -4.88e-06    -6.01821e-06
       -2.77e-06    -3.55378e-06
      -3.108e-06    -3.95559e-06
    -0.000559592    -0.000554369
       -2.77e-06    -3.55436e-06
      -6.423e-06    -7.77448e-06
    -0.000543254    -0.000535596
    -0.000645504    -0.000659201
     -5.6402e-05    -5.84301e-05
     -6.6537e-05    -6.80831e-05
    -0.000133442    -0.000130175
      -1.934e-06    -2.54852e-06
       -7.31e-07    -1.04211e-06
    -0.000519416    -0.000508761
    -0.000199981    -0.000191213
     -0.00056631    -0.000562184
     -1.5685e-05    -1.78567e-05
        -6.8e-07    -9.74345e-07
     -3.5279e-05    -3.78633e-05
     -1.1438e-05    -1.33102e-05
      -3.361e-06    -4.25343e-06
      -2.554e-06      -3.296e-06
    -0.000122683    -0.000120294
       -4.34e-07    -6.47026e-07
    -0.000406235    -0.000388841
      -9.787e-05    -9.74024e-05
     -6.1087e-05    -6.29059e-05
     -1.8058e-05    -2.03542e-05
     -3.3555e-05    -3.61488e-05
     -1.0682e-05    -1.24888e-05
      -2.632e-06    -3.39004e-06
    -0.000700025     -0.00073249
      -2.709e-06    -3.48149e-06
      -2.599e-06    -3.35026e-06
     -8.5545e-05    -8.59431e-05
     -1.2657e-05    -1.46263e-05
       -4.81e-07    -7.10496e-07
      -3.195e-06    -4.05748e-06
      -6.951e-06     -8.3679e-06
       -7.69e-07    -1.09094e-06
     -0.00010332    -0.000102448
      -2.065e-06    -2.70708e-06
      -6.123e-05     -6.3042e-05
     -5.3902e-05    -5.60309e-05
       -2.74e-07    -4.26164e-07
    -0.000530929     -0.00052164
       -2.36e-06    -3.06359e-06
      -3.602e-06    -4.53673e-06
    -0.000497348    -0.000484464
    -0.000127286    -0.000124523
    -0.000624459    -0.000632455
       -9.55e-07     -1.3305e-06
      -1.524e-06    -2.04468e-06
     -3.4071e-05    -3.66627e-05
     -2.1651e-05    -2.40883e-05
      -6.553e-06    -7.92111e-06
    -0.000186462    -0.000178784
    -0.000392157    -0.000374644
    -0.000182104    -0.000174783
        -7.6e-07    -1.07969e-06
    -0.000144057    -0.000139909
          -9e-07     -1.2597e-06
     -1.0744e-05    -1.25567e-05
      -8.535e-06    -1.01324e-05
     -2.0763e-05    -2.31704e-05
       -7.73e-07    -1.09569e-06
    -0.000558408    -0.000552997
    -0.000574612    -0.000571924
     -6.5563e-05    -6.71598e-05
       -2.29e-06    -2.97969e-06
    -0.000199819    -0.000191064
       -5.76e-07    -8.37625e-07
     -1.2223e-05    -1.41589e-05
     -3.2198e-05    -3.47939e-05
      -4.532e-06    -5.61695e-06
     -9.8506e-05    -9.79918e-05
     -1.8413e-05    -2.07255e-05
    -0.000182722    -0.000175351
     -0.00016714     -0.00016106
    -0.000247839    -0.000235524
     -1.2581e-05    -1.45447e-05
    -0.000630843    -0.000640488
      -5.191e-06    -6.37487e-06
     -1.0821e-05    -1.26403e-05
    -0.000241045    -0.000229196
      -5.146e-06    -6.32269e-06
       -3.36e-07    -5.12025e-07
    -0.000264691    -0.000251285
      -2.008e-06    -2.63753e-06
       -6.52e-05    -6.68161e-05
     -3.3602e-05    -3.61952e-05
    -0.000123573    -0.000121113
    -0.000593892    -0.000594903
    -0.000162457    -0.000156768
       -6.07e-07    -8.79483e-07
      -5.023e-06    -6.18188e-06
    -0.000126736    -0.000124019
    -0.000296526     -0.00028135
       -9.35e-07    -1.30466e-06
       -9.25e-07    -1.29235e-06
     -1.5248e-05    -1.73933e-05
    -0.000129918     -0.00012694
       -4.19e-07    -6.26321e-07
     -7.8365e-05    -7.92278e-05
     -1.0802e-05    -1.26199e-05
     -1.0738e-05    -1.25503e-05
       -9.96e-07    -1.38231e-06
    -0.000272603    -0.000258719
      -3.173e-06    -4.03162e-06
     -7.2968e-05    -7.41567e-05
    -0.000475713    -0.000461111
     -8.1707e-05    -8.23573e-05
      -9.504e-06    -1.12007e-05
      -4.589e-06    -5.68321e-06
       -6.92e-07     -9.9024e-07
       -8.64e-07    -1.21327e-06
    -0.000226279     -0.00021549
     -1.5154e-05    -1.72938e-05
      -1.825e-06    -2.41528e-06
     -3.0074e-05    -3.26643e-05
      -7.565e-06    -9.05542e-06
    -0.000127941    -0.000125125
     -1.2007e-05     -1.3926e-05
       -7.81e-07    -1.10653e-06
     -7.5506e-05    -7.65435e-05
     -7.4497e-05    -7.55953e-05
       -2.61e-07    -4.07664e-07
     -6.7109e-05    -6.86247e-05
      -8.023e-06    -9.56566e-06
    -0.000516748    -0.000505795
    -0.000151357    -0.000146599
       -4.15e-07    -6.21953e-07
      -6.651e-06    -8.03073e-06
      -6.264e-05    -6.43838e-05
     -7.2908e-05    -7.40994e-05
    -0.000107962    -0.000106736
     -2.5346e-05    -2.78781e-05
     -2.5502e-05    -2.80375e-05
    -0.000116578    -0.000114678
       -3.94e-07    -5.92992e-07
    -0.000662423    -0.000681287
     -2.3567e-05    -2.60601e-05
       -8.39e-07    -1.18123e-06
     -2.3061e-05    -2.55406e-05
       -4.88e-07    -7.19798e-07
       -3.61e-07    -5.47448e-07
     -2.4594e-05    -2.71111e-05
     -1.7954e-05     -2.0246e-05
     -9.4488e-05    -9.42652e-05
      -1.792e-06    -2.37497e-06
    -0.000360609    -0.000343296
     -6.7936e-05    -6.94073e-05
     -3.2282e-05    -3.48779e-05
    -0.000248293    -0.000235947
     -6.2623e-05    -6.43678e-05
     -0.00056248    -0.000557723
       -3.95e-07    -5.93919e-07
    -0.000238584    -0.000226907
    -0.000630282    -0.000639779
      -2.035e-06    -2.67091e-06
     -7.4933e-05    -7.60051e-05
    -0.000151002    -0.000146273
      -1.769e-06    -2.34661e-06
      -2.257e-06    -2.94004e-06
     -7.9955e-05    -8.07173e-05
      -2.955e-06    -3.77386e-06
      -5.354e-06     -6.5607e-06
     -1.1791e-05    -1.36925e-05
    -0.000401475    -0.000384027
     -4.6515e-05    -4.88932e-05
      -1.111e-06    -1.52904e-06
     -4.4454e-05    -4.68877e-05
    -0.000557107    -0.000551492
     -4.7714e-05    -5.00578e-05
       -8.52e-06    -1.01158e-05
      -1.162e-05    -1.35077e-05
       -4.99e-07    -7.35313e-07
     -2.1001e-05     -2.3417e-05
      -3.826e-06    -4.79792e-06
       -8.42e-07    -1.18528e-06
     -2.6094e-05    -2.86394e-05
    -0.000113898     -0.00011221
      -3.331e-06    -4.21766e-06
     -9.6575e-05    -9.62015e-05
      -2.243e-06    -2.92288e-06
       -2.46e-07    -3.85932e-07
      -3.926e-06    -4.91469e-06
      -2.327e-06    -3.02341e-06
    -0.000316064    -0.000300017
      -1.699e-05    -1.92339e-05
     -5.3843e-05    -5.59746e-05
    -0.000273699    -0.000259751
    -0.000100961    -0.000100265
       -5.65e-07    -8.23045e-07
      -1.105e-06    -1.52174e-06
       -8.85e-07    -1.24034e-06
        -2.8e-07    -4.34746e-07
       -8.07e-07    -1.14043e-06
      -7.809e-06     -9.3272e-06
     -1.4065e-05    -1.61356e-05
       -8.68e-07    -1.21868e-06
       -1.49e-06    -2.00285e-06
       -3.24e-06    -4.11066e-06
      -1.502e-06    -2.01794e-06
       -7.02e-06    -8.44537e-06
        -8.8e-07    -1.23497e-06
     -3.3171e-05    -3.57659e-05
      -7.749e-06    -9.25995e-06
      -2.913e-06    -3.72439e-06
      -1.381e-06    -1.86701e-06
    -0.000636052    -0.000647092
      -6.011e-06    -7.30761e-06
    -0.000349173    -0.000332082
       -2.77e-07    -4.30463e-07
       -7.21e-07    -1.02873e-06
       -9.96e-07    -1.38297e-06
    -0.000203036    -0.000194026
     -7.4554e-05    -7.56491e-05
    -0.000410688    -0.000393362
     -2.2397e-05     -2.4858e-05
     -6.7188e-05    -6.86991e-05
    -0.000311817    -0.000295944
     -3.8193e-05    -4.07476e-05
     -1.4689e-05    -1.67998e-05
      -3.407e-05    -3.66613e-05
    -0.000197664     -0.00018908
       -2.61e-07    -4.07476e-07
    -0.000165987    -0.000160004
       -2.57e-07    -4.02279e-07
    -0.000156303    -0.000151129
     -4.5113e-05    -4.75292e-05
    -0.000277175    -0.000263026
      -5.756e-06    -7.01925e-06
      -4.867e-06    -6.00348e-06
        -8.9e-07    -1.24735e-06
     -0.00019243    -0.000184268
      -4.612e-06    -5.71016e-06
    -0.000439315    -0.000422768
    -0.000195851    -0.000187413
      -1.581e-06    -2.11527e-06
     -3.5456e-05    -3.80393e-05
     -1.5601e-05    -1.77679e-05
     -6.6942e-05    -6.84662e-05
     -1.6717e-05    -1.89459e-05
       -2.86e-07    -4.43293e-07
     -1.7465e-05    -1.97324e-05
       -5.87e-07    -8.51903e-07
    -0.000243192    -0.000231194
    -0.000587949    -0.000587765
       -2.43e-07    -3.81563e-07
    -0.000209653    -0.000200125
     -2.2996e-05    -2.54738e-05
       -7.72e-07    -1.09466e-06
    -0.000118338    -0.000116298
       -4.51e-07    -6.70097e-07
    -0.000225582    -0.000214844
      -4.635e-06    -5.73585e-06
       -8.44e-07    -1.18809e-06
     -1.2558e-05      -1.452e-05
      -3.179e-05    -3.43859e-05
       -6.48e-06    -7.83773e-06
       -4.98e-07    -7.33164e-07
      -4.332e-05     -4.5781e-05
      -3.849e-06    -4.82546e-06
     -1.8757e-05    -2.10853e-05
      -2.837e-06    -3.63342e-06
      -1.259e-06    -1.71463e-06
    -0.000486188    -0.000472361
      -2.714e-06    -3.48726e-06
      -2.177e-06    -2.84265e-06
    -0.000720895    -0.000762356
     -1.7479e-05    -1.97471e-05
       -2.97e-07    -4.58632e-07
    -0.000104205    -0.000103266
       -5.93e-07    -8.60407e-07
     -8.0988e-05    -8.16843e-05
    -0.000161247     -0.00015566
      -8.021e-05    -8.09558e-05
     -0.00021673    -0.000206657
     -8.5119e-05    -8.55447e-05
    -0.000107278    -0.000106105
    -0.000202561    -0.000193588
    -0.000476697    -0.000462163
     -2.8111e-05    -3.06847e-05
    -0.000121589    -0.000119288
    -0.000133768    -0.000130474
    -0.000418128    -0.000400946
       -3.59e-07    -5.44371e-07
     -1.5872e-05    -1.80541e-05
     -1.7922e-05    -2.02115e-05
    -0.000225004    -0.000214309
     -0.00043239    -0.000415597
     -3.4588e-05    -3.71771e-05
       -5.51e-07    -8.04342e-07
      -4.916e-06    -6.05924e-06
      -2.562e-06    -3.30633e-06
      -4.188e-06    -5.21976e-06
      -7.938e-05    -8.01787e-05
    -0.000149997    -0.000145353
      -8.264e-06    -9.83297e-06
      -2.755e-06    -3.53668e-06
      -4.893e-06     -6.0332e-06
     -7.8849e-05    -7.96811e-05
     -0.00044395    -0.000427589
    -0.000126493    -0.000123796
      -2.468e-06    -3.19286e-06
     -1.3241e-05    -1.52538e-05
    -0.000125649     -0.00012302
     -2.2873e-05    -2.53471e-05
       -4.72e-07    -6.98399e-07
    -0.000148561    -0.000144036
      -3.123e-05    -3.38244e-05
    -0.000249519    -0.000237091
       -3.04e-07    -4.68383e-07
    -0.000555023    -0.000549086
        -1.8e-06    -2.38418e-06
     -0.00045587    -0.000440069
     -2.4768e-05    -2.72889e-05
      -1.433e-06    -1.93229e-06
     -3.1803e-05    -3.43986e-05
      -1.989e-06    -2.61465e-06
      -2.597e-06    -3.34742e-06
    -0.000113986    -0.000112291
    -0.000647402     -0.00066165
        -2.9e-07    -4.48645e-07
     -3.3505e-05    -3.60989e-05
      -2.341e-06    -3.04022e-06
     -4.3331e-05    -4.57907e-05
      -5.198e-06    -6.38283e-06
     -1.0427e-05    -1.22112e-05
    -0.000213244    -0.000203438
     -5.0542e-05    -5.27941e-05
      -2.798e-06    -3.58721e-06
    -0.000105444     -0.00010441
     -4.8421e-05    -5.07431e-05
     -3.5254e-05    -3.78388e-05
       -3.14e-07    -4.82542e-07
     -6.0643e-05    -6.24828e-05
       -5.55e-07    -8.10519e-07
      -1.675e-06    -2.23164e-06
     -1.9363e-05    -2.17166e-05
       -5.65e-07    -8.23795e-07
      -1.086e-06    -1.49671e-06
     -3.2485e-05    -3.50802e-05
          -9e-07    -1.26028e-06
       -1.03e-06    -1.42574e-06
      -4.186e-06    -5.21688e-06
      -1.087e-06    -1.49794e-06
        -3.5e-06    -4.41703e-06
       -3.31e-07    -5.05186e-07
      -3.078e-06    -3.91961e-06
       -7.77e-07    -1.10188e-06
      -5.444e-06    -6.66337e-06
     -3.2131e-05    -3.47267e-05
       -2.81e-07    -4.35303e-07
      -2.034e-06    -2.66986e-06
       -1.24e-06    -1.69107e-06
      -1.086e-06     -1.4974e-06
      -5.231e-06    -6.42024e-06
     -1.7391e-05    -1.96554e-05
    -0.000430216    -0.000413354
       -3.49e-07    -5.31036e-07
      -1.209e-06    -1.65246e-06
      -8.177e-06    -9.73581e-06
      -1.092e-06    -1.50452e-06
       -3.75e-06    -4.70974e-06
      -8.399e-06    -9.98261e-06
      -5.433e-06    -6.65133e-06
       -4.15e-06    -5.17471e-06
     -4.6821e-05    -4.91909e-05
     -8.1869e-05    -8.25091e-05
      -5.573e-06    -6.81115e-06
     -5.0344e-05    -5.26026e-05
      -6.665e-06    -8.04635e-06
      -1.134e-06    -1.55719e-06
     -1.2614e-05    -1.45809e-05
      -9.267e-06    -1.09402e-05
      -1.132e-06    -1.55476e-06
    -0.000118749    -0.000116676
      -5.873e-06    -7.15209e-06
      -1.952e-06    -2.56985e-06
    -0.000321891    -0.000305619
    -0.000677769    -0.000701811
     -1.6926e-05    -1.91665e-05
        -3.1e-07    -4.75923e-07
        -5.3e-07     -7.7603e-07
     -1.0743e-05    -1.25559e-05
     -0.00018606    -0.000178415
      -2.059e-06    -2.69945e-06
    -0.000152626    -0.000147761
    -0.000194019    -0.000185728
    -0.000248651     -0.00023628
    -0.000185361    -0.000177773
     -0.00061838    -0.000624871
       -2.44e-07     -3.8263e-07
    -0.000699452    -0.000731686
       -7.99e-07    -1.13037e-06
    -0.000723488    -0.000766148
    -0.000218843    -0.000208609
      -2.531e-06    -3.26843e-06
     -1.8278e-05    -2.05844e-05
       -3.44e-07     -5.2323e-07
    -0.000462651     -0.00044722
       -6.55e-07    -9.41802e-07
     -6.8821e-05    -7.02442e-05
     -1.4782e-05    -1.68986e-05
     -1.8792e-05    -2.11218e-05
       -1.65e-06    -2.20023e-06
     -6.3313e-05    -6.50236e-05
     -4.6479e-05    -4.88586e-05
     -1.5768e-05    -1.79443e-05
    -0.000358446     -0.00034117
     -8.0579e-05     -8.1302e-05
     -6.6383e-05    -6.79373e-05
    -0.000234987    -0.000223565
       -8.02e-07    -1.13359e-06
     -7.6908e-05    -7.78605e-05
    -0.000479295    -0.000464947
      -2.226e-06    -2.90153e-06
     -3.8121e-05    -4.06764e-05
      -2.542e-05    -2.79535e-05
    -0.000164285    -0.000158444
     -2.6392e-05    -2.89424e-05
      -8.862e-06    -1.04942e-05
    -0.000483372    -0.000469328
      -1.905e-06    -2.51295e-06
     -5.0273e-05    -5.25341e-05
      -6.511e-06    -7.87372e-06
    -0.000100031    -9.94039e-05
      -6.845e-05    -6.98931e-05
     -8.1514e-05     -8.2177e-05
      -2.754e-06    -3.53549e-06
      -9.686e-06    -1.14008e-05
      -2.983e-06    -3.80724e-06
      -6.994e-06    -8.41612e-06
       -3.03e-07    -4.66569e-07
      -2.312e-06    -3.00583e-06
     -4.6453e-05    -4.88328e-05
     -0.00016274    -0.000157028
    -0.000158939    -0.000153545
    -0.000470736      -0.0004558
    -0.000459624    -0.000444022
     -3.7335e-05    -3.99001e-05
      -1.698e-05    -1.92233e-05
    -0.000124959    -0.000122387
    -0.000139384    -0.000135625
       -2.24e-06    -2.91936e-06
     -9.4086e-05    -9.38922e-05
     -1.2063e-05    -1.39862e-05
    -0.000473148    -0.000458372
      -3.754e-06    -4.71423e-06
       -6.87e-07    -9.83721e-07
    -0.000333847    -0.000317167
    -0.000474885    -0.000460226
     -2.2992e-05    -2.54695e-05
    -0.000203539    -0.000194489
       -4.51e-07    -6.70072e-07
      -3.881e-06    -4.86185e-06
       -4.14e-07    -6.20136e-07
    -0.000123707    -0.000121235
      -2.346e-05    -2.59502e-05
    -0.000184247    -0.000176751
    -0.000175554    -0.000168774
      -2.099e-06    -2.74876e-06
      -1.223e-06    -1.66972e-06
     -0.00014422    -0.000140058
    -0.000240034    -0.000228255
       -2.51e-07    -3.93021e-07
      -5.934e-06    -7.22053e-06
    -0.000346067    -0.000329049
       -3.45e-07    -5.25647e-07
       -4.33e-07    -6.46462e-07
     -1.9047e-05    -2.13881e-05
     -0.00010515    -0.000104139
       -3.62e-07     -5.4892e-07
       -7.61e-07    -1.08088e-06
      -2.668e-06    -3.43265e-06
    -0.000247633    -0.000235331
        -2.4e-07    -3.77098e-07
    -0.000645497    -0.000659193
     -2.7604e-05    -3.01717e-05
      -1.356e-06    -1.83572e-06
    -0.000241703    -0.000229807
     -4.4616e-05    -4.70457e-05
    -0.000245846    -0.000233666
        -3.2e-07     -4.9083e-07
       -7.66e-07     -1.0866e-06
     -1.8216e-05    -2.05196e-05
       -8.32e-07    -1.17257e-06
       -5.04e-07    -7.41737e-07
      -7.828e-06    -9.34841e-06
      -1.422e-06    -1.91863e-06
    -0.000137108    -0.000133538
    -0.000221198    -0.000210787
      -1.338e-06     -1.8132e-06
     -5.0931e-05    -5.31695e-05
       -7.97e-07     -1.1268e-06
       -8.26e-07     -1.1649e-06
      -3.254e-06    -4.12713e-06
     -6.2347e-05    -6.41054e-05
      -2.014e-06    -2.64589e-06
     -2.7133e-05    -2.96949e-05
    -0.000260349    -0.000247215
      -1.715e-06    -2.28051e-06
    -0.000711388     -0.00074861
    -0.000567357    -0.000563408
    -0.000136958      -0.0001334
      -3.726e-06    -4.68158e-06
    -0.000612524    -0.000617621
       -6.94e-07    -9.93792e-07
       -4.25e-07    -6.34496e-07
      -1.006e-06    -1.39613e-06
       -5.19e-07    -7.61934e-07
       -2.44e-07    -3.83027e-07
