QM Energy	FF Energy
    -0.000374962    -0.000382929
     -0.00135475     -0.00120094
     -1.3859e-05    -1.67634e-05
     -2.7867e-05    -2.35418e-05
    -0.000856067    -0.000693637
     -2.3894e-05    -3.63391e-05
     -9.0388e-05    -9.81344e-05
      -9.104e-06    -1.16172e-05
    -0.000377681    -0.000412103
     -0.00103476     -0.00093484
     -2.8407e-05    -2.61042e-05
     -5.1716e-05    -8.19169e-05
     -2.7801e-05    -2.02067e-05
    -0.000667715      -0.0005634
      -6.533e-05    -6.16607e-05
     -6.1924e-05     -6.5781e-05
     -0.00171162     -0.00185602
       -1.89e-05    -2.41851e-05
    -0.000192079    -0.000205212
     -2.2082e-05    -2.95421e-05
     -0.00166722     -0.00184637
     -6.8749e-05    -0.000104205
    -0.000292888    -0.000286298
     -0.00104095    -0.000932159
    -0.000413577    -0.000383479
    -0.000113586    -0.000104132
    -0.000818678    -0.000839311
     -8.0817e-05    -7.30963e-05
     -2.6934e-05    -2.12999e-05
      -8.375e-06    -1.79764e-05
     -1.5226e-05    -2.35646e-05
     -3.3567e-05     -3.3328e-05
    -0.000152955    -0.000145893
      -8.044e-05    -0.000118724
     -2.3284e-05    -2.91902e-05
    -0.000501706    -0.000394251
     -9.7084e-05     -0.00011107
     -0.00141574     -0.00125149
     -0.00173315     -0.00201195
     -8.9262e-05    -0.000107068
    -0.000178707    -0.000219461
     -1.8031e-05    -2.33554e-05
     -6.9227e-05    -8.34737e-05
    -0.000811813    -0.000696218
    -0.000339753    -0.000306639
     -4.2006e-05    -4.83366e-05
     -0.00110642     -0.00105421
     -2.3646e-05    -2.46992e-05
     -0.00170511     -0.00139277
      -6.432e-06    -1.33778e-05
     -8.5567e-05    -0.000103034
     -1.2406e-05    -1.54377e-05
     -4.3757e-05    -3.48887e-05
    -0.000943512    -0.000964336
     -1.0693e-05    -1.73277e-05
     -2.4525e-05    -2.88574e-05
    -0.000131633    -0.000137272
     -8.1146e-05     -7.8398e-05
      -0.0013171     -0.00130149
    -0.000348547    -0.000354132
     -2.9821e-05    -4.31196e-05
     -0.00161157      -0.0013716
    -0.000184071    -0.000270994
     -5.4539e-05    -6.13948e-05
     -6.7885e-05    -7.48299e-05
    -0.000216081    -0.000182981
    -0.000440609    -0.000333322
    -0.000457569    -0.000462284
     -0.00158193     -0.00149737
     -7.1071e-05    -0.000113766
     -0.00098928    -0.000863134
     -6.0615e-05     -6.5645e-05
    -0.000933895    -0.000913131
     -6.5489e-05     -6.7903e-05
     -1.1684e-05    -2.19415e-05
     -2.3896e-05    -2.24335e-05
    -0.000106736    -0.000149222
      -4.839e-05    -7.20086e-05
    -0.000685811    -0.000628706
     -1.7078e-05    -1.81166e-05
    -0.000647768    -0.000517889
    -0.000119665    -0.000141646
    -0.000108322    -0.000132662
    -0.000254308    -0.000224172
    -0.000238321    -0.000191295
     -2.1366e-05    -2.98113e-05
    -0.000296843    -0.000302576
     -2.8464e-05    -3.28407e-05
     -0.00117909     -0.00103432
     -2.3494e-05    -2.45491e-05
     -1.7757e-05    -2.37533e-05
     -0.00227398     -0.00193239
     -6.7114e-05    -7.45401e-05
     -1.1231e-05    -1.52675e-05
     -0.00153248     -0.00187812
     -6.2743e-05    -8.05668e-05
     -2.5115e-05    -2.79989e-05
    -0.000212239    -0.000270112
     -1.1706e-05    -1.83504e-05
    -0.000441243    -0.000436564
      -0.0017128     -0.00167876
    -0.000103063    -0.000104284
    -0.000976621    -0.000950475
     -2.8313e-05    -3.79689e-05
    -0.000312486    -0.000332303
      -8.157e-06    -1.56006e-05
     -5.0489e-05    -5.51058e-05
    -0.000202791    -0.000182519
     -2.6325e-05     -2.7546e-05
    -0.000223704    -0.000221382
    -0.000338977    -0.000329437
    -0.000186088    -0.000205551
     -0.00107778    -0.000926287
      -0.0019149     -0.00185314
      -0.0004841    -0.000440455
    -0.000252817    -0.000209524
     -2.5119e-05    -3.29513e-05
     -0.00141798     -0.00133224
     -0.00026341    -0.000206898
     -0.00170256     -0.00173034
    -0.000319047    -0.000252706
     -5.9661e-05    -6.76283e-05
    -0.000114879    -0.000169176
     -7.6882e-05    -8.94211e-05
    -0.000152391    -0.000136005
     -6.6642e-05    -7.53845e-05
      -2.113e-05    -2.34204e-05
     -3.5119e-05    -2.71998e-05
       -0.000101    -0.000131708
     -0.00152888     -0.00177395
    -0.000201027    -0.000174282
     -2.6604e-05      -3.539e-05
     -0.00161708     -0.00136695
     -1.0017e-05    -1.66154e-05
    -0.000542493    -0.000546524
     -2.3671e-05    -2.95996e-05
     -1.2139e-05    -1.55923e-05
     -0.00125097     -0.00107008
     -3.4719e-05    -3.71171e-05
     -0.00044358    -0.000325711
     -0.00159083     -0.00238551
     -8.7216e-05    -9.40731e-05
     -9.3955e-05    -8.39997e-05
     -8.3023e-05    -9.50069e-05
     -0.00069079    -0.000597171
     -0.00056576    -0.000632735
     -2.4598e-05    -2.95668e-05
      -3.638e-05    -4.89954e-05
     -3.9629e-05    -3.18907e-05
     -3.6332e-05    -4.29153e-05
      -3.857e-05    -4.04513e-05
    -0.000396741    -0.000552581
     -2.0096e-05    -1.96323e-05
    -0.000129235    -0.000124848
     -7.8212e-05    -8.83358e-05
    -0.000444137    -0.000644839
    -0.000326811     -0.00032335
      -2.704e-05    -2.95025e-05
       -6.17e-06    -1.06577e-05
    -0.000808731    -0.000724397
    -0.000139847    -0.000207978
     -0.00204599     -0.00187275
     -6.0387e-05    -7.82001e-05
     -0.00096804     -0.00108324
      -4.526e-06    -9.95906e-06
    -0.000101357     -0.00010255
     -2.0194e-05    -2.25895e-05
    -0.000615803    -0.000592831
    -0.000251632    -0.000276113
     -4.8587e-05    -6.32917e-05
     -0.00123492     -0.00110551
    -0.000239603    -0.000202848
    -0.000211871    -0.000187318
    -0.000148439    -0.000162667
     -2.4104e-05    -3.70627e-05
     -1.5025e-05    -2.77784e-05
     -0.00073512    -0.000817359
      -2.654e-05    -3.46998e-05
    -0.000289567    -0.000319226
     -4.5645e-05     -7.3765e-05
     -3.3935e-05    -5.20313e-05
    -0.000165098    -0.000159368
    -0.000131043    -0.000124531
    -0.000341208    -0.000429354
    -0.000324126    -0.000246745
    -0.000254982    -0.000232216
    -0.000726635    -0.000730478
     -0.00228549     -0.00199426
     -1.9674e-05    -2.47378e-05
     -3.4186e-05    -3.11362e-05
    -0.000110234     -0.00012345
       -0.001761     -0.00164664
     -0.00154453     -0.00153969
     -4.7754e-05    -5.46671e-05
     -1.9596e-05    -2.33205e-05
     -0.00168443     -0.00156183
     -1.7702e-05    -1.86628e-05
     -0.00100909    -0.000926009
      -3.537e-05    -3.32622e-05
    -0.000104715    -0.000122761
     -0.00123046    -0.000998364
    -0.000155673    -0.000153618
    -0.000251833    -0.000258976
    -0.000204371    -0.000162328
     -3.2122e-05    -5.79658e-05
      -4.811e-05      -5.524e-05
    -0.000822968    -0.000709846
    -0.000212154    -0.000233076
       -1.48e-05    -1.80122e-05
    -0.000154763    -0.000185751
    -0.000574168    -0.000521443
     -2.5281e-05    -4.12986e-05
    -0.000400649    -0.000311303
    -0.000299044     -0.00039069
    -0.000106097    -0.000159981
      -4.037e-05    -4.17433e-05
     -2.0023e-05    -3.17019e-05
     -7.5451e-05    -7.01684e-05
    -0.000295308    -0.000307093
     -6.0879e-05    -6.16518e-05
     -8.7832e-05    -7.86277e-05
     -3.9492e-05    -5.87428e-05
    -0.000814308     -0.00076806
    -0.000114102    -0.000128862
      -0.0010971    -0.000933006
     -2.7559e-05    -3.27138e-05
     -4.8546e-05    -4.49544e-05
     -0.00010041    -9.98554e-05
     -0.00012792     -0.00010749
     -1.2406e-05    -1.40763e-05
     -7.4958e-05    -6.80264e-05
     -5.0408e-05    -4.99346e-05
     -2.8415e-05    -3.01281e-05
      -2.045e-05    -2.18117e-05
    -0.000103927    -0.000131434
     -0.00143915     -0.00122696
    -0.000320033    -0.000332259
     -5.3448e-05    -5.39877e-05
     -3.1657e-05    -2.59081e-05
     -0.00165261     -0.00153413
     -0.00120872     -0.00112307
    -0.000374505    -0.000385461
    -0.000181421    -0.000199967
    -0.000237959    -0.000299608
    -0.000983772     -0.00094736
     -3.6959e-05    -4.21784e-05
    -0.000366505    -0.000282855
    -0.000160005    -0.000225755
    -0.000263576    -0.000230164
     -0.00126189     -0.00132071
    -0.000537827    -0.000410838
     -7.5279e-05    -7.77376e-05
    -0.000205331    -0.000246937
    -0.000382133    -0.000542087
     -0.00115078    -0.000970856
     -5.2674e-05    -5.98124e-05
    -0.000179045    -0.000236705
    -0.000160197    -0.000187107
     -3.5176e-05    -3.76417e-05
     -0.00123133     -0.00100689
      -3.826e-05    -5.97245e-05
     -5.3197e-05    -6.58901e-05
    -0.000259045    -0.000267735
     -3.1371e-05    -4.59166e-05
     -6.5948e-05    -0.000113076
     -7.3061e-05     -7.6652e-05
     -1.1946e-05    -1.42457e-05
     -6.4399e-05    -4.86712e-05
    -0.000247228    -0.000261582
    -0.000103611    -0.000101058
     -6.1529e-05    -5.98799e-05
    -0.000112966    -0.000122575
    -0.000993358    -0.000983922
     -8.9887e-05    -0.000117858
     -2.3711e-05    -2.23743e-05
     -7.6278e-05    -8.73787e-05
     -2.6276e-05    -3.73663e-05
    -0.000234448    -0.000209139
    -0.000434508    -0.000461017
     -0.00108484    -0.000860106
     -0.00143511     -0.00118741
    -0.000243424    -0.000194349
     -1.8606e-05    -1.65496e-05
      -9.278e-06    -1.49478e-05
     -0.00248428     -0.00234051
    -0.000528916    -0.000676227
     -0.00107059     -0.00112569
    -0.000202431     -0.00030928
    -0.000157133    -0.000142768
     -0.00031493    -0.000276035
     -1.2472e-05    -1.79455e-05
     -3.8627e-05    -4.40716e-05
    -0.000751471    -0.000721738
    -0.000896213    -0.000882327
     -2.7223e-05    -2.65781e-05
    -0.000327318    -0.000342983
     -0.00076499    -0.000802445
     -3.1063e-05    -2.79213e-05
     -2.5625e-05    -2.38696e-05
     -0.00163469     -0.00150458
     -7.9922e-05    -9.83517e-05
     -2.2341e-05    -2.24522e-05
    -0.000313198    -0.000299125
    -0.000387197    -0.000421684
     -0.00177821     -0.00164456
     -2.9311e-05     -2.9772e-05
    -0.000507862     -0.00056254
     -1.5559e-05    -2.55766e-05
     -4.4365e-05    -3.12762e-05
    -0.000133445    -0.000191963
     -4.2978e-05    -3.90737e-05
    -0.000308475    -0.000340017
    -0.000792724     -0.00070266
     -3.8263e-05    -6.04641e-05
      -1.585e-05    -1.61503e-05
      -9.633e-06    -1.43461e-05
     -2.2303e-05    -1.74831e-05
     -1.6844e-05    -2.07883e-05
     -3.0918e-05    -3.88781e-05
    -0.000145722    -0.000217093
    -0.000892141    -0.000797791
    -0.000192331    -0.000219957
     -2.0018e-05    -1.71287e-05
    -0.000794786    -0.000637159
    -0.000303026     -0.00029903
     -0.00141126      -0.0012982
    -0.000385606    -0.000429454
    -0.000247906    -0.000218585
     -1.9168e-05    -2.91898e-05
    -0.000270827    -0.000268172
     -2.2144e-05    -2.07228e-05
     -2.9097e-05    -2.91125e-05
     -1.4845e-05    -2.11945e-05
     -0.00137848     -0.00144405
    -0.000941257     -0.00107466
    -0.000597946    -0.000581784
      -3.759e-05    -4.63205e-05
    -0.000365083     -0.00044609
     -2.9092e-05    -3.91133e-05
     -0.00211445     -0.00190638
     -0.00176334     -0.00223638
     -8.9239e-05    -0.000103759
     -2.8212e-05    -2.30611e-05
     -0.00113384     -0.00105516
    -0.000293171    -0.000338466
    -0.000295304    -0.000319746
    -0.000427624    -0.000586329
    -0.000385262    -0.000366449
    -0.000328027    -0.000299377
     -0.00160344     -0.00144179
      -9.883e-06    -1.75678e-05
     -0.00056013    -0.000497153
     -3.8161e-05    -4.45449e-05
       -8.07e-06    -1.59657e-05
     -3.1418e-05    -4.06014e-05
     -0.00220002     -0.00188489
     -0.00153367     -0.00143326
      -2.402e-05    -2.18807e-05
    -0.000175848    -0.000175828
    -0.000122051     -0.00013204
    -0.000452202     -0.00042924
     -0.00105801    -0.000828431
    -0.000107121    -0.000104509
     -3.6545e-05    -5.83079e-05
     -9.2433e-05    -8.86546e-05
     -0.00111638     -0.00111058
       -0.001297     -0.00132161
    -0.000115702    -9.21024e-05
     -3.9297e-05    -4.63878e-05
    -0.000719527    -0.000670282
     -0.00116661     -0.00106619
    -0.000243268    -0.000246728
     -1.2718e-05    -1.34218e-05
      -7.887e-06    -1.33259e-05
     -6.5309e-05    -0.000114565
     -4.2069e-05    -3.77755e-05
    -0.000695399    -0.000632709
    -0.000432413     -0.00048515
    -0.000710004    -0.000683519
    -0.000214812    -0.000205067
     -6.0402e-05    -7.69828e-05
    -0.000225735    -0.000372233
       -7.84e-06    -1.14739e-05
     -8.3548e-05    -8.61826e-05
     -2.5099e-05    -2.68572e-05
     -4.4437e-05    -4.00055e-05
    -0.000469339    -0.000423788
    -0.000969364    -0.000970238
     -5.3268e-05    -5.95728e-05
     -4.4187e-05    -4.64744e-05
       -5.33e-05    -7.68913e-05
    -0.000100206    -9.18336e-05
    -0.000440746    -0.000591789
     -2.6748e-05    -2.53805e-05
     -5.3063e-05    -7.25585e-05
    -0.000114118    -0.000100815
     -0.00182297     -0.00169565
     -2.5074e-05    -2.34005e-05
    -0.000348831    -0.000351858
    -0.000167782    -0.000170233
       -2.98e-05    -4.12727e-05
    -0.000128555    -0.000159144
      -1.915e-05    -2.36599e-05
    -0.000373985    -0.000442996
    -0.000506875    -0.000481556
      -0.0010145    -0.000975652
    -0.000554349    -0.000541333
    -0.000106791    -0.000151437
    -0.000661157    -0.000494051
    -0.000152508    -0.000191391
      -8.487e-06    -1.59462e-05
     -0.00175762     -0.00156158
    -0.000358037     -0.00037344
    -0.000815271    -0.000796297
     -0.00161793     -0.00151523
     -7.8911e-05    -0.000140246
    -0.000302179    -0.000255386
    -0.000160001    -0.000164082
    -0.000174778    -0.000218708
     -7.4065e-05    -8.48448e-05
     -1.1444e-05    -2.16459e-05
     -9.2518e-05    -0.000127377
    -0.000178542    -0.000202677
    -0.000650579    -0.000647092
    -0.000230023    -0.000175151
     -2.2313e-05    -2.49219e-05
     -2.6081e-05    -4.82059e-05
     -0.00154467     -0.00202504
     -0.00142534      -0.0011596
    -0.000198721    -0.000186925
     -0.00015234    -0.000139499
    -0.000703877    -0.000618162
     -7.7367e-05    -8.14277e-05
    -0.000506191    -0.000503374
    -0.000142608    -0.000158927
    -0.000164133     -0.00021886
     -9.6848e-05    -9.10402e-05
     -3.4862e-05    -3.46011e-05
     -0.00173466     -0.00168828
     -2.5585e-05    -4.15027e-05
     -8.1201e-05    -7.25046e-05
     -0.00190366     -0.00206025
    -0.000127243    -0.000119448
     -1.3102e-05    -1.79459e-05
     -0.00131484     -0.00112491
    -0.000211157    -0.000179803
    -0.000203246    -0.000277617
     -3.2361e-05     -4.6281e-05
     -0.00031772    -0.000255815
     -0.00073077    -0.000780715
     -0.00188512     -0.00258414
     -0.00150958      -0.0013013
     -0.00118354     -0.00109844
    -0.000286583    -0.000345265
     -0.00180936     -0.00209824
     -1.9581e-05     -1.7897e-05
    -0.000995821      -0.0010802
     -0.00167885     -0.00300838
     -0.00198572     -0.00180348
    -0.000711085    -0.000654185
     -0.00164474     -0.00156746
    -0.000126687    -0.000117917
    -0.000148591    -0.000161852
     -3.2507e-05    -3.83517e-05
     -0.00181481      -0.0014972
     -3.0514e-05    -4.58449e-05
     -1.8122e-05     -1.5474e-05
    -0.000498179    -0.000469755
    -0.000724503    -0.000826039
    -0.000130463    -0.000134007
     -5.7884e-05    -5.18598e-05
     -4.3548e-05    -3.38016e-05
     -1.6273e-05    -2.20308e-05
     -1.0034e-05    -1.56002e-05
     -0.00110003     -0.00100302
     -2.0078e-05    -2.00761e-05
    -0.000746148    -0.000829795
    -0.000798012    -0.000916804
     -4.3174e-05    -4.55557e-05
     -1.3674e-05    -2.36189e-05
    -0.000203835    -0.000337428
    -0.000415419    -0.000567125
    -0.000532392    -0.000716839
     -5.2548e-05     -5.5971e-05
    -0.000287449     -0.00025244
    -0.000108744    -0.000116998
    -0.000199666    -0.000156455
     -7.3319e-05    -7.96884e-05
     -0.00180825     -0.00168448
     -3.7151e-05    -4.02289e-05
    -0.000273858    -0.000296647
      -5.714e-06    -1.13061e-05
    -0.000684672    -0.000562355
     -0.00070686    -0.000602558
     -4.0887e-05    -2.91376e-05
     -5.6922e-05    -7.03253e-05
    -0.000119689    -0.000134211
     -1.9965e-05    -1.40396e-05
     -6.9048e-05     -0.00013082
    -0.000114087    -0.000123882
     -0.00126589      -0.0012372
    -0.000458038    -0.000423704
     -5.0058e-05    -5.20441e-05
     -1.2583e-05    -1.35068e-05
     -7.7785e-05    -7.44266e-05
    -0.000765717    -0.000561707
    -0.000113331    -0.000155335
     -7.1502e-05    -7.99148e-05
    -0.000145848    -0.000148772
    -0.000198242    -0.000183347
       -7.59e-05    -6.13681e-05
     -0.00081497    -0.000866956
     -5.6429e-05    -5.33415e-05
     -7.7744e-05     -5.9887e-05
     -0.00182133     -0.00179065
      -5.095e-05    -5.63153e-05
    -0.000246726    -0.000253632
    -0.000262738    -0.000342357
     -2.0937e-05    -2.35326e-05
    -0.000399172    -0.000539286
    -0.000375344    -0.000595051
     -9.5056e-05    -7.92277e-05
    -0.000429774    -0.000541426
     -3.7891e-05    -4.30546e-05
      -0.0017926     -0.00182783
     -0.00114096     -0.00111767
     -2.6649e-05    -2.80622e-05
    -0.000619442    -0.000660107
    -0.000892482    -0.000829636
    -0.000102116    -0.000154829
    -0.000111831    -9.78732e-05
     -0.00164157     -0.00147439
     -0.00249242     -0.00214084
    -0.000101574    -9.34628e-05
     -3.9433e-05    -5.44507e-05
     -1.1091e-05    -1.85013e-05
     -1.1335e-05    -1.91032e-05
      -3.511e-05    -3.30022e-05
     -0.00165822     -0.00164243
    -0.000146423    -0.000163984
     -0.00198371     -0.00202701
     -4.8722e-05    -3.68388e-05
     -0.00152876     -0.00134357
     -1.3734e-05    -1.96036e-05
    -0.000208923    -0.000240767
    -0.000324272    -0.000492055
     -0.00126224     -0.00114592
    -0.000231974    -0.000195312
     -1.4562e-05    -1.92845e-05
     -8.0135e-05    -9.91787e-05
     -1.8853e-05    -1.48478e-05
     -0.00121657     -0.00120724
    -0.000501046    -0.000422199
     -6.2815e-05    -8.55829e-05
    -0.000559706    -0.000663948
     -3.9517e-05     -4.5199e-05
    -0.000225864     -0.00022085
     -2.6917e-05    -3.06767e-05
     -8.2515e-05      -8.127e-05
    -0.000208561    -0.000204256
    -0.000823025    -0.000955239
     -8.4425e-05    -8.75988e-05
    -0.000117977    -0.000137263
     -0.00162649     -0.00187097
     -1.1855e-05    -2.03932e-05
     -5.8034e-05    -7.48614e-05
     -2.2294e-05    -2.84687e-05
    -0.000237855    -0.000311511
     -0.00034216    -0.000303152
     -0.00016045    -0.000215842
     -2.3051e-05    -3.76479e-05
    -0.000140127    -0.000158112
    -0.000152981    -0.000118403
     -2.2529e-05    -2.64808e-05
     -3.2424e-05    -3.33787e-05
     -0.00146722     -0.00142704
     -4.8924e-05    -5.90881e-05
     -3.6174e-05    -3.51435e-05
    -0.000179553    -0.000163759
     -6.4917e-05    -5.12478e-05
     -7.2117e-05    -7.90732e-05
    -0.000171829    -0.000174324
     -7.0898e-05    -8.75487e-05
     -1.4221e-05    -1.72924e-05
    -0.000238973    -0.000278944
    -0.000228406    -0.000340607
     -3.2912e-05    -4.08917e-05
     -0.00125582     -0.00102496
    -0.000247185    -0.000325038
     -0.00130962     -0.00112639
    -0.000210145    -0.000184178
     -3.1728e-05    -3.70107e-05
     -7.1984e-05    -6.42265e-05
     -7.0548e-05    -7.76324e-05
     -0.00231509     -0.00250466
      -6.921e-05    -0.000114102
     -1.6229e-05    -1.76237e-05
     -0.00212566     -0.00218625
     -3.1283e-05    -2.54474e-05
     -0.00105366     -0.00102031
     -0.00064061    -0.000570364
    -0.000198185    -0.000199033
     -2.9178e-05    -3.46689e-05
    -0.000402425    -0.000357683
    -0.000264953    -0.000263889
     -3.3568e-05    -3.31676e-05
     -0.00122103     -0.00097927
     -0.00152794     -0.00142929
     -1.6995e-05    -2.84871e-05
     -4.3784e-05     -4.3592e-05
    -0.000366183    -0.000351365
      -9.721e-06    -1.52409e-05
     -9.2952e-05    -0.000108752
     -5.6954e-05      -4.224e-05
      -1.247e-05    -2.33164e-05
    -0.000868161     -0.00080252
    -0.000695819    -0.000679302
     -6.3813e-05    -6.23157e-05
    -0.000704018    -0.000681352
    -0.000494864    -0.000640606
    -0.000284672    -0.000249315
     -1.2889e-05    -1.94573e-05
     -2.1252e-05    -2.94901e-05
     -8.0399e-05    -6.15507e-05
    -0.000255284    -0.000228415
      -8.708e-06    -1.08441e-05
     -9.8243e-05    -9.26834e-05
     -0.00054047     -0.00072775
    -0.000164029    -0.000158829
     -1.4474e-05    -2.42658e-05
    -0.000594287    -0.000693086
     -0.00055021    -0.000700089
    -0.000197718    -0.000211916
     -0.00177344       -0.001743
     -5.0551e-05    -6.80815e-05
    -0.000900403    -0.000927859
     -6.6755e-05    -6.17443e-05
     -0.00133004     -0.00117068
    -0.000310307    -0.000302337
     -0.00179733     -0.00159271
     -0.00139102     -0.00132379
     -6.0563e-05    -5.26709e-05
     -1.7751e-05    -3.14365e-05
     -0.00139964      -0.0013533
    -0.000130532    -0.000142774
      -0.0001351    -0.000116029
    -0.000327797    -0.000384302
     -5.7868e-05    -7.34692e-05
     -7.1333e-05    -8.26577e-05
     -7.3965e-05    -8.81211e-05
    -0.000908932    -0.000900664
    -0.000552458    -0.000507743
      -8.147e-05    -0.000127053
    -0.000303044    -0.000394959
    -0.000112003    -0.000112671
     -4.8672e-05    -5.37755e-05
    -0.000361016    -0.000437753
     -0.00109231    -0.000998379
    -0.000176545    -0.000137561
     -2.0903e-05    -3.33656e-05
    -0.000454944    -0.000355432
    -0.000765128    -0.000592205
     -2.8154e-05    -2.95182e-05
     -1.8727e-05    -1.55786e-05
     -3.4806e-05    -3.63967e-05
    -0.000771143    -0.000571406
    -0.000540221    -0.000437136
     -1.8054e-05    -2.73712e-05
     -1.2351e-05    -1.69945e-05
     -2.2152e-05      -2.817e-05
    -0.000199088    -0.000202674
    -0.000112208    -0.000180406
     -2.3393e-05    -3.54052e-05
    -0.000319216    -0.000429404
     -0.00125849     -0.00109938
    -0.000183352    -0.000228818
    -0.000833629    -0.000812755
    -0.000255861    -0.000226747
     -0.00027471    -0.000392174
    -0.000139839     -0.00014521
    -0.000100978    -0.000119673
       -8.72e-06    -1.39032e-05
    -0.000343198    -0.000310964
    -0.000774893    -0.000723957
     -3.5062e-05    -5.32091e-05
    -0.000475378    -0.000550905
     -7.5574e-05      -7.807e-05
     -0.00066599    -0.000736163
     -3.4612e-05    -3.33919e-05
     -1.1433e-05    -1.67445e-05
    -0.000357783    -0.000359734
     -3.7249e-05    -3.44285e-05
     -0.00192768     -0.00165272
     -7.3498e-05    -7.54074e-05
     -5.2993e-05    -5.17172e-05
    -0.000624278    -0.000520919
    -0.000334411    -0.000303811
    -0.000690302    -0.000715189
    -0.000406709    -0.000521475
    -0.000388362    -0.000350457
    -0.000461213    -0.000499727
    -0.000749352     -0.00076053
     -0.00180922     -0.00170047
     -1.8289e-05    -2.45967e-05
    -0.000107876    -0.000102676
    -0.000483788    -0.000469407
     -6.7034e-05    -7.34609e-05
     -3.6375e-05    -4.53398e-05
    -0.000130783    -0.000111432
    -0.000236548    -0.000245536
     -5.3304e-05    -5.44791e-05
     -0.00116537     -0.00118137
     -0.00109342     -0.00120208
     -4.7243e-05     -5.3686e-05
      -5.863e-06    -1.07463e-05
    -0.000672127    -0.000804411
     -0.00207699     -0.00210327
     -2.4138e-05    -2.44084e-05
    -0.000213505    -0.000228257
     -4.2903e-05    -3.34037e-05
     -8.9343e-05    -0.000105775
     -6.5746e-05    -8.88304e-05
     -3.5046e-05    -5.10084e-05
     -5.0679e-05     -4.8255e-05
    -0.000907352    -0.000938553
    -0.000185105    -0.000180677
    -0.000218636    -0.000287393
     -5.9675e-05    -4.91144e-05
     -3.5123e-05     -4.1527e-05
    -0.000835004    -0.000860662
     -0.00176684     -0.00160795
    -0.000177679    -0.000256566
     -2.3697e-05    -3.14341e-05
    -0.000157832     -0.00014802
     -4.2746e-05    -3.81454e-05
    -0.000822271      -0.0007587
     -6.9819e-05    -5.83875e-05
     -8.2225e-05    -8.08104e-05
     -0.00124652     -0.00126905
     -1.0219e-05    -1.82455e-05
    -0.000198693    -0.000287742
    -0.000969036    -0.000860753
     -3.6012e-05    -3.02684e-05
       -5.73e-06    -1.22218e-05
    -0.000581101    -0.000771454
     -4.7939e-05    -5.62213e-05
     -2.0721e-05    -2.00699e-05
     -7.1879e-05    -6.29328e-05
    -0.000108101     -0.00011512
      -0.0014887     -0.00142614
     -0.00119655     -0.00124452
      -2.411e-05    -2.95252e-05
     -3.6734e-05    -4.83206e-05
      -7.781e-06     -1.4162e-05
     -0.00032786    -0.000377769
    -0.000143947    -0.000186019
     -0.00137039     -0.00123786
     -3.8111e-05    -4.13547e-05
    -0.000172186    -0.000176933
     -2.8592e-05      -3.597e-05
    -0.000247805    -0.000258542
      -3.185e-05    -5.10305e-05
     -6.8055e-05    -4.99713e-05
    -0.000687465    -0.000557656
     -2.4582e-05    -2.30303e-05
     -5.2342e-05     -5.4014e-05
    -0.000519488    -0.000575724
     -2.0202e-05    -2.68449e-05
     -5.9671e-05    -4.88516e-05
    -0.000118506    -0.000112423
     -5.3441e-05    -4.58375e-05
    -0.000193138    -0.000167838
     -1.4148e-05    -1.69695e-05
     -1.4484e-05     -2.7184e-05
    -0.000109183    -0.000120502
    -0.000307875     -0.00028492
     -7.8372e-05    -8.57633e-05
    -0.000201474    -0.000216954
     -2.3894e-05    -2.18473e-05
      -8.391e-06    -9.39658e-06
    -0.000461544    -0.000365862
     -0.00168154     -0.00157543
    -0.000575777    -0.000844368
    -0.000611179    -0.000563557
     -4.6151e-05    -4.09275e-05
     -0.00177944     -0.00246496
     -1.4276e-05    -2.38878e-05
     -4.6717e-05    -5.95994e-05
      -6.864e-05    -6.90922e-05
     -6.7991e-05    -6.80858e-05
     -0.00107066    -0.000918418
     -0.00119191     -0.00105578
    -0.000167341    -0.000212658
    -0.000225194    -0.000366171
     -7.7553e-05    -0.000122248
     -2.3206e-05    -1.63135e-05
     -0.00116234     -0.00125435
    -0.000151388      -0.0002475
     -1.8215e-05    -1.91864e-05
     -9.5602e-05    -9.57718e-05
    -0.000190429     -0.00018625
     -6.3828e-05     -9.7461e-05
     -0.00163825     -0.00153601
     -2.5766e-05    -3.12722e-05
     -3.2076e-05    -3.05503e-05
     -1.0655e-05    -1.50751e-05
     -1.8974e-05    -2.28825e-05
    -0.000108143     -0.00011871
     -3.6503e-05    -3.15657e-05
     -4.8267e-05    -5.56575e-05
    -0.000406514    -0.000459799
    -0.000129072     -0.00014319
     -9.2229e-05    -9.03377e-05
     -0.00143624     -0.00149294
     -4.3321e-05    -3.33955e-05
    -0.000562279    -0.000703261
    -0.000637718    -0.000616018
      -9.702e-06    -1.85462e-05
     -5.7827e-05    -5.62065e-05
    -0.000213363    -0.000197108
     -3.6139e-05    -4.69876e-05
    -0.000339266    -0.000313983
    -0.000317127    -0.000241176
    -0.000158476    -0.000150292
     -9.7489e-05    -0.000112853
      -4.305e-06    -1.07576e-05
    -0.000536486    -0.000533125
     -0.00151691     -0.00126795
     -2.0803e-05     -1.8173e-05
     -0.00132167     -0.00112129
    -0.000577647    -0.000456461
     -0.00109098     -0.00122948
     -0.00142026     -0.00147294
    -0.000340795    -0.000385224
     -1.4314e-05    -2.45952e-05
     -0.00109662     -0.00100418
     -2.6656e-05    -4.33421e-05
    -0.000104523    -0.000120501
     -2.9139e-05    -3.06948e-05
     -0.00105562     -0.00121243
    -0.000885643    -0.000745245
      -0.0014951     -0.00153217
     -0.00074809    -0.000667706
     -1.5282e-05    -2.03353e-05
    -0.000333288     -0.00044911
    -0.000671918    -0.000572077
    -0.000398871    -0.000524291
    -0.000715635    -0.000621156
     -0.00123488     -0.00116146
     -3.2505e-05    -5.47795e-05
    -0.000181846    -0.000273747
     -1.0074e-05    -1.67086e-05
     -0.00113263      -0.0011714
      -6.719e-05    -9.22019e-05
     -8.6503e-05    -7.96903e-05
     -0.00137707     -0.00120403
      -6.261e-05    -9.49864e-05
     -2.8365e-05      -3.559e-05
    -0.000315903    -0.000363946
     -0.00125766     -0.00127523
     -8.4397e-05    -0.000133142
     -0.00020608    -0.000290025
      -8.998e-05    -0.000125719
     -1.1349e-05    -1.70426e-05
     -0.00146958     -0.00141712
      -7.056e-06    -1.19609e-05
    -0.000864861    -0.000675156
     -5.5234e-05    -5.67052e-05
    -0.000733419    -0.000627199
      -7.165e-05    -6.61882e-05
    -0.000216913    -0.000233027
    -0.000192664     -0.00020265
     -3.6742e-05    -5.21338e-05
     -2.5388e-05    -2.64037e-05
    -0.000696691    -0.000790973
     -2.3171e-05    -2.92062e-05
     -2.1173e-05    -2.36352e-05
    -0.000750723    -0.000612418
     -3.0692e-05    -4.43268e-05
      -6.146e-06    -1.28508e-05
     -1.2067e-05    -1.36508e-05
    -0.000295416    -0.000334305
    -0.000307313    -0.000282058
      -2.701e-05    -2.41516e-05
     -6.1556e-05    -9.68696e-05
    -0.000572666    -0.000528868
    -0.000484664    -0.000557033
     -0.00013471       -0.000203
    -0.000884825     -0.00078866
     -3.9166e-05     -3.5456e-05
    -0.000171812    -0.000157178
     -0.00223476     -0.00195533
    -0.000202825    -0.000238512
    -0.000128966    -0.000125643
    -0.000175787     -0.00014059
    -0.000746417     -0.00087052
     -6.8064e-05    -7.31199e-05
     -1.7022e-05    -1.85826e-05
     -8.2136e-05    -8.23643e-05
      -2.744e-05    -2.59133e-05
    -0.000190238    -0.000227794
      -5.099e-05    -5.72214e-05
