QM Energy	FF Energy
     -0.00155622     -0.00175939
     -0.00604507     -0.00613596
     0.000195532     0.000139269
    -0.000385795    -0.000331623
      0.00193723      0.00158323
    -0.000257228    -0.000435676
     -0.00120177     -0.00127078
     0.000432047     0.000426453
     -0.00112706     -0.00110918
     -0.00798605     -0.00819945
     -0.00021119    -0.000231306
     -8.1197e-05    -0.000178154
    -0.000144649    -0.000170306
     -0.00463683     -0.00434841
      -0.0016533     -0.00175812
     -0.00156337     -0.00157017
      -0.0178719      -0.0187513
      0.00058866     0.000540952
    -0.000984042    -0.000830538
    -0.000738478    -0.000651337
      -0.0166655       -0.017062
      4.7584e-05    -7.52954e-05
     -0.00108866     -0.00103026
     -0.00577192     -0.00592394
     -0.00375799      -0.0039911
      0.00361487      0.00353024
      -0.0045014     -0.00494049
     -0.00230019      -0.0023519
      7.6247e-05     0.000153465
      0.00229554      0.00225242
     0.000153782     0.000214715
     -0.00138072      -0.0013469
      0.00483813      0.00457924
      0.00103114      0.00109599
     0.000968654     0.000990145
      0.00378443      0.00350324
    -0.000243008    -0.000364012
     -0.00865664     -0.00845437
      -0.0122187       -0.012391
      0.00266254      0.00251947
     0.000263234     0.000183006
    -0.000645079    -0.000598799
    -0.000387261    -0.000263457
     -0.00463943     -0.00415975
     -0.00106696    -0.000976167
    -0.000290556     -0.00040135
     -0.00742143     -0.00745146
     -0.00023122     -0.00023329
      -0.0107426      -0.0106038
      2.6368e-05     7.00783e-06
     0.000552738     0.000603405
    -0.000312557    -0.000267795
    -0.000252239    -0.000249085
     -0.00396109     -0.00330845
     0.000152908      8.7496e-05
    -0.000129696    -0.000235892
     -0.00184272     -0.00182329
     -0.00187018     -0.00198754
     -0.00843869     -0.00870684
     -0.00430274     -0.00436392
    -0.000230497    -0.000218783
      -0.0112185      -0.0116823
      0.00154251      0.00167224
      -0.0025863     -0.00262043
     0.000217552     0.000222198
     -0.00085178    -0.000736988
     -0.00471781     -0.00461163
     -0.00612455     -0.00647581
      -0.0132059      -0.0127135
      2.9625e-05    -1.41043e-06
     -0.00280519     -0.00335032
     -0.00135501     -0.00132388
     -0.00522559     -0.00541327
    -0.000590194    -0.000492178
     -3.5927e-05    -5.05498e-05
     0.000213881     0.000240368
     0.000662135     0.000691002
     -0.00128557     -0.00136643
     -0.00139584     -0.00185635
    -0.000602996    -0.000654052
     -0.00493261     -0.00488361
      7.6913e-05     9.58967e-05
      0.00152308      0.00124052
     -0.00111184     -0.00110632
     -0.00267146     -0.00274966
     0.000436834     0.000436355
     -0.00376716     -0.00383734
    -0.000585548    -0.000712779
     -0.00543291     -0.00506914
     -3.6271e-05    -1.34906e-05
      0.00102326       0.0010209
      -0.0151461      -0.0147059
     0.000391786     0.000465485
     0.000349196     0.000327749
      -0.0172658      -0.0175331
     -0.00152551     -0.00141373
     -0.00150079     -0.00156599
     -0.00195205     -0.00184376
      0.00196429      0.00191783
     -0.00447226      -0.0044256
      -0.0180709       -0.018791
      0.00159381      0.00151955
     -0.00763263     -0.00814784
    -0.000219305    -0.000188204
     -0.00387934     -0.00386081
     0.000629504     0.000609163
     -0.00224855      -0.0023994
     -0.00253487     -0.00242501
     0.000478312     0.000533858
     -0.00190719     -0.00205771
     -0.00331362     -0.00335588
      0.00299282      0.00290108
    -0.000508666    -0.000227074
     -0.00981463     -0.00861219
     -0.00207816     -0.00186634
     -0.00112595     -0.00106956
     0.000195279     0.000233293
     -0.00930476       -0.009688
     -0.00136508     -0.00129804
      -0.0133364      -0.0123869
     -0.00124755     -0.00116754
      2.4438e-05     6.56689e-05
     0.000676716     0.000697623
    -0.000777744    -0.000782194
     -0.00308521      -0.0030107
      -8.679e-05    -0.000120439
    -0.000291789    -0.000327577
     -3.6027e-05    -1.53146e-05
    -0.000687298    -0.000656187
      -0.0183143      -0.0191641
      0.00281884      0.00271835
     0.000760535     0.000760218
      -0.0044549     -0.00454164
      0.00220187      0.00219144
      0.00106304      0.00078494
      0.00100936     0.000971026
      -0.0008175    -0.000785377
     -0.00559753     -0.00594279
      0.00017194     0.000212965
     -0.00419801     -0.00404924
      -0.0236506      -0.0236611
     -0.00187785     -0.00190039
    -0.000925222    -0.000989527
    -0.000600336    -0.000599168
     -0.00315533     -0.00318632
     -0.00235536     -0.00265699
     0.000561938     0.000593692
     -0.00088844    -0.000941032
     -3.4117e-05     6.28969e-06
     -0.00151077     -0.00151233
     0.000219057     0.000230527
     0.000372253     0.000326235
    -0.000982286    -0.000940653
    -0.000288632    -0.000172501
      0.00394395      0.00382151
     0.000522368      0.00072105
      -0.0037343     -0.00385104
     -0.00143343     -0.00145542
      0.00123379      0.00126541
     -0.00511144     -0.00514054
     0.000672659     0.000392853
      -0.0154823      -0.0153344
    -0.000829876     -0.00075678
     -0.00250745     -0.00273914
      0.00240476      0.00236713
      9.1756e-05     0.000197334
    -0.000474851     -0.00058829
      -4.745e-06     0.000377898
     -0.00214008     -0.00271513
    -0.000340234    -0.000434792
     -0.00757744     -0.00678319
     -0.00179796     -0.00181755
     -0.00064595    -0.000643548
    -0.000425106    -0.000530942
      0.00128788       0.0011894
      0.00142551      0.00149704
    -0.000641292    -0.000517828
     -0.00170607     -0.00162029
    -0.000484881    -0.000329257
    -0.000647417    -0.000810762
      0.00125126      0.00107381
     -0.00151221     -0.00165051
     -0.00037916    -0.000295548
      0.00187396      0.00144643
     -0.00273797     -0.00270453
     -0.00412429     -0.00421555
     -0.00173653     -0.00116367
      -0.0179709      -0.0182234
    -0.000925319    -0.000970371
     -0.00122182     -0.00116256
     -0.00266327     -0.00285734
      -0.0039805     -0.00430303
      -0.0124319      -0.0126784
     -0.00160378     -0.00160585
     -0.00085423    -0.000816045
     -0.00262866     -0.00174482
     -0.00106559     -0.00107438
     -0.00449914      -0.0047764
     -0.00100106     -0.00104078
     -0.00158544     -0.00183228
     -0.00630417     -0.00635411
    -0.000446138    -0.000403268
    -0.000857254    -0.000823719
     -0.00117827     -0.00121608
      0.00106864      0.00097871
      0.00210784      0.00200242
     -0.00136167     -0.00171489
     -0.00129055     -0.00112155
    -0.000183387    -0.000188964
     -0.00106472     -0.00119556
      -0.0032305      -0.0036993
     0.000146259     0.000110125
     -0.00271979     -0.00265078
    -0.000842311    -0.000989791
     0.000765293     0.000795359
     0.000114439     0.000130137
     0.000274281     0.000241178
     -8.3025e-05    -5.69311e-05
     -0.00336714     -0.00358754
     -0.00131724     -0.00137189
     -0.00048797    -0.000480557
     0.000112312     0.000226041
     -0.00757686     -0.00765197
     0.000496019     0.000307708
     -0.00917961      -0.0091284
     -0.00169865     -0.00171276
     -0.00156516     -0.00149778
     -0.00134604     -0.00143496
     -0.00111703     -0.00118107
     0.000449504     0.000468459
    -0.000267391    -0.000213279
     -6.7018e-05     3.48522e-05
    -0.000824384    -0.000835434
    -0.000473735    -0.000488572
      0.00143995      0.00102726
      -0.0095557      -0.0091083
     -0.00259805     -0.00331698
      0.00021365     0.000267407
    -0.000340429    -0.000387998
      -0.0140638      -0.0138274
      -0.0106201      -0.0103964
     -0.00280344     -0.00310455
    -0.000871134     -0.00108623
      0.00103425      0.00122395
     -0.00738926     -0.00738356
     -0.00134881     -0.00140834
     -0.00274412     -0.00288638
      0.00012465     0.000361691
     -0.00220171     -0.00218734
     -0.00913779     -0.00967298
       0.0028686      0.00258414
     0.000205041      0.00028132
    -0.000789261     -0.00126249
      0.00182316      0.00181205
     -0.00786699     -0.00792369
     0.000183218     4.60738e-05
     0.000498167     0.000606095
     0.000217334      0.00028289
     -0.00177598     -0.00178847
     -0.00910214     -0.00887969
    -0.000408613    -0.000510325
     -0.00225385     -0.00222304
     -0.00170087     -0.00180674
    -0.000506567    -0.000691035
    -0.000174355    -4.72901e-05
     -0.00176635     -0.00168439
       4.384e-06     -5.2593e-07
     -0.00112011     -0.00112695
     -0.00117742     -0.00133452
    -0.000387836    -0.000375092
    -0.000852318    -0.000862791
     -0.00188917     -0.00206344
     -0.00531965       -0.006005
      9.5087e-05     0.000133097
     0.000160238     0.000179685
    -0.000879001    -0.000955713
     0.000351876     0.000318735
      0.00196097      0.00179343
     -0.00686138     -0.00735028
      0.00233191      0.00245665
     -0.00949567     -0.00899731
    -0.000956739    -0.000906434
    -0.000612176     -0.00065691
      0.00142405      0.00146044
      -0.0174433      -0.0175439
     0.000330177     0.000664011
      -0.0105891      -0.0107068
     -6.4656e-05     -8.4014e-05
     -0.00215288     -0.00237918
     0.000305315     0.000142519
      0.00095348     0.000917268
     -0.00116154     -0.00133518
     -0.00925794     -0.00909433
     -0.00316892     -0.00303674
     -0.00124927     -0.00123594
     -0.00272697     -0.00321113
     -0.00209048     -0.00169332
      4.4461e-05     7.26293e-05
     -0.00110338     -0.00115057
      -0.0129436      -0.0135526
      0.00144153      0.00123346
    -0.000603521    -0.000568103
     -0.00406169     -0.00414949
     0.000801663      0.00124354
      -0.0103668      -0.0101739
     -0.00134804     -0.00143707
      0.00156462      0.00116647
    -0.000161391    -0.000270987
     -0.00023496    -0.000257527
      0.00119043     0.000707839
    -0.000373302    -0.000430278
     -0.00240996     -0.00275665
     -0.00641545     -0.00652729
     0.000345928     0.000346488
     -0.00101362     -0.00103116
     0.000943076     0.000924439
      3.4101e-05     3.99797e-05
     -0.00034363    -0.000283297
      0.00190256      0.00189959
     0.000794814      0.00043145
      -0.0046678     -0.00477171
     0.000188128     0.000109063
     0.000197058     0.000214619
     -0.00426267     -0.00454647
      -0.0013533     -0.00144469
        -0.01081      -0.0121705
     0.000561558    -4.87062e-05
    -0.000185868    -0.000155801
       0.0021215      0.00205547
     -0.00328054      -0.0033112
     -0.00129795     -0.00127804
     0.000213961     0.000231265
    -0.000362306    -0.000395306
     -0.00952969      -0.0101428
     -0.00165382    -0.000934094
     -0.00242607     -0.00224857
       0.0034509      0.00334385
     -0.00401684     -0.00455178
      9.0379e-05     9.04727e-05
      -0.0142304      -0.0134754
      -0.0223868      -0.0225293
      -0.0015702     -0.00175105
    -0.000682128     -0.00068299
     -0.00748642     -0.00756627
     0.000233418     0.000433191
     -0.00392899      -0.0037632
     -0.00122167     -0.00105159
     -0.00194714     -0.00179146
      0.00278629      0.00230834
      -0.0070102     -0.00689851
     0.000487959     0.000486929
     -0.00529315     -0.00538903
     -0.00014118    -0.000183785
     0.000907365     0.000919809
      -0.0018954     -0.00189871
      -0.0112057      -0.0120799
      -0.0088074     -0.00765153
    -0.000665911    -0.000613857
     -0.00374478     -0.00380417
      -0.0011658     -0.00133437
     -0.00266137     -0.00280139
     -0.00890676      -0.0086056
     -0.00173626       -0.001869
    -0.000464866    -0.000386488
     -0.00184236     -0.00179137
     -0.00517271     -0.00505096
      -0.0129337      -0.0134033
     -0.00104923     -0.00105471
     0.000184975     0.000209419
     -0.00620336     -0.00622903
      -0.0101024      -0.0101788
     -0.00278121     -0.00283559
    -0.000602409    -0.000649492
      0.00197324      0.00195743
      0.00169993      0.00175619
     -0.00127684     -0.00124648
     -0.00622188     -0.00677985
     -0.00394435     -0.00438454
     -0.00562472      -0.0057391
     -0.00410231     -0.00419233
     -0.00056587    -0.000806361
     0.000816923     0.000992285
    -0.000397483    -0.000482016
    -0.000659815    -0.000628667
     -0.00114506     -0.00112053
     -0.00121687     -0.00121493
     -0.00147432      -0.0012411
       -0.002884      -0.0025128
     -0.00103294     -0.00102124
     -0.00169922     -0.00165812
     0.000188891     0.000118516
    -0.000473501    -0.000470806
     0.000769606        0.000907
     0.000112212     0.000140193
    -0.000629334    -0.000850489
    -0.000552141    -0.000477798
     -0.00886706     -0.00975187
     -0.00124998     -0.00123331
     -0.00109957     -0.00104224
      -0.0023458     -0.00244833
      0.00255406      0.00247009
    -0.000481011    -0.000589747
      8.4523e-05    -3.71094e-05
     -0.00151978     -0.00144692
     -0.00462032     -0.00478307
     -0.00596751     -0.00593913
    -0.000907412    -0.000397928
     -0.00107978     -0.00102414
     -0.00605358      -0.0058763
     -3.7532e-05    -6.79113e-05
     0.000916515     0.000905973
      -0.0066785     -0.00577376
     -0.00235274     -0.00255261
     -0.00692124     -0.00691979
     -0.00889696     -0.00866494
      0.00073532     0.000809933
     -0.00344337     -0.00349977
     -0.00160872     -0.00180082
      0.00239245       0.0024124
     -0.00230196     -0.00229961
      0.00012743      2.2416e-05
      6.1962e-05       0.0001041
     -7.3726e-05     0.000109146
     -0.00193849     -0.00171722
     -0.00263442     -0.00252713
     -0.00112802     -0.00118581
     0.000402611     0.000484707
      -0.0178203      -0.0180605
      -0.0108912       -0.010618
      0.00360383      0.00334918
     -0.00113168     -0.00104837
    -0.000266721    -0.000728385
     -0.00104332    -0.000983196
     -0.00378951      -0.0039231
    -0.000544024    -0.000672353
      0.00129133      0.00133722
       0.0037934        0.003671
     -0.00117725     -0.00118552
     -0.00987234     -0.00922688
     0.000593722     0.000559559
      -8.938e-06       1.727e-05
      -0.0159135      -0.0145756
     -0.00176391     -0.00203016
     -4.6189e-05     4.55032e-05
     -0.00651003     -0.00665458
     -0.00131148     -0.00123416
    -0.000238354    -0.000455352
    -0.000655367    -0.000653392
      -0.0022125     -0.00225051
     -0.00606732     -0.00574834
      -0.0226673      -0.0223679
     -0.00246421     -0.00329857
     -0.00481202     -0.00427467
    -0.000949289     -0.00105762
       -0.021101       -0.020794
    -0.000898086    -0.000918887
     -0.00260655     -0.00251413
      -0.0308289      -0.0308596
      -0.0124415      -0.0124201
     -0.00445528       -0.004504
      -0.0162314      -0.0151354
     -0.00242398     -0.00241614
     -0.00140084     -0.00143509
     -0.00039535    -0.000459569
      -0.0103348     -0.00960324
    -0.000239834    -0.000347929
       2.146e-05     3.34125e-05
    -0.000600644     -0.00106548
     -0.00250129     -0.00309956
      0.00100688     0.000737058
    -0.000538001    -0.000467186
    -0.000349808    -0.000347102
     -0.00105062    -0.000992296
       0.0012533      0.00115802
     -0.00683578      -0.0068872
    -0.000259435    -0.000293578
     -3.2678e-05    -0.000677502
    -0.000715876    -0.000362706
    -0.000870777     -0.00083462
    -0.000468046    -0.000515904
      0.00207958      0.00213986
      0.00099015      0.00123717
     -7.8503e-05     0.000135529
    -0.000112921     -0.00011294
      0.00373002      0.00326146
     -0.00319447     -0.00330695
     -0.00115613     -0.00116851
     0.000646914     0.000477925
       -0.011217      -0.0110581
     -0.00156608     -0.00152987
    -0.000613291    -0.000394465
    -0.000355334    -0.000422658
      0.00200219      0.00179584
     -0.00326451      -0.0031986
    -0.000256169    -0.000218123
     0.000600766     0.000667448
       3.657e-06     6.35178e-05
      6.8931e-05     8.96563e-05
      0.00149795       0.0015744
     -0.00323103     -0.00337596
     -0.00848066     -0.00883559
      -0.0045606     -0.00464202
     -0.00202307     -0.00199938
    -0.000398499    -0.000446486
    -0.000451676    -0.000523297
     -0.00616814     -0.00610744
     -0.00188386     -0.00173967
    -0.000747471     -0.00106121
     -0.00264672     -0.00270054
    -0.000526701    -0.000341918
    -0.000295964    -0.000292106
     -0.00402712     -0.00419199
     -0.00190586     -0.00199331
    -0.000202024    -0.000142784
     -0.00983569     -0.00953808
     0.000965108     0.000949422
     -0.00156062      -0.0019236
     -0.00225711     -0.00264789
     -0.00102622    -0.000996711
      -0.0013582      -0.0016094
      0.00131214      0.00150706
    -0.000568347    -0.000584714
      0.00158998     0.000986295
     -2.6782e-05    -4.60145e-05
      -0.0119235      -0.0124494
     -0.00758812     -0.00782693
    -0.000134136    -0.000145618
     -0.00384833     -0.00401274
     -0.00977452     -0.00997102
      8.0916e-05    -4.28213e-05
     -0.00247213      -0.0024093
      -0.0101159      -0.0106031
      -0.0147982      -0.0146347
      -0.0017863     -0.00172155
      0.00138588      0.00130862
      1.9442e-05     6.45257e-07
      0.00121528      0.00124202
    -0.000519769    -0.000508765
     -0.00435772     -0.00424358
    -0.000935182     -0.00102292
     -0.00832089     -0.00727519
     -0.00050077    -0.000536264
     -0.00791316     -0.00753735
     0.000446769     0.000454632
      0.00265727       0.0025279
      0.00174273      0.00182868
     -0.00879818     -0.00970502
      0.00246511      0.00240307
    -0.000378489    -0.000400621
    -0.000900471    -0.000797231
      2.6261e-05     1.58905e-05
       -0.013206       -0.013258
      0.00195657      0.00147698
    -0.000695151    -0.000961272
     -0.00392453     -0.00340051
    -0.000154961    -0.000139769
      0.00116039      0.00108826
     -0.00155575     -0.00160364
     -0.00257804     -0.00261499
     -0.00163357     -0.00179463
     -0.00108154    -0.000857625
     -0.00255383     -0.00265247
     -0.00212776     -0.00233993
      -0.0169866      -0.0169755
     0.000671131     0.000616295
     0.000552347     0.000614936
     0.000560036      0.00054848
      0.00104129     0.000793792
     -0.00165619     -0.00173718
     -0.00114242     -0.00145437
     0.000313989     0.000295603
     -0.00164169     -0.00161239
     -0.00115894     -0.00121233
     -0.00115021     -0.00112173
    -0.000135293     -0.00017418
     -0.00339852     -0.00458096
     -0.00170382     -0.00178124
      -4.818e-05     -7.9452e-05
    -0.000698359    -0.000813281
    -0.000354299    -0.000349402
      0.00196429      0.00182095
     -0.00297009     -0.00306412
     0.000668772     0.000747459
    -0.000447038    -0.000512787
      0.00121399     0.000808694
     0.000464114     0.000658926
      9.0663e-05    -9.55963e-05
      -0.0100897      -0.0101709
     -6.3568e-05    -5.64051e-05
     -0.00907663     -0.00898064
      0.00368498      0.00349582
      0.00258985      0.00256116
      -0.0020548      -0.0020206
      0.00192064      0.00175862
      -0.0213321      -0.0219056
     0.000928643      0.00100602
     0.000173536     0.000215921
      -0.0176536      -0.0170582
    -0.000712004    -0.000667475
     -0.00738929     -0.00763798
     -0.00626844     -0.00631019
     -0.00276508     -0.00281546
     0.000694536      0.00059808
     -0.00203338     -0.00198693
     -0.00203936     -0.00231691
     -0.00182308     -0.00180517
     -0.00872575     -0.00884222
       -0.010759      -0.0110661
    -0.000590501    -0.000709304
    -0.000153947     -0.00021127
      0.00172666      0.00129643
     0.000861247     0.000848233
    -0.000495136    -0.000458813
     -0.00033439    -0.000331488
      0.00048171     0.000497504
     -0.00365417     -0.00373425
     -0.00354953     -0.00404761
    -0.000947075    -0.000901433
     -0.00600971     -0.00630245
     -0.00124589    -0.000778871
     -0.00265669     -0.00302856
    -0.000786417    -0.000915141
     0.000560949     0.000579397
     -0.00107051     -0.00105674
     -0.00108573    -0.000905924
     0.000241139     0.000252585
    -0.000278965    -0.000229292
     0.000860286      0.00114498
     -0.00157667     -0.00169797
     0.000801607     0.000788825
    -0.000176453      2.6337e-05
     0.000198893     0.000356657
    -0.000123245    -0.000177441
     -0.00895258     -0.00836755
    -0.000755949    -0.000939551
      -0.0080778     -0.00838905
     -1.8414e-05     2.79197e-05
     -0.00247582     -0.00277797
     -0.00423426     -0.00433253
     -0.00666284     -0.00665489
    -0.000236002    -0.000424358
    -0.000908033    -0.000851511
    -0.000368823    -0.000496698
      -0.0040637     -0.00504827
    -0.000390102    -0.000466881
     -0.00220782     -0.00223487
     -6.3356e-05     0.000116643
     -0.00226281     -0.00222573
      0.00279603      0.00256384
    -0.000144378    -0.000351905
      -0.0089804     -0.00919234
     -0.00166686     -0.00144673
     0.000332977     0.000299046
     0.000572544     0.000767997
     0.000740627     0.000580881
     -0.00109598     -0.00126842
     -0.00130659     -0.00212213
     -0.00768934     -0.00727868
     -0.00230859     -0.00238969
      0.00177212       0.0017095
     -0.00234248     -0.00209926
     -0.00515584     -0.00490477
    -0.000670776    -0.000632626
    -0.000122546    -0.000164275
    -0.000953711    -0.000957985
     -0.00584904     -0.00578927
     -0.00411911     -0.00444089
     0.000248041     0.000149544
    -0.000697526    -0.000734158
      0.00157314      0.00156373
    -0.000222383    -8.62598e-05
     -9.9165e-05    -3.97871e-05
     0.000680904     0.000640045
     0.000524012     0.000750097
     -0.00430763     -0.00380659
       -0.002623     -0.00278255
     -0.00687352     -0.00709848
      0.00174614      0.00180327
     0.000969767      0.00117327
    -0.000140187       -6.46e-05
     -0.00116669     -0.00136662
      0.00153187      0.00147035
     -0.00228582     -0.00268333
     -0.00427259     -0.00350091
        9.63e-05     5.77458e-05
     -0.00210418     -0.00172781
    -0.000750174    -0.000850959
     -0.00201501     -0.00186632
     -0.00123136      -0.0012351
    -0.000205817    -0.000235459
     -0.00386079     -0.00437426
     -0.00010887    -6.05795e-05
      -0.0121603       -0.011975
    -0.000589149    -0.000709418
    -0.000528197    -0.000506783
     -0.00397429      -0.0037358
     -0.00356838     -0.00354987
     -0.00344084     -0.00368243
     -4.1036e-05     0.000212337
    -0.000406563    -0.000925889
     -0.00353879     -0.00379208
     -0.00262358     -0.00177816
      -0.0117308      -0.0113926
     0.000828434     0.000784508
      0.00172882      0.00152891
     -0.00292409     -0.00314074
    -0.000375045    -0.000568672
    -0.000241603    -0.000334133
     -0.00155091     -0.00148401
     -0.00459751     -0.00466999
    -0.000803041    -0.000881842
     -0.00884001     -0.00823362
     -0.00277127     -0.00209186
     0.000217462     0.000299217
     0.000495319     0.000518523
    -0.000423792     -0.00104198
     -0.00952755     -0.00798324
     0.000327507     0.000322017
    -0.000116887    -0.000293048
     -5.3584e-05    -3.93459e-05
      6.6831e-05     0.000134126
     -0.00146239     -0.00155281
     0.000423122     0.000375916
    -0.000876418    -0.000923244
     -0.00173796     -0.00165133
     -0.00228125     -0.00245688
     -0.00232127     -0.00245575
    -0.000501893    -0.000423442
     0.000953846     0.000832481
       0.0012779      0.00195294
     -0.00419417     -0.00301331
      0.00101484      0.00107922
     0.000260131     0.000310089
    -0.000453775    -0.000360235
      -6.704e-05    -4.64213e-05
     -0.00522359     -0.00485752
    -0.000394652    -0.000381639
       -0.000206    -0.000170182
     -0.00887674     -0.00822128
      0.00309199      0.00299807
     0.000192958     0.000216683
     -0.00491889     -0.00509764
    -0.000221888    -0.000200406
      0.00104938     0.000955786
    -0.000198233     0.000340238
     -0.00248393     -0.00251483
     -0.00140885     -0.00144896
    -0.000192066    -0.000151745
      -0.0014386      -0.0014263
     -0.00700625     -0.00652901
      -0.0108259      -0.0111084
     -0.00118467     -0.00123635
     0.000541487     0.000570928
     0.000427253     0.000426115
     -0.00499815     -0.00494217
     -0.00043175    -0.000643978
     -0.00917041     -0.00909236
    -0.000395958    -0.000519136
     -0.00221873     -0.00218788
      0.00063558     0.000683061
     -0.00141023     -0.00149592
     0.000941495     0.000842239
    -0.000391936    -0.000427027
      0.00152561     0.000803266
      7.2418e-05     6.77538e-05
    -0.000646193    -0.000743272
    -0.000449799    -0.000299724
      0.00164572      0.00154918
    -0.000264075    -0.000244728
    -0.000517537    -0.000517461
    -0.000288385    -0.000302698
      0.00318505      0.00309105
     -0.00050083    -0.000564517
      0.00068669     0.000731331
     -0.00093236    -0.000729414
    -0.000731227     -0.00110143
     -0.00253974     -0.00263749
      7.6125e-05     0.000166991
      7.7118e-05     7.43488e-05
     0.000410202     0.000425351
     -0.00290444     -0.00290032
     -0.00978561     -0.00968127
      0.00126455      0.00152258
     -0.00591083     -0.00581305
     -0.00161279     -0.00159952
      -0.0231135       -0.023222
      0.00303127      0.00292564
     0.000258032     0.000223503
    -0.000368538    -0.000356223
     -0.00123925     -0.00131115
      -0.0046322     -0.00459914
     -0.00775102     -0.00798339
     -1.4568e-05     0.000116541
     0.000787907       0.0010295
    -0.000834563    -0.000810379
     -3.3775e-05    -1.50181e-05
     -0.00350444      -0.0034256
       0.0014636      0.00149242
     0.000108463     0.000109178
     -0.00255817     -0.00266862
      -0.0018974     -0.00208809
      0.00147159      0.00125562
     -0.00421248     -0.00458462
      0.00015961     4.95079e-05
     -0.00150717     -0.00153873
     0.000209786     0.000285608
     -0.00117552     -0.00127795
     -0.00273694     -0.00277306
    -0.000316703    -0.000300906
     -0.00194712     -0.00193983
     -0.00115087     -0.00135499
     -0.00223617     -0.00240407
     -0.00039346    -0.000340211
      -0.0145407      -0.0149789
     -0.00101176     -0.00103292
    -0.000309629     3.30182e-05
     -0.00649534     -0.00653577
      0.00202667      0.00202806
    -0.000649915    -0.000661258
      -0.0021222     -0.00240053
     0.000198519     0.000175101
     -0.00245275     -0.00266394
     -0.00191677     -0.00206712
     -0.00034039    -0.000475318
     -0.00284035     -0.00275352
      0.00120794      0.00122063
      -0.0047107     -0.00496362
     -0.00795432     -0.00817787
     -0.00118336     -0.00118007
     -0.00816909     -0.00828972
     -0.00394735       -0.004074
     -0.00374956      -0.0043657
      -0.0130861      -0.0130259
     -0.00152798     -0.00164827
     0.000117139     0.000112173
     -0.00446375     -0.00396739
     0.000221167     0.000285519
     -0.00288088     -0.00290538
     -0.00144333     -0.00144964
      -0.0037197     -0.00420071
     -0.00603698     -0.00570334
      -0.0139886      -0.0140567
     -0.00527994     -0.00523633
    -0.000210089    -0.000224167
     0.000774643     0.000952089
     -0.00545338     -0.00614394
    -0.000378433    -1.91051e-05
     -0.00634636     -0.00634477
     -0.00586672     -0.00662152
    -0.000328959    -0.000451437
     0.000847159     0.000933576
     0.000130425     0.000157953
     -0.00530805     -0.00605896
     0.000571255     0.000462538
     -0.00204211     -0.00206435
      -0.0122572      -0.0121804
     -8.0609e-05    -0.000221249
    -0.000168918    -7.86118e-05
    -0.000161793    -8.56022e-05
     -0.00444082     -0.00418102
     -0.00041277    -0.000329484
     -0.00102096      -0.0010974
     0.000843416     0.000912428
     0.000297291     0.000288681
      -0.0136382      -0.0139439
      8.2799e-05      2.3394e-05
     -0.00542429     -0.00576076
    -0.000412855    -0.000458427
     -0.00262088      -0.0019688
     -0.00235499     -0.00234784
     -3.3773e-05     4.79545e-05
     0.000639327     0.000517775
    -0.000416732     -0.00040427
      -0.0010118     -0.00104421
     -0.00158871     -0.00143175
    -0.000484972    -0.000594733
    -0.000484833    -0.000447591
      0.00193547      0.00140562
     0.000308411     0.000366878
      0.00145547      0.00139369
     -0.00114854     -0.00122312
    -0.000799604     -0.00141629
     -0.00347251     -0.00338818
     -0.00142708      -0.0014636
     0.000342995     0.000329948
     -0.00467527     -0.00452761
     -0.00126587     -0.00158068
     0.000327297     0.000301862
     -0.00809287     -0.00810615
      -8.636e-06     4.33322e-06
      0.00361619      0.00341273
      -0.0171669      -0.0166134
     -0.00172595      -0.0019625
       0.0022358       0.0021365
     -0.00151028     -0.00142243
     -0.00324421     -0.00362013
    -0.000866194    -0.000876067
    -0.000333851    -0.000407498
     -0.00146045      -0.0013952
    -0.000495335    -0.000517974
     0.000344241     0.000217596
     -0.00105764     -0.00109741
