QM Energy	FF Energy
    -0.000374962    -0.000442036
     -0.00135475     -0.00125497
     -1.3859e-05    -1.52184e-05
     -2.7867e-05    -2.73268e-05
    -0.000856067    -0.000672894
     -2.3894e-05    -4.24713e-05
     -9.0388e-05    -8.02172e-05
      -9.104e-06    -1.11561e-05
    -0.000377681    -0.000414373
     -0.00103476     -0.00070101
     -2.8407e-05    -3.02815e-05
     -5.1716e-05    -0.000106268
     -2.7801e-05    -2.04497e-05
    -0.000667715     -0.00056441
      -6.533e-05    -4.27415e-05
     -6.1924e-05    -5.30311e-05
     -0.00171162     -0.00219332
       -1.89e-05    -1.64634e-05
    -0.000192079    -0.000188949
     -2.2082e-05    -2.62863e-05
     -0.00166722       -0.001974
     -6.8749e-05    -0.000106548
    -0.000292888    -0.000253061
     -0.00104095     -0.00109492
    -0.000413577    -0.000275229
    -0.000113586    -6.02902e-05
    -0.000818678    -0.000789571
     -8.0817e-05    -5.01183e-05
     -2.6934e-05    -2.24829e-05
      -8.375e-06    -3.61046e-06
     -1.5226e-05    -2.14106e-05
     -3.3567e-05    -2.77468e-05
    -0.000152955    -5.43503e-05
      -8.044e-05    -7.51247e-05
     -2.3284e-05     -2.1145e-05
    -0.000501706    -0.000317013
     -9.7084e-05    -0.000128444
     -0.00141574     -0.00148485
     -0.00173315     -0.00148915
     -8.9262e-05    -0.000119747
    -0.000178707    -0.000231224
     -1.8031e-05    -2.12599e-05
     -6.9227e-05    -8.09957e-05
    -0.000811813    -0.000785063
    -0.000339753    -0.000282517
     -4.2006e-05    -6.82018e-05
     -0.00110642     -0.00117245
     -2.3646e-05    -3.16047e-05
     -0.00170511     -0.00144085
      -6.432e-06    -1.65045e-05
     -8.5567e-05    -0.000103127
     -1.2406e-05    -1.49934e-05
     -4.3757e-05    -3.67642e-05
    -0.000943512    -0.000962893
     -1.0693e-05    -2.09461e-05
     -2.4525e-05     -2.0005e-05
    -0.000131633    -9.88424e-05
     -8.1146e-05    -5.07235e-05
      -0.0013171     -0.00109173
    -0.000348547      -0.0002742
     -2.9821e-05    -5.45648e-05
     -0.00161157     -0.00166922
    -0.000184071    -0.000229353
     -5.4539e-05    -5.70244e-05
     -6.7885e-05    -6.26314e-05
    -0.000216081    -0.000191509
    -0.000440609    -0.000318311
    -0.000457569    -0.000513856
     -0.00158193     -0.00144863
     -7.1071e-05    -0.000115775
     -0.00098928    -0.000664124
     -6.0615e-05    -4.80268e-05
    -0.000933895    -0.000984127
     -6.5489e-05    -6.35767e-05
     -1.1684e-05    -2.22592e-05
     -2.3896e-05    -2.28191e-05
    -0.000106736    -0.000125142
      -4.839e-05    -8.49043e-05
    -0.000685811    -0.000392937
     -1.7078e-05    -1.75814e-05
    -0.000647768     -0.00057677
    -0.000119665     -0.00011971
    -0.000108322    -0.000164766
    -0.000254308    -0.000193553
    -0.000238321    -0.000225654
     -2.1366e-05    -2.50615e-05
    -0.000296843    -0.000229571
     -2.8464e-05    -2.87171e-05
     -0.00117909     -0.00127123
     -2.3494e-05    -2.66677e-05
     -1.7757e-05    -1.43491e-05
     -0.00227398     -0.00143665
     -6.7114e-05    -5.35234e-05
     -1.1231e-05      -1.812e-05
     -0.00153248     -0.00171429
     -6.2743e-05    -7.27534e-05
     -2.5115e-05    -2.85252e-05
    -0.000212239     -0.00033189
     -1.1706e-05    -1.06414e-05
    -0.000441243    -0.000337839
      -0.0017128     -0.00197371
    -0.000103063    -0.000103269
    -0.000976621     -0.00109958
     -2.8313e-05       -3.49e-05
    -0.000312486    -0.000383356
      -8.157e-06    -2.07366e-05
     -5.0489e-05    -5.68323e-05
    -0.000202791    -0.000137581
     -2.6325e-05    -2.23751e-05
    -0.000223704    -0.000211263
    -0.000338977    -0.000298942
    -0.000186088    -0.000227624
     -0.00107778    -0.000791523
      -0.0019149     -0.00147696
      -0.0004841    -0.000531117
    -0.000252817     -0.00017577
     -2.5119e-05    -3.06098e-05
     -0.00141798    -0.000931078
     -0.00026341    -0.000176015
     -0.00170256     -0.00200179
    -0.000319047    -0.000323422
     -5.9661e-05     -6.7427e-05
    -0.000114879    -0.000133627
     -7.6882e-05    -8.85908e-05
    -0.000152391    -8.65865e-05
     -6.6642e-05     -9.2266e-05
      -2.113e-05     -2.0264e-05
     -3.5119e-05    -2.65239e-05
       -0.000101    -0.000120729
     -0.00152888     -0.00177049
    -0.000201027    -0.000104791
     -2.6604e-05    -4.43922e-05
     -0.00161708     -0.00185956
     -1.0017e-05    -6.99291e-06
    -0.000542493     -0.00069018
     -2.3671e-05    -1.94446e-05
     -1.2139e-05    -1.66662e-05
     -0.00125097    -0.000882647
     -3.4719e-05    -4.06468e-05
     -0.00044358    -0.000343663
     -0.00159083     -0.00237192
     -8.7216e-05    -7.87319e-05
     -9.3955e-05    -0.000109606
     -8.3023e-05    -0.000107537
     -0.00069079     -0.00073336
     -0.00056576    -0.000662357
     -2.4598e-05    -2.19168e-05
      -3.638e-05    -5.75947e-05
     -3.9629e-05    -3.20539e-05
     -3.6332e-05    -3.95416e-05
      -3.857e-05    -4.20121e-05
    -0.000396741    -0.000439537
     -2.0096e-05    -1.59746e-05
    -0.000129235    -0.000127657
     -7.8212e-05    -2.41543e-05
    -0.000444137    -0.000407943
    -0.000326811    -0.000314756
      -2.704e-05    -2.63237e-05
       -6.17e-06    -7.60221e-06
    -0.000808731    -0.000829556
    -0.000139847    -0.000219449
     -0.00204599     -0.00220863
     -6.0387e-05    -8.65144e-05
     -0.00096804     -0.00105771
      -4.526e-06     -4.4279e-06
    -0.000101357    -8.34997e-05
     -2.0194e-05    -2.29127e-05
    -0.000615803    -0.000584964
    -0.000251632     -0.00036072
     -4.8587e-05    -7.19883e-05
     -0.00123492     -0.00124743
    -0.000239603    -0.000201757
    -0.000211871    -0.000179252
    -0.000148439    -0.000193311
     -2.4104e-05    -3.73384e-05
     -1.5025e-05    -2.79906e-05
     -0.00073512      -0.0008013
      -2.654e-05    -3.52405e-05
    -0.000289567    -0.000275106
     -4.5645e-05    -8.60053e-05
     -3.3935e-05    -5.89833e-05
    -0.000165098     -0.00012308
    -0.000131043      -0.0001225
    -0.000341208    -0.000603387
    -0.000324126    -0.000270328
    -0.000254982    -0.000152373
    -0.000726635    -0.000540913
     -0.00228549     -0.00198608
     -1.9674e-05      -2.684e-05
     -3.4186e-05    -2.51406e-05
    -0.000110234    -0.000144251
       -0.001761     -0.00127239
     -0.00154453     -0.00116725
     -4.7754e-05    -5.47297e-05
     -1.9596e-05     -2.1699e-05
     -0.00168443       -0.001511
     -1.7702e-05    -2.00357e-05
     -0.00100909    -0.000620682
      -3.537e-05    -3.68457e-05
    -0.000104715    -0.000137474
     -0.00123046    -0.000687557
    -0.000155673    -0.000135218
    -0.000251833    -0.000274788
    -0.000204371    -0.000156338
     -3.2122e-05    -5.61231e-05
      -4.811e-05    -2.99908e-05
    -0.000822968    -0.000796003
    -0.000212154    -0.000218038
       -1.48e-05    -2.05063e-05
    -0.000154763    -0.000185716
    -0.000574168    -0.000366407
     -2.5281e-05    -4.10761e-05
    -0.000400649    -0.000326846
    -0.000299044    -0.000371768
    -0.000106097     -0.00014305
      -4.037e-05    -4.82608e-05
     -2.0023e-05    -3.13231e-05
     -7.5451e-05    -7.54672e-05
    -0.000295308     -0.00026254
     -6.0879e-05     -4.6746e-05
     -8.7832e-05    -7.22047e-05
     -3.9492e-05    -6.49239e-05
    -0.000814308    -0.000670666
    -0.000114102    -0.000113808
      -0.0010971    -0.000973062
     -2.7559e-05    -2.74296e-05
     -4.8546e-05    -3.43759e-05
     -0.00010041    -7.15464e-05
     -0.00012792    -0.000146393
     -1.2406e-05    -1.00541e-05
     -7.4958e-05    -7.78097e-05
     -5.0408e-05    -5.24608e-05
     -2.8415e-05    -2.35243e-05
      -2.045e-05    -1.96936e-05
    -0.000103927    -0.000148908
     -0.00143915     -0.00147888
    -0.000320033    -0.000499353
     -5.3448e-05    -5.54265e-05
     -3.1657e-05    -3.52765e-05
     -0.00165261     -0.00149957
     -0.00120872     -0.00102317
    -0.000374505    -0.000454979
    -0.000181421    -0.000274066
    -0.000237959    -0.000308248
    -0.000983772    -0.000832183
     -3.6959e-05    -3.16802e-05
    -0.000366505    -0.000368675
    -0.000160005    -0.000179945
    -0.000263576    -0.000247013
     -0.00126189     -0.00174038
    -0.000537827      -0.0003134
     -7.5279e-05    -7.50814e-05
    -0.000205331    -0.000251258
    -0.000382133    -0.000435158
     -0.00115078     -0.00121668
     -5.2674e-05    -3.24931e-05
    -0.000179045    -0.000195543
    -0.000160197     -0.00015979
     -3.5176e-05     -2.9023e-05
     -0.00123133    -0.000827471
      -3.826e-05     -6.2739e-05
     -5.3197e-05    -6.84221e-05
    -0.000259045    -0.000219464
     -3.1371e-05    -6.39721e-05
     -6.5948e-05    -9.51861e-05
     -7.3061e-05    -6.44683e-05
     -1.1946e-05    -1.76231e-05
     -6.4399e-05    -5.41033e-05
    -0.000247228    -0.000288709
    -0.000103611    -0.000122841
     -6.1529e-05    -6.18671e-05
    -0.000112966    -0.000143274
    -0.000993358     -0.00111094
     -8.9887e-05    -0.000104765
     -2.3711e-05    -2.27311e-05
     -7.6278e-05     -8.9818e-05
     -2.6276e-05    -3.61869e-05
    -0.000234448    -0.000188443
    -0.000434508    -0.000552442
     -0.00108484     -0.00073765
     -0.00143511      -0.0013614
    -0.000243424    -0.000262276
     -1.8606e-05    -1.87609e-05
      -9.278e-06    -7.51867e-06
     -0.00248428     -0.00247253
    -0.000528916    -0.000468179
     -0.00107059    -0.000985674
    -0.000202431    -0.000270388
    -0.000157133    -0.000171182
     -0.00031493    -0.000252167
     -1.2472e-05    -1.08535e-05
     -3.8627e-05    -4.18626e-05
    -0.000751471     -0.00069302
    -0.000896213    -0.000846898
     -2.7223e-05     -2.3656e-05
    -0.000327318    -0.000322996
     -0.00076499    -0.000670492
     -3.1063e-05    -2.95756e-05
     -2.5625e-05    -1.67085e-05
     -0.00163469     -0.00163503
     -7.9922e-05    -0.000145304
     -2.2341e-05    -2.24548e-05
    -0.000313198    -0.000268135
    -0.000387197    -0.000435186
     -0.00177821     -0.00122489
     -2.9311e-05    -2.21437e-05
    -0.000507862    -0.000717239
     -1.5559e-05    -3.44693e-05
     -4.4365e-05    -2.84643e-05
    -0.000133445    -0.000220067
     -4.2978e-05      -5.516e-05
    -0.000308475     -0.00031738
    -0.000792724    -0.000482608
     -3.8263e-05    -6.46522e-05
      -1.585e-05     -9.8707e-06
      -9.633e-06    -9.14292e-06
     -2.2303e-05    -1.52903e-05
     -1.6844e-05    -1.84378e-05
     -3.0918e-05    -3.55653e-05
    -0.000145722    -0.000245943
    -0.000892141    -0.000804196
    -0.000192331    -0.000239113
     -2.0018e-05    -1.57541e-05
    -0.000794786    -0.000571725
    -0.000303026    -0.000216841
     -0.00141126     -0.00172933
    -0.000385606    -0.000655172
    -0.000247906    -0.000227735
     -1.9168e-05    -8.60423e-06
    -0.000270827     -0.00018913
     -2.2144e-05    -1.55147e-05
     -2.9097e-05    -2.74509e-05
     -1.4845e-05     -2.8666e-05
     -0.00137848     -0.00189466
    -0.000941257    -0.000837907
    -0.000597946     -0.00056108
      -3.759e-05    -1.81153e-05
    -0.000365083    -0.000560215
     -2.9092e-05     -4.6179e-05
     -0.00211445      -0.0019751
     -0.00176334     -0.00267483
     -8.9239e-05    -0.000133386
     -2.8212e-05    -2.59418e-05
     -0.00113384     -0.00112097
    -0.000293171     -0.00023787
    -0.000295304    -0.000294377
    -0.000427624    -0.000469165
    -0.000385262    -0.000385971
    -0.000328027    -0.000166089
     -0.00160344     -0.00114767
      -9.883e-06    -1.60732e-05
     -0.00056013    -0.000460181
     -3.8161e-05    -4.96717e-05
       -8.07e-06    -1.17692e-05
     -3.1418e-05    -4.09612e-05
     -0.00220002     -0.00152591
     -0.00153367     -0.00139259
      -2.402e-05    -2.43472e-05
    -0.000175848    -0.000140755
    -0.000122051    -0.000140369
    -0.000452202    -0.000464168
     -0.00105801    -0.000719757
    -0.000107121    -6.53499e-05
     -3.6545e-05    -6.16353e-05
     -9.2433e-05    -6.94494e-05
     -0.00111638    -0.000941386
       -0.001297     -0.00118772
    -0.000115702     -0.00012274
     -3.9297e-05    -3.96772e-05
    -0.000719527    -0.000456779
     -0.00116661    -0.000854989
    -0.000243268    -0.000190506
     -1.2718e-05    -1.26367e-05
      -7.887e-06    -1.39638e-05
     -6.5309e-05    -9.37117e-05
     -4.2069e-05    -3.09306e-05
    -0.000695399    -0.000568793
    -0.000432413    -0.000486706
    -0.000710004    -0.000459748
    -0.000214812    -0.000154476
     -6.0402e-05    -8.38637e-05
    -0.000225735    -0.000240931
       -7.84e-06    -1.26731e-05
     -8.3548e-05    -9.26777e-05
     -2.5099e-05    -2.35725e-05
     -4.4437e-05    -3.97607e-05
    -0.000469339    -0.000407453
    -0.000969364    -0.000761164
     -5.3268e-05    -4.94859e-05
     -4.4187e-05     -3.7166e-05
       -5.33e-05    -7.56542e-05
    -0.000100206    -9.28816e-05
    -0.000440746    -0.000426525
     -2.6748e-05    -2.61618e-05
     -5.3063e-05     -0.00010438
    -0.000114118    -0.000117068
     -0.00182297      -0.0012143
     -2.5074e-05    -1.85912e-05
    -0.000348831    -0.000346199
    -0.000167782    -0.000130622
       -2.98e-05    -1.24515e-05
    -0.000128555    -0.000172567
      -1.915e-05    -2.22111e-05
    -0.000373985    -0.000372171
    -0.000506875    -0.000307506
      -0.0010145    -0.000730574
    -0.000554349    -0.000565845
    -0.000106791    -0.000147453
    -0.000661157    -0.000482082
    -0.000152508    -0.000173922
      -8.487e-06    -2.07982e-05
     -0.00175762     -0.00145218
    -0.000358037    -0.000387378
    -0.000815271    -0.000575445
     -0.00161793     -0.00158276
     -7.8911e-05    -9.26665e-05
    -0.000302179    -0.000253836
    -0.000160001    -0.000201572
    -0.000174778    -0.000223774
     -7.4065e-05    -8.73177e-05
     -1.1444e-05    -2.57161e-05
     -9.2518e-05    -0.000114711
    -0.000178542    -0.000190649
    -0.000650579    -0.000464762
    -0.000230023     -0.00017288
     -2.2313e-05    -2.23289e-05
     -2.6081e-05    -4.70936e-05
     -0.00154467     -0.00192893
     -0.00142534     -0.00131445
    -0.000198721    -6.97342e-05
     -0.00015234    -0.000153758
    -0.000703877    -0.000353643
     -7.7367e-05    -7.04657e-05
    -0.000506191    -0.000490259
    -0.000142608     -0.00018268
    -0.000164133    -0.000182146
     -9.6848e-05     -4.6249e-05
     -3.4862e-05    -2.47785e-05
     -0.00173466     -0.00128384
     -2.5585e-05    -4.88839e-05
     -8.1201e-05    -5.84377e-05
     -0.00190366     -0.00209493
    -0.000127243    -0.000160689
     -1.3102e-05    -1.21974e-05
     -0.00131484     -0.00108395
    -0.000211157    -0.000216476
    -0.000203246    -0.000309387
     -3.2361e-05    -4.60668e-05
     -0.00031772    -0.000266724
     -0.00073077    -0.000806663
     -0.00188512     -0.00245807
     -0.00150958    -0.000710693
     -0.00118354     -0.00110527
    -0.000286583    -0.000344272
     -0.00180936     -0.00217858
     -1.9581e-05    -1.68372e-05
    -0.000995821     -0.00102788
     -0.00167885     -0.00345944
     -0.00198572     -0.00127348
    -0.000711085    -0.000672921
     -0.00164474     -0.00172981
    -0.000126687    -8.74439e-05
    -0.000148591    -0.000153919
     -3.2507e-05    -4.42929e-05
     -0.00181481     -0.00131639
     -3.0514e-05    -5.73697e-05
     -1.8122e-05    -1.54632e-05
    -0.000498179    -0.000461635
    -0.000724503    -0.000836362
    -0.000130463    -9.96002e-05
     -5.7884e-05    -5.38587e-05
     -4.3548e-05    -3.67818e-05
     -1.6273e-05    -1.88496e-05
     -1.0034e-05    -1.21223e-05
     -0.00110003      -0.0010937
     -2.0078e-05    -2.35949e-05
    -0.000746148    -0.000972714
    -0.000798012    -0.000490044
     -4.3174e-05    -4.23425e-05
     -1.3674e-05     -2.6723e-05
    -0.000203835    -0.000218187
    -0.000415419    -0.000278651
    -0.000532392    -0.000496135
     -5.2548e-05    -5.59821e-05
    -0.000287449    -0.000153314
    -0.000108744    -0.000109867
    -0.000199666    -0.000207055
     -7.3319e-05    -5.41703e-05
     -0.00180825     -0.00198029
     -3.7151e-05    -2.93726e-05
    -0.000273858    -0.000246647
      -5.714e-06    -1.49167e-05
    -0.000684672    -0.000484711
     -0.00070686    -0.000488786
     -4.0887e-05    -2.85829e-05
     -5.6922e-05    -5.36469e-05
    -0.000119689     -9.9766e-05
     -1.9965e-05    -1.29338e-05
     -6.9048e-05    -7.47237e-05
    -0.000114087     -0.00013049
     -0.00126589      -0.0011353
    -0.000458038    -0.000372989
     -5.0058e-05    -4.39436e-05
     -1.2583e-05    -1.25117e-05
     -7.7785e-05     -8.8666e-05
    -0.000765717    -0.000640904
    -0.000113331    -0.000155012
     -7.1502e-05    -7.73668e-05
    -0.000145848    -0.000112614
    -0.000198242     -0.00013368
       -7.59e-05    -5.48996e-05
     -0.00081497    -0.000792573
     -5.6429e-05    -4.00545e-05
     -7.7744e-05    -5.31859e-05
     -0.00182133     -0.00214059
      -5.095e-05     -3.0172e-05
    -0.000246726     -0.00028598
    -0.000262738    -0.000394675
     -2.0937e-05    -1.73158e-05
    -0.000399172    -0.000518508
    -0.000375344     -0.00030367
     -9.5056e-05     -0.00010289
    -0.000429774    -0.000606126
     -3.7891e-05    -2.72296e-05
      -0.0017926     -0.00151094
     -0.00114096     -0.00133218
     -2.6649e-05    -3.50736e-05
    -0.000619442    -0.000587235
    -0.000892482    -0.000707996
    -0.000102116     -0.00014958
    -0.000111831    -7.05429e-05
     -0.00164157      -0.0012351
     -0.00249242     -0.00196751
    -0.000101574    -7.64293e-05
     -3.9433e-05      -6.729e-05
     -1.1091e-05    -2.03775e-05
     -1.1335e-05    -6.16771e-06
      -3.511e-05    -3.64004e-05
     -0.00165822     -0.00133735
    -0.000146423    -0.000202057
     -0.00198371     -0.00168747
     -4.8722e-05    -3.96996e-05
     -0.00152876     -0.00125611
     -1.3734e-05     -1.7638e-05
    -0.000208923    -0.000231353
    -0.000324272    -0.000332374
     -0.00126224     -0.00129254
    -0.000231974    -0.000161678
     -1.4562e-05    -1.89504e-05
     -8.0135e-05    -8.62112e-05
     -1.8853e-05    -1.56969e-05
     -0.00121657     -0.00114382
    -0.000501046     -0.00033684
     -6.2815e-05    -0.000116658
    -0.000559706    -0.000677008
     -3.9517e-05    -3.81114e-05
    -0.000225864    -0.000173139
     -2.6917e-05    -2.70483e-05
     -8.2515e-05    -6.36981e-05
    -0.000208561    -0.000139674
    -0.000823025    -0.000728573
     -8.4425e-05    -7.46503e-05
    -0.000117977    -0.000160545
     -0.00162649     -0.00193396
     -1.1855e-05    -3.05421e-05
     -5.8034e-05    -4.90482e-05
     -2.2294e-05    -2.90765e-05
    -0.000237855    -0.000420292
     -0.00034216    -0.000381177
     -0.00016045    -0.000264192
     -2.3051e-05    -4.56328e-05
    -0.000140127    -0.000166156
    -0.000152981    -0.000115614
     -2.2529e-05     -2.3845e-05
     -3.2424e-05    -3.68937e-05
     -0.00146722    -0.000720879
     -4.8924e-05    -6.01178e-05
     -3.6174e-05    -4.72958e-05
    -0.000179553    -0.000199588
     -6.4917e-05     -5.2029e-05
     -7.2117e-05    -9.84701e-05
    -0.000171829    -0.000181633
     -7.0898e-05    -6.98969e-05
     -1.4221e-05    -1.89906e-05
    -0.000238973    -0.000266577
    -0.000228406    -0.000270374
     -3.2912e-05    -3.78773e-05
     -0.00125582     -0.00123445
    -0.000247185    -0.000285747
     -0.00130962    -0.000805777
    -0.000210145    -0.000129473
     -3.1728e-05    -2.66904e-05
     -7.1984e-05    -4.41331e-05
     -7.0548e-05    -9.05375e-05
     -0.00231509     -0.00359452
      -6.921e-05    -7.25015e-05
     -1.6229e-05    -1.84894e-05
     -0.00212566     -0.00207473
     -3.1283e-05     -2.9557e-05
     -0.00105366    -0.000700634
     -0.00064061    -0.000522053
    -0.000198185    -0.000151359
     -2.9178e-05    -2.20715e-05
    -0.000402425    -0.000371001
    -0.000264953    -0.000231627
     -3.3568e-05    -2.50932e-05
     -0.00122103     -0.00132994
     -0.00152794      -0.0010016
     -1.6995e-05    -4.47956e-05
     -4.3784e-05    -5.63552e-05
    -0.000366183     -0.00038363
      -9.721e-06     -1.4921e-05
     -9.2952e-05      -0.0001086
     -5.6954e-05          -4e-05
      -1.247e-05    -1.77747e-05
    -0.000868161    -0.000921281
    -0.000695819    -0.000665125
     -6.3813e-05     -6.1239e-05
    -0.000704018    -0.000498996
    -0.000494864    -0.000521088
    -0.000284672    -0.000338711
     -1.2889e-05     -2.6712e-05
     -2.1252e-05    -2.58733e-05
     -8.0399e-05    -6.85533e-05
    -0.000255284    -0.000220305
      -8.708e-06    -1.06161e-05
     -9.8243e-05    -9.68961e-05
     -0.00054047    -0.000397749
    -0.000164029    -0.000203882
     -1.4474e-05    -2.35743e-05
    -0.000594287    -0.000466604
     -0.00055021    -0.000413208
    -0.000197718    -0.000202014
     -0.00177344     -0.00173919
     -5.0551e-05    -7.62352e-05
    -0.000900403    -0.000926167
     -6.6755e-05    -6.97888e-05
     -0.00133004    -0.000986653
    -0.000310307    -0.000314689
     -0.00179733     -0.00140322
     -0.00139102     -0.00141731
     -6.0563e-05    -5.23104e-05
     -1.7751e-05    -4.18108e-05
     -0.00139964    -0.000767408
    -0.000130532    -0.000125338
      -0.0001351    -0.000115198
    -0.000327797    -0.000259964
     -5.7868e-05    -7.83327e-05
     -7.1333e-05    -8.27419e-05
     -7.3965e-05    -8.52935e-05
    -0.000908932    -0.000744664
    -0.000552458    -0.000504631
      -8.147e-05    -0.000120844
    -0.000303044    -0.000240181
    -0.000112003    -6.59294e-05
     -4.8672e-05    -6.87743e-05
    -0.000361016    -0.000558341
     -0.00109231    -0.000999222
    -0.000176545    -0.000159962
     -2.0903e-05    -3.30187e-05
    -0.000454944    -0.000314586
    -0.000765128     -0.00063598
     -2.8154e-05    -2.42796e-05
     -1.8727e-05    -1.87138e-05
     -3.4806e-05    -4.05311e-05
    -0.000771143    -0.000687656
    -0.000540221    -0.000600839
     -1.8054e-05    -3.32308e-05
     -1.2351e-05    -2.02356e-05
     -2.2152e-05    -2.10728e-05
    -0.000199088    -0.000172196
    -0.000112208    -0.000146039
     -2.3393e-05     -3.5281e-05
    -0.000319216    -0.000249532
     -0.00125849     -0.00120493
    -0.000183352    -0.000259974
    -0.000833629    -0.000584267
    -0.000255861    -0.000193867
     -0.00027471    -0.000214764
    -0.000139839    -0.000118963
    -0.000100978    -0.000141005
       -8.72e-06    -1.16294e-05
    -0.000343198     -0.00032845
    -0.000774893    -0.000666516
     -3.5062e-05    -6.33124e-05
    -0.000475378    -0.000458476
     -7.5574e-05    -4.89396e-05
     -0.00066599    -0.000700711
     -3.4612e-05    -3.20717e-05
     -1.1433e-05    -1.76853e-05
    -0.000357783    -0.000359523
     -3.7249e-05    -3.95513e-05
     -0.00192768     -0.00133875
     -7.3498e-05    -5.36169e-05
     -5.2993e-05    -5.32427e-05
    -0.000624278    -0.000596924
    -0.000334411    -0.000237818
    -0.000690302    -0.000627851
    -0.000406709    -0.000324645
    -0.000388362    -0.000334835
    -0.000461213     -0.00060593
    -0.000749352    -0.000649344
     -0.00180922     -0.00162979
     -1.8289e-05    -1.38357e-05
    -0.000107876    -9.45491e-05
    -0.000483788    -0.000529446
     -6.7034e-05    -6.29907e-05
     -3.6375e-05    -4.77535e-05
    -0.000130783    -0.000106947
    -0.000236548    -0.000246093
     -5.3304e-05    -5.19004e-05
     -0.00116537     -0.00118292
     -0.00109342    -0.000947366
     -4.7243e-05    -5.26471e-05
      -5.863e-06    -7.71793e-06
    -0.000672127    -0.000914463
     -0.00207699     -0.00203677
     -2.4138e-05    -2.63351e-05
    -0.000213505    -0.000278028
     -4.2903e-05    -3.04742e-05
     -8.9343e-05    -8.44195e-05
     -6.5746e-05    -8.96575e-05
     -3.5046e-05    -4.95148e-05
     -5.0679e-05     -5.1865e-05
    -0.000907352    -0.000615053
    -0.000185105    -0.000188607
    -0.000218636     -0.00033587
     -5.9675e-05    -5.35856e-05
     -3.5123e-05    -2.46603e-05
    -0.000835004    -0.000780709
     -0.00176684      -0.0015708
    -0.000177679    -0.000175807
     -2.3697e-05    -2.98322e-05
    -0.000157832    -0.000135038
     -4.2746e-05    -4.70801e-05
    -0.000822271    -0.000800842
     -6.9819e-05     -7.4944e-05
     -8.2225e-05    -9.12687e-05
     -0.00124652     -0.00113137
     -1.0219e-05    -5.91375e-06
    -0.000198693    -0.000229281
    -0.000969036    -0.000601041
     -3.6012e-05     -3.4725e-05
       -5.73e-06    -1.55226e-05
    -0.000581101    -0.000509416
     -4.7939e-05    -5.64993e-05
     -2.0721e-05    -1.63596e-05
     -7.1879e-05    -7.25256e-05
    -0.000108101    -9.35429e-05
      -0.0014887     -0.00134064
     -0.00119655    -0.000939808
      -2.411e-05    -3.11829e-05
     -3.6734e-05    -4.33018e-05
      -7.781e-06    -1.33193e-05
     -0.00032786    -0.000454044
    -0.000143947     -0.00021998
     -0.00137039    -0.000932739
     -3.8111e-05    -3.28872e-05
    -0.000172186    -0.000152586
     -2.8592e-05    -2.48677e-05
    -0.000247805    -0.000296833
      -3.185e-05    -6.16434e-05
     -6.8055e-05    -4.47469e-05
    -0.000687465    -0.000679557
     -2.4582e-05    -2.74231e-05
     -5.2342e-05     -6.5216e-05
    -0.000519488    -0.000620045
     -2.0202e-05    -1.79349e-05
     -5.9671e-05    -6.38162e-05
    -0.000118506    -0.000136134
     -5.3441e-05     -5.6188e-05
    -0.000193138    -9.81001e-05
     -1.4148e-05    -1.84269e-05
     -1.4484e-05    -2.01524e-05
    -0.000109183    -0.000108795
    -0.000307875    -0.000191166
     -7.8372e-05    -8.93331e-05
    -0.000201474    -0.000140081
     -2.3894e-05    -2.44551e-05
      -8.391e-06    -6.91557e-06
    -0.000461544    -0.000461944
     -0.00168154     -0.00107563
    -0.000575777     -0.00047439
    -0.000611179     -0.00042701
     -4.6151e-05    -3.07962e-05
     -0.00177944     -0.00272215
     -1.4276e-05    -7.42234e-06
     -4.6717e-05    -6.78758e-05
      -6.864e-05    -8.24474e-05
     -6.7991e-05    -4.52813e-05
     -0.00107066    -0.000720279
     -0.00119191     -0.00105632
    -0.000167341    -0.000167919
    -0.000225194    -0.000227637
     -7.7553e-05    -0.000113969
     -2.3206e-05    -1.47031e-05
     -0.00116234     -0.00131402
    -0.000151388    -0.000173732
     -1.8215e-05    -2.18879e-05
     -9.5602e-05    -7.43176e-05
    -0.000190429    -0.000132052
     -6.3828e-05    -0.000142202
     -0.00163825     -0.00137995
     -2.5766e-05    -1.77363e-05
     -3.2076e-05    -2.64936e-05
     -1.0655e-05    -1.12608e-05
     -1.8974e-05    -2.17334e-05
    -0.000108143    -0.000127116
     -3.6503e-05    -3.78521e-05
     -4.8267e-05    -4.82074e-05
    -0.000406514    -0.000445463
    -0.000129072    -0.000175796
     -9.2229e-05    -0.000107026
     -0.00143624     -0.00141521
     -4.3321e-05    -3.78913e-05
    -0.000562279    -0.000438999
    -0.000637718     -0.00059867
      -9.702e-06    -1.88553e-05
     -5.7827e-05    -6.65756e-05
    -0.000213363    -0.000243086
     -3.6139e-05    -5.28885e-05
    -0.000339266    -0.000278176
    -0.000317127    -0.000204462
    -0.000158476    -0.000109716
     -9.7489e-05     -0.00011634
      -4.305e-06    -1.00599e-05
    -0.000536486    -0.000453219
     -0.00151691     -0.00107145
     -2.0803e-05    -1.52078e-05
     -0.00132167     -0.00128691
    -0.000577647    -0.000499339
     -0.00109098     -0.00123629
     -0.00142026     -0.00142957
    -0.000340795    -0.000406668
     -1.4314e-05    -2.62384e-05
     -0.00109662     -0.00104295
     -2.6656e-05    -4.22718e-05
    -0.000104523    -0.000119246
     -2.9139e-05    -3.03701e-05
     -0.00105562     -0.00122719
    -0.000885643    -0.000830337
      -0.0014951     -0.00122073
     -0.00074809    -0.000750102
     -1.5282e-05    -2.54627e-05
    -0.000333288     -0.00023054
    -0.000671918     -0.00076327
    -0.000398871    -0.000358754
    -0.000715635    -0.000519323
     -0.00123488    -0.000930987
     -3.2505e-05    -7.17499e-05
    -0.000181846    -0.000227577
     -1.0074e-05    -1.73468e-05
     -0.00113263     -0.00147933
      -6.719e-05    -0.000101913
     -8.6503e-05    -6.30314e-05
     -0.00137707     -0.00140929
      -6.261e-05    -0.000121405
     -2.8365e-05    -3.17452e-05
    -0.000315903    -0.000302581
     -0.00125766     -0.00123441
     -8.4397e-05    -0.000112633
     -0.00020608    -0.000280981
      -8.998e-05    -9.76719e-05
     -1.1349e-05    -1.70102e-05
     -0.00146958     -0.00128027
      -7.056e-06    -1.50851e-05
    -0.000864861    -0.000704197
     -5.5234e-05    -6.46695e-05
    -0.000733419    -0.000632634
      -7.165e-05    -4.68772e-05
    -0.000216913    -0.000153828
    -0.000192664    -0.000195701
     -3.6742e-05    -5.82903e-05
     -2.5388e-05    -2.68853e-05
    -0.000696691    -0.000710958
     -2.3171e-05    -3.58277e-05
     -2.1173e-05    -1.66504e-05
    -0.000750723    -0.000337893
     -3.0692e-05    -3.89845e-05
      -6.146e-06    -1.64969e-05
     -1.2067e-05     -1.3942e-05
    -0.000295416    -0.000439251
    -0.000307313    -0.000210168
      -2.701e-05    -1.57838e-05
     -6.1556e-05    -8.87563e-05
    -0.000572666    -0.000504634
    -0.000484664    -0.000712835
     -0.00013471    -0.000163752
    -0.000884825    -0.000658568
     -3.9166e-05    -4.96597e-05
    -0.000171812    -6.88463e-05
     -0.00223476      -0.0023378
    -0.000202825     -0.00024159
    -0.000128966    -5.43241e-05
    -0.000175787    -0.000144551
    -0.000746417    -0.000961414
     -6.8064e-05    -6.91044e-05
     -1.7022e-05    -1.70942e-05
     -8.2136e-05    -7.11661e-05
      -2.744e-05    -3.29423e-05
    -0.000190238    -0.000283638
      -5.099e-05    -6.57998e-05
