QM Energy	FF Energy
    -0.000374962    -0.000442907
     -0.00135475     -0.00129422
     -1.3859e-05    -1.56017e-05
     -2.7867e-05    -2.53415e-05
    -0.000856067    -0.000691554
     -2.3894e-05    -4.28362e-05
     -9.0388e-05    -8.12223e-05
      -9.104e-06    -1.15093e-05
    -0.000377681     -0.00041602
     -0.00103476    -0.000720144
     -2.8407e-05     -3.0594e-05
     -5.1716e-05    -0.000105874
     -2.7801e-05    -2.15934e-05
    -0.000667715    -0.000543946
      -6.533e-05    -4.36357e-05
     -6.1924e-05    -5.29406e-05
     -0.00171162     -0.00224408
       -1.89e-05    -1.78514e-05
    -0.000192079    -0.000182549
     -2.2082e-05    -2.73369e-05
     -0.00166722      -0.0019832
     -6.8749e-05    -0.000104247
    -0.000292888    -0.000261439
     -0.00104095     -0.00108761
    -0.000413577    -0.000273136
    -0.000113586    -6.42147e-05
    -0.000818678    -0.000784855
     -8.0817e-05    -5.02397e-05
     -2.6934e-05    -2.52054e-05
      -8.375e-06    -4.48562e-06
     -1.5226e-05    -2.05141e-05
     -3.3567e-05     -2.6341e-05
    -0.000152955    -5.66032e-05
      -8.044e-05    -7.70041e-05
     -2.3284e-05     -2.2909e-05
    -0.000501706    -0.000327531
     -9.7084e-05    -0.000132637
     -0.00141574     -0.00145645
     -0.00173315     -0.00155402
     -8.9262e-05    -0.000122552
    -0.000178707    -0.000235028
     -1.8031e-05    -2.25142e-05
     -6.9227e-05    -7.67131e-05
    -0.000811813    -0.000749836
    -0.000339753    -0.000295175
     -4.2006e-05    -6.79772e-05
     -0.00110642     -0.00114154
     -2.3646e-05    -3.09466e-05
     -0.00170511     -0.00144022
      -6.432e-06    -1.61813e-05
     -8.5567e-05    -0.000105097
     -1.2406e-05    -1.41826e-05
     -4.3757e-05     -3.7674e-05
    -0.000943512    -0.000907726
     -1.0693e-05    -2.05226e-05
     -2.4525e-05     -2.1589e-05
    -0.000131633    -0.000103443
     -8.1146e-05    -5.31876e-05
      -0.0013171     -0.00110375
    -0.000348547    -0.000271827
     -2.9821e-05    -5.42531e-05
     -0.00161157     -0.00170407
    -0.000184071    -0.000224781
     -5.4539e-05    -5.98414e-05
     -6.7885e-05    -6.40959e-05
    -0.000216081    -0.000188013
    -0.000440609    -0.000307145
    -0.000457569    -0.000515756
     -0.00158193     -0.00146639
     -7.1071e-05    -0.000113604
     -0.00098928    -0.000695708
     -6.0615e-05    -5.15395e-05
    -0.000933895    -0.000936885
     -6.5489e-05     -5.8812e-05
     -1.1684e-05    -2.13285e-05
     -2.3896e-05    -2.39399e-05
    -0.000106736    -0.000124017
      -4.839e-05    -8.29019e-05
    -0.000685811    -0.000415681
     -1.7078e-05    -1.67701e-05
    -0.000647768     -0.00056942
    -0.000119665    -0.000122577
    -0.000108322    -0.000167889
    -0.000254308    -0.000202046
    -0.000238321    -0.000221515
     -2.1366e-05    -2.54412e-05
    -0.000296843    -0.000232541
     -2.8464e-05    -2.99211e-05
     -0.00117909     -0.00124396
     -2.3494e-05    -2.67866e-05
     -1.7757e-05    -1.58598e-05
     -0.00227398     -0.00138859
     -6.7114e-05    -5.67638e-05
     -1.1231e-05    -1.78259e-05
     -0.00153248     -0.00153766
     -6.2743e-05    -7.06018e-05
     -2.5115e-05     -2.7966e-05
    -0.000212239     -0.00033389
     -1.1706e-05    -1.18405e-05
    -0.000441243    -0.000334701
      -0.0017128     -0.00200942
    -0.000103063    -0.000108306
    -0.000976621     -0.00110646
     -2.8313e-05    -3.35275e-05
    -0.000312486    -0.000394111
      -8.157e-06    -2.06778e-05
     -5.0489e-05    -5.74644e-05
    -0.000202791    -0.000123897
     -2.6325e-05    -2.46127e-05
    -0.000223704    -0.000214625
    -0.000338977    -0.000300015
    -0.000186088    -0.000231484
     -0.00107778    -0.000811767
      -0.0019149     -0.00138451
      -0.0004841     -0.00051219
    -0.000252817    -0.000188976
     -2.5119e-05    -3.01534e-05
     -0.00141798    -0.000971334
     -0.00026341    -0.000189928
     -0.00170256     -0.00186418
    -0.000319047     -0.00030798
     -5.9661e-05    -6.78957e-05
    -0.000114879    -0.000131882
     -7.6882e-05    -9.20611e-05
    -0.000152391    -8.38315e-05
     -6.6642e-05    -9.25256e-05
      -2.113e-05    -2.01591e-05
     -3.5119e-05     -2.9251e-05
       -0.000101    -0.000115198
     -0.00152888     -0.00158611
    -0.000201027    -0.000110999
     -2.6604e-05    -4.57559e-05
     -0.00161708     -0.00190566
     -1.0017e-05    -8.13763e-06
    -0.000542493     -0.00069855
     -2.3671e-05    -2.10345e-05
     -1.2139e-05    -1.59943e-05
     -0.00125097    -0.000950113
     -3.4719e-05    -3.90427e-05
     -0.00044358    -0.000331001
     -0.00159083      -0.0024991
     -8.7216e-05    -8.13012e-05
     -9.3955e-05    -0.000107986
     -8.3023e-05    -0.000106346
     -0.00069079    -0.000704531
     -0.00056576    -0.000650706
     -2.4598e-05    -2.33387e-05
      -3.638e-05    -5.63016e-05
     -3.9629e-05    -3.51006e-05
     -3.6332e-05    -3.82193e-05
      -3.857e-05    -4.43519e-05
    -0.000396741    -0.000430655
     -2.0096e-05    -1.38925e-05
    -0.000129235    -0.000133136
     -7.8212e-05    -2.55857e-05
    -0.000444137     -0.00039265
    -0.000326811    -0.000309229
      -2.704e-05    -2.59079e-05
       -6.17e-06    -8.49527e-06
    -0.000808731    -0.000854381
    -0.000139847    -0.000218984
     -0.00204599     -0.00222529
     -6.0387e-05    -8.82656e-05
     -0.00096804     -0.00103531
      -4.526e-06    -5.29098e-06
    -0.000101357    -8.87175e-05
     -2.0194e-05    -2.21461e-05
    -0.000615803    -0.000594743
    -0.000251632      -0.0003548
     -4.8587e-05     -6.9764e-05
     -0.00123492     -0.00119709
    -0.000239603    -0.000206009
    -0.000211871    -0.000184616
    -0.000148439    -0.000189342
     -2.4104e-05    -3.75567e-05
     -1.5025e-05    -2.80712e-05
     -0.00073512    -0.000797118
      -2.654e-05    -3.69573e-05
    -0.000289567    -0.000278978
     -4.5645e-05    -8.41349e-05
     -3.3935e-05    -5.95539e-05
    -0.000165098    -0.000130537
    -0.000131043    -0.000122464
    -0.000341208     -0.00061016
    -0.000324126    -0.000253863
    -0.000254982    -0.000154986
    -0.000726635    -0.000568514
     -0.00228549     -0.00209092
     -1.9674e-05    -2.57999e-05
     -3.4186e-05    -2.21051e-05
    -0.000110234    -0.000147613
       -0.001761     -0.00130325
     -0.00154453     -0.00116632
     -4.7754e-05     -5.3287e-05
     -1.9596e-05    -2.10958e-05
     -0.00168443     -0.00153131
     -1.7702e-05    -1.93885e-05
     -0.00100909    -0.000654439
      -3.537e-05     -3.4425e-05
    -0.000104715    -0.000133692
     -0.00123046    -0.000720163
    -0.000155673     -0.00014035
    -0.000251833    -0.000277437
    -0.000204371    -0.000165518
     -3.2122e-05    -5.59519e-05
      -4.811e-05    -3.25123e-05
    -0.000822968    -0.000823431
    -0.000212154    -0.000206964
       -1.48e-05    -2.01301e-05
    -0.000154763    -0.000178058
    -0.000574168    -0.000387571
     -2.5281e-05    -3.99971e-05
    -0.000400649    -0.000296614
    -0.000299044    -0.000364372
    -0.000106097    -0.000140536
      -4.037e-05    -5.06224e-05
     -2.0023e-05    -3.06267e-05
     -7.5451e-05    -7.89531e-05
    -0.000295308    -0.000262483
     -6.0879e-05    -4.67799e-05
     -8.7832e-05    -7.49317e-05
     -3.9492e-05    -6.56031e-05
    -0.000814308     -0.00066301
    -0.000114102    -0.000115576
      -0.0010971     -0.00090595
     -2.7559e-05    -2.94051e-05
     -4.8546e-05    -3.12656e-05
     -0.00010041    -7.48896e-05
     -0.00012792    -0.000146672
     -1.2406e-05    -1.10078e-05
     -7.4958e-05    -8.21185e-05
     -5.0408e-05    -4.86528e-05
     -2.8415e-05    -2.41054e-05
      -2.045e-05    -1.98583e-05
    -0.000103927    -0.000151053
     -0.00143915     -0.00142905
    -0.000320033    -0.000497178
     -5.3448e-05    -5.86271e-05
     -3.1657e-05    -3.59367e-05
     -0.00165261     -0.00136671
     -0.00120872       -0.001079
    -0.000374505    -0.000460085
    -0.000181421    -0.000274067
    -0.000237959    -0.000307693
    -0.000983772    -0.000870531
     -3.6959e-05    -3.41701e-05
    -0.000366505    -0.000375223
    -0.000160005    -0.000173583
    -0.000263576    -0.000247628
     -0.00126189     -0.00170784
    -0.000537827    -0.000325716
     -7.5279e-05    -7.90319e-05
    -0.000205331     -0.00024721
    -0.000382133     -0.00043013
     -0.00115078     -0.00123795
     -5.2674e-05    -3.56028e-05
    -0.000179045    -0.000189537
    -0.000160197     -0.00016446
     -3.5176e-05    -2.86874e-05
     -0.00123133    -0.000804893
      -3.826e-05    -6.20185e-05
     -5.3197e-05    -7.11532e-05
    -0.000259045    -0.000228844
     -3.1371e-05    -6.28198e-05
     -6.5948e-05      -9.206e-05
     -7.3061e-05    -6.21145e-05
     -1.1946e-05    -1.70109e-05
     -6.4399e-05    -5.18671e-05
    -0.000247228    -0.000292996
    -0.000103611     -0.00012322
     -6.1529e-05     -5.6566e-05
    -0.000112966    -0.000143192
    -0.000993358     -0.00112236
     -8.9887e-05    -0.000102886
     -2.3711e-05    -2.40424e-05
     -7.6278e-05    -8.85963e-05
     -2.6276e-05     -3.6004e-05
    -0.000234448    -0.000196643
    -0.000434508    -0.000562024
     -0.00108484    -0.000751633
     -0.00143511     -0.00130654
    -0.000243424    -0.000257766
     -1.8606e-05    -1.73264e-05
      -9.278e-06    -8.58631e-06
     -0.00248428     -0.00257176
    -0.000528916    -0.000448894
     -0.00107059     -0.00102585
    -0.000202431    -0.000263505
    -0.000157133    -0.000165953
     -0.00031493    -0.000263155
     -1.2472e-05    -1.21576e-05
     -3.8627e-05    -4.22461e-05
    -0.000751471     -0.00071456
    -0.000896213    -0.000859669
     -2.7223e-05    -2.15712e-05
    -0.000327318    -0.000326748
     -0.00076499    -0.000661039
     -3.1063e-05     -3.1122e-05
     -2.5625e-05    -1.69126e-05
     -0.00163469     -0.00164543
     -7.9922e-05    -0.000149061
     -2.2341e-05    -1.96907e-05
    -0.000313198     -0.00026368
    -0.000387197    -0.000435821
     -0.00177821     -0.00121407
     -2.9311e-05    -2.31829e-05
    -0.000507862     -0.00072582
     -1.5559e-05    -3.36821e-05
     -4.4365e-05    -3.13853e-05
    -0.000133445    -0.000219968
     -4.2978e-05     -5.5481e-05
    -0.000308475    -0.000317402
    -0.000792724    -0.000468435
     -3.8263e-05    -6.41948e-05
      -1.585e-05     -1.0713e-05
      -9.633e-06    -1.02193e-05
     -2.2303e-05    -1.67074e-05
     -1.6844e-05     -1.8566e-05
     -3.0918e-05    -3.73579e-05
    -0.000145722    -0.000245401
    -0.000892141    -0.000833086
    -0.000192331    -0.000241532
     -2.0018e-05     -1.7355e-05
    -0.000794786    -0.000605088
    -0.000303026    -0.000227343
     -0.00141126     -0.00175888
    -0.000385606    -0.000664364
    -0.000247906    -0.000237406
     -1.9168e-05    -9.89816e-06
    -0.000270827    -0.000200597
     -2.2144e-05    -1.37359e-05
     -2.9097e-05    -2.94035e-05
     -1.4845e-05    -2.86767e-05
     -0.00137848     -0.00186977
    -0.000941257     -0.00081099
    -0.000597946    -0.000573486
      -3.759e-05    -1.97976e-05
    -0.000365083    -0.000551471
     -2.9092e-05    -4.46147e-05
     -0.00211445     -0.00191189
     -0.00176334     -0.00275052
     -8.9239e-05    -0.000135455
     -2.8212e-05     -2.3449e-05
     -0.00113384      -0.0011173
    -0.000293171    -0.000240194
    -0.000295304    -0.000293951
    -0.000427624    -0.000445155
    -0.000385262    -0.000381971
    -0.000328027    -0.000174145
     -0.00160344     -0.00122299
      -9.883e-06    -1.59843e-05
     -0.00056013    -0.000449291
     -3.8161e-05    -4.96287e-05
       -8.07e-06    -1.16936e-05
     -3.1418e-05    -4.22813e-05
     -0.00220002     -0.00168818
     -0.00153367     -0.00144122
      -2.402e-05    -2.24053e-05
    -0.000175848    -0.000146039
    -0.000122051    -0.000135129
    -0.000452202    -0.000466857
     -0.00105801    -0.000677627
    -0.000107121    -6.91235e-05
     -3.6545e-05    -5.95382e-05
     -9.2433e-05    -6.59949e-05
     -0.00111638    -0.000922315
       -0.001297      -0.0012374
    -0.000115702    -0.000122611
     -3.9297e-05    -4.03712e-05
    -0.000719527    -0.000450504
     -0.00116661    -0.000903763
    -0.000243268    -0.000193239
     -1.2718e-05    -1.26632e-05
      -7.887e-06    -1.49669e-05
     -6.5309e-05     -9.2316e-05
     -4.2069e-05    -2.70521e-05
    -0.000695399    -0.000590609
    -0.000432413    -0.000478197
    -0.000710004    -0.000489409
    -0.000214812    -0.000157484
     -6.0402e-05    -8.55389e-05
    -0.000225735    -0.000230225
       -7.84e-06    -1.23747e-05
     -8.3548e-05    -9.18476e-05
     -2.5099e-05    -2.11632e-05
     -4.4437e-05    -3.81957e-05
    -0.000469339    -0.000423643
    -0.000969364    -0.000796901
     -5.3268e-05    -5.06094e-05
     -4.4187e-05    -3.74356e-05
       -5.33e-05    -7.51544e-05
    -0.000100206    -9.53809e-05
    -0.000440746    -0.000414853
     -2.6748e-05    -2.56199e-05
     -5.3063e-05    -0.000102566
    -0.000114118    -0.000110014
     -0.00182297     -0.00122189
     -2.5074e-05    -1.71681e-05
    -0.000348831    -0.000354792
    -0.000167782     -0.00013686
       -2.98e-05    -1.39242e-05
    -0.000128555    -0.000171646
      -1.915e-05    -2.22065e-05
    -0.000373985    -0.000363347
    -0.000506875    -0.000328477
      -0.0010145    -0.000757919
    -0.000554349    -0.000573832
    -0.000106791    -0.000142231
    -0.000661157    -0.000470898
    -0.000152508     -0.00017405
      -8.487e-06    -2.08699e-05
     -0.00175762     -0.00149215
    -0.000358037    -0.000369863
    -0.000815271    -0.000578534
     -0.00161793      -0.0015634
     -7.8911e-05     -8.9724e-05
    -0.000302179    -0.000246103
    -0.000160001    -0.000197331
    -0.000174778    -0.000224649
     -7.4065e-05    -9.12723e-05
     -1.1444e-05    -2.52298e-05
     -9.2518e-05    -0.000112587
    -0.000178542     -0.00018279
    -0.000650579    -0.000484662
    -0.000230023    -0.000159628
     -2.2313e-05    -2.23478e-05
     -2.6081e-05    -4.60305e-05
     -0.00154467     -0.00182723
     -0.00142534      -0.0012645
    -0.000198721    -7.28908e-05
     -0.00015234    -0.000143606
    -0.000703877    -0.000369693
     -7.7367e-05    -7.48233e-05
    -0.000506191    -0.000472196
    -0.000142608    -0.000183238
    -0.000164133    -0.000180072
     -9.6848e-05    -4.94264e-05
     -3.4862e-05    -2.49202e-05
     -0.00173466      -0.0012417
     -2.5585e-05    -4.87739e-05
     -8.1201e-05    -6.29272e-05
     -0.00190366     -0.00189858
    -0.000127243    -0.000156833
     -1.3102e-05    -1.34898e-05
     -0.00131484      -0.0011417
    -0.000211157    -0.000215826
    -0.000203246    -0.000307235
     -3.2361e-05    -4.39966e-05
     -0.00031772    -0.000273888
     -0.00073077    -0.000785928
     -0.00188512     -0.00232283
     -0.00150958    -0.000722898
     -0.00118354     -0.00113815
    -0.000286583    -0.000341035
     -0.00180936     -0.00229717
     -1.9581e-05    -1.57845e-05
    -0.000995821     -0.00104131
     -0.00167885     -0.00329037
     -0.00198572     -0.00126716
    -0.000711085    -0.000630239
     -0.00164474     -0.00180767
    -0.000126687    -8.48503e-05
    -0.000148591    -0.000156049
     -3.2507e-05    -4.48238e-05
     -0.00181481     -0.00137097
     -3.0514e-05    -5.66086e-05
     -1.8122e-05    -1.63747e-05
    -0.000498179    -0.000475433
    -0.000724503    -0.000819491
    -0.000130463    -0.000104777
     -5.7884e-05     -4.8443e-05
     -4.3548e-05    -3.72085e-05
     -1.6273e-05    -1.94244e-05
     -1.0034e-05    -1.31858e-05
     -0.00110003     -0.00109337
     -2.0078e-05     -2.3349e-05
    -0.000746148    -0.000972656
    -0.000798012     -0.00051945
     -4.3174e-05    -3.96958e-05
     -1.3674e-05    -2.56309e-05
    -0.000203835    -0.000212304
    -0.000415419    -0.000287477
    -0.000532392    -0.000482069
     -5.2548e-05    -5.64473e-05
    -0.000287449    -0.000160178
    -0.000108744    -0.000114995
    -0.000199666    -0.000207391
     -7.3319e-05    -5.75564e-05
     -0.00180825     -0.00201003
     -3.7151e-05       -3.07e-05
    -0.000273858    -0.000248717
      -5.714e-06    -1.43809e-05
    -0.000684672    -0.000500006
     -0.00070686    -0.000522451
     -4.0887e-05     -3.2051e-05
     -5.6922e-05    -5.57145e-05
    -0.000119689    -0.000102964
     -1.9965e-05    -1.50191e-05
     -6.9048e-05    -7.30517e-05
    -0.000114087    -0.000134708
     -0.00126589     -0.00114026
    -0.000458038    -0.000367825
     -5.0058e-05    -4.31922e-05
     -1.2583e-05    -1.25018e-05
     -7.7785e-05    -8.58797e-05
    -0.000765717    -0.000625335
    -0.000113331     -0.00015164
     -7.1502e-05    -8.04338e-05
    -0.000145848    -0.000113142
    -0.000198242    -0.000144505
       -7.59e-05    -5.84592e-05
     -0.00081497    -0.000760237
     -5.6429e-05    -4.06263e-05
     -7.7744e-05    -5.83289e-05
     -0.00182133     -0.00215607
      -5.095e-05    -3.29208e-05
    -0.000246726    -0.000287482
    -0.000262738    -0.000385935
     -2.0937e-05     -1.7929e-05
    -0.000399172    -0.000499984
    -0.000375344    -0.000291487
     -9.5056e-05    -0.000105494
    -0.000429774    -0.000605595
     -3.7891e-05    -2.98293e-05
      -0.0017926     -0.00160242
     -0.00114096     -0.00133256
     -2.6649e-05    -3.49245e-05
    -0.000619442     -0.00056515
    -0.000892482    -0.000744819
    -0.000102116    -0.000146597
    -0.000111831    -6.85543e-05
     -0.00164157     -0.00125497
     -0.00249242     -0.00212185
    -0.000101574    -7.09829e-05
     -3.9433e-05    -6.90364e-05
     -1.1091e-05    -1.96681e-05
     -1.1335e-05    -7.31713e-06
      -3.511e-05    -3.28279e-05
     -0.00165822     -0.00136921
    -0.000146423    -0.000206085
     -0.00198371     -0.00174566
     -4.8722e-05    -4.10047e-05
     -0.00152876     -0.00132209
     -1.3734e-05    -1.78369e-05
    -0.000208923    -0.000233617
    -0.000324272    -0.000325723
     -0.00126224     -0.00133849
    -0.000231974    -0.000169354
     -1.4562e-05    -1.88313e-05
     -8.0135e-05    -8.29684e-05
     -1.8853e-05    -1.68836e-05
     -0.00121657     -0.00120677
    -0.000501046    -0.000350032
     -6.2815e-05     -0.00011494
    -0.000559706    -0.000667269
     -3.9517e-05    -3.80993e-05
    -0.000225864    -0.000180255
     -2.6917e-05    -2.85153e-05
     -8.2515e-05    -6.35045e-05
    -0.000208561    -0.000143624
    -0.000823025    -0.000722128
     -8.4425e-05    -7.42634e-05
    -0.000117977    -0.000156865
     -0.00162649     -0.00173466
     -1.1855e-05    -3.06299e-05
     -5.8034e-05    -5.08714e-05
     -2.2294e-05    -2.99737e-05
    -0.000237855    -0.000424588
     -0.00034216    -0.000368823
     -0.00016045    -0.000262456
     -2.3051e-05    -4.61196e-05
    -0.000140127    -0.000160519
    -0.000152981    -0.000121259
     -2.2529e-05    -2.30091e-05
     -3.2424e-05    -3.73459e-05
     -0.00146722    -0.000730328
     -4.8924e-05    -5.87964e-05
     -3.6174e-05    -4.86361e-05
    -0.000179553    -0.000200164
     -6.4917e-05     -5.4515e-05
     -7.2117e-05    -0.000102346
    -0.000171829    -0.000179811
     -7.0898e-05    -7.31121e-05
     -1.4221e-05    -1.77986e-05
    -0.000238973    -0.000268334
    -0.000228406     -0.00026352
     -3.2912e-05    -3.98029e-05
     -0.00125582      -0.0012705
    -0.000247185    -0.000280849
     -0.00130962    -0.000795004
    -0.000210145    -0.000135456
     -3.1728e-05    -2.87158e-05
     -7.1984e-05    -4.09356e-05
     -7.0548e-05    -9.42918e-05
     -0.00231509     -0.00354563
      -6.921e-05    -7.21442e-05
     -1.6229e-05    -1.75032e-05
     -0.00212566     -0.00217855
     -3.1283e-05    -2.70273e-05
     -0.00105366    -0.000723881
     -0.00064061     -0.00048901
    -0.000198185    -0.000152187
     -2.9178e-05    -2.39493e-05
    -0.000402425    -0.000383888
    -0.000264953    -0.000230875
     -3.3568e-05    -2.48121e-05
     -0.00122103     -0.00132641
     -0.00152794     -0.00106155
     -1.6995e-05    -4.45293e-05
     -4.3784e-05    -5.46868e-05
    -0.000366183    -0.000392961
      -9.721e-06    -1.57852e-05
     -9.2952e-05    -0.000111486
     -5.6954e-05    -4.38057e-05
      -1.247e-05     -1.7291e-05
    -0.000868161    -0.000938068
    -0.000695819    -0.000687012
     -6.3813e-05    -5.68013e-05
    -0.000704018    -0.000503036
    -0.000494864    -0.000503135
    -0.000284672    -0.000336132
     -1.2889e-05    -2.69535e-05
     -2.1252e-05    -2.66802e-05
     -8.0399e-05    -6.77928e-05
    -0.000255284    -0.000230611
      -8.708e-06    -1.07668e-05
     -9.8243e-05    -0.000101338
     -0.00054047    -0.000403502
    -0.000164029     -0.00019711
     -1.4474e-05      -2.371e-05
    -0.000594287    -0.000483239
     -0.00055021    -0.000422229
    -0.000197718     -0.00020536
     -0.00177344     -0.00170954
     -5.0551e-05     -7.7228e-05
    -0.000900403    -0.000928339
     -6.6755e-05    -7.27728e-05
     -0.00133004     -0.00102093
    -0.000310307    -0.000327317
     -0.00179733     -0.00145458
     -0.00139102     -0.00142436
     -6.0563e-05    -4.70496e-05
     -1.7751e-05    -4.05643e-05
     -0.00139964    -0.000785956
    -0.000130532    -0.000125569
      -0.0001351    -0.000109284
    -0.000327797    -0.000267969
     -5.7868e-05    -7.94497e-05
     -7.1333e-05    -8.56113e-05
     -7.3965e-05     -8.4966e-05
    -0.000908932     -0.00067366
    -0.000552458    -0.000518541
      -8.147e-05    -0.000117835
    -0.000303044    -0.000245163
    -0.000112003    -7.10427e-05
     -4.8672e-05    -6.79303e-05
    -0.000361016    -0.000553601
     -0.00109231    -0.000907851
    -0.000176545    -0.000155674
     -2.0903e-05    -3.34669e-05
    -0.000454944    -0.000336363
    -0.000765128    -0.000660744
     -2.8154e-05    -1.98931e-05
     -1.8727e-05    -1.96272e-05
     -3.4806e-05    -3.84177e-05
    -0.000771143    -0.000673793
    -0.000540221    -0.000601921
     -1.8054e-05    -3.29735e-05
     -1.2351e-05    -1.95167e-05
     -2.2152e-05    -2.29133e-05
    -0.000199088    -0.000180024
    -0.000112208    -0.000139662
     -2.3393e-05    -3.60077e-05
    -0.000319216    -0.000251703
     -0.00125849     -0.00122658
    -0.000183352     -0.00025506
    -0.000833629     -0.00061787
    -0.000255861    -0.000201756
     -0.00027471    -0.000217775
    -0.000139839    -0.000124401
    -0.000100978    -0.000137037
       -8.72e-06    -1.22681e-05
    -0.000343198    -0.000343391
    -0.000774893     -0.00063366
     -3.5062e-05    -6.16186e-05
    -0.000475378    -0.000436959
     -7.5574e-05    -5.22714e-05
     -0.00066599    -0.000702161
     -3.4612e-05    -3.09869e-05
     -1.1433e-05    -1.85599e-05
    -0.000357783    -0.000356706
     -3.7249e-05    -3.67542e-05
     -0.00192768     -0.00129583
     -7.3498e-05     -5.5539e-05
     -5.2993e-05    -4.86533e-05
    -0.000624278    -0.000616155
    -0.000334411    -0.000252278
    -0.000690302    -0.000615136
    -0.000406709    -0.000323538
    -0.000388362    -0.000348918
    -0.000461213    -0.000603845
    -0.000749352    -0.000604798
     -0.00180922     -0.00165786
     -1.8289e-05    -1.53759e-05
    -0.000107876    -9.97706e-05
    -0.000483788    -0.000510841
     -6.7034e-05    -6.55624e-05
     -3.6375e-05    -4.68186e-05
    -0.000130783    -9.80825e-05
    -0.000236548    -0.000249433
     -5.3304e-05    -5.16436e-05
     -0.00116537     -0.00110997
     -0.00109342    -0.000910349
     -4.7243e-05    -5.16855e-05
      -5.863e-06    -7.61346e-06
    -0.000672127    -0.000912756
     -0.00207699      -0.0020815
     -2.4138e-05    -2.78166e-05
    -0.000213505    -0.000282737
     -4.2903e-05    -3.33037e-05
     -8.9343e-05    -8.57023e-05
     -6.5746e-05    -8.74795e-05
     -3.5046e-05    -4.99189e-05
     -5.0679e-05    -4.81547e-05
    -0.000907352    -0.000653653
    -0.000185105    -0.000197962
    -0.000218636    -0.000328427
     -5.9675e-05    -4.79179e-05
     -3.5123e-05    -2.70191e-05
    -0.000835004    -0.000773808
     -0.00176684     -0.00159465
    -0.000177679    -0.000177676
     -2.3697e-05    -2.83718e-05
    -0.000157832    -0.000141839
     -4.2746e-05    -4.95203e-05
    -0.000822271     -0.00082208
     -6.9819e-05     -7.6686e-05
     -8.2225e-05     -9.3401e-05
     -0.00124652     -0.00111456
     -1.0219e-05    -6.94479e-06
    -0.000198693    -0.000223716
    -0.000969036    -0.000635892
     -3.6012e-05    -3.49147e-05
       -5.73e-06    -1.56845e-05
    -0.000581101     -0.00047714
     -4.7939e-05    -5.70193e-05
     -2.0721e-05    -1.60087e-05
     -7.1879e-05    -7.62448e-05
    -0.000108101    -9.21431e-05
      -0.0014887     -0.00138558
     -0.00119655    -0.000951593
      -2.411e-05    -3.16151e-05
     -3.6734e-05    -4.33805e-05
      -7.781e-06    -1.29348e-05
     -0.00032786    -0.000460866
    -0.000143947    -0.000213876
     -0.00137039    -0.000924482
     -3.8111e-05    -3.33403e-05
    -0.000172186    -0.000146882
     -2.8592e-05    -2.65129e-05
    -0.000247805    -0.000286371
      -3.185e-05    -6.24328e-05
     -6.8055e-05    -4.82322e-05
    -0.000687465    -0.000701687
     -2.4582e-05    -2.90414e-05
     -5.2342e-05    -6.39574e-05
    -0.000519488    -0.000620143
     -2.0202e-05    -1.95815e-05
     -5.9671e-05    -6.63802e-05
    -0.000118506    -0.000139403
     -5.3441e-05    -5.86541e-05
    -0.000193138    -0.000103822
     -1.4148e-05    -1.77661e-05
     -1.4484e-05    -1.97629e-05
    -0.000109183    -0.000113397
    -0.000307875    -0.000202839
     -7.8372e-05     -8.8966e-05
    -0.000201474    -0.000149168
     -2.3894e-05    -2.60599e-05
      -8.391e-06    -7.68212e-06
    -0.000461544    -0.000445197
     -0.00168154     -0.00107111
    -0.000575777    -0.000454061
    -0.000611179    -0.000419994
     -4.6151e-05    -2.92359e-05
     -0.00177944     -0.00245996
     -1.4276e-05    -8.54043e-06
     -4.6717e-05    -6.84368e-05
      -6.864e-05     -8.1554e-05
     -6.7991e-05    -4.79849e-05
     -0.00107066     -0.00077629
     -0.00119191     -0.00102709
    -0.000167341    -0.000166147
    -0.000225194    -0.000217413
     -7.7553e-05    -0.000109723
     -2.3206e-05    -1.69713e-05
     -0.00116234     -0.00131923
    -0.000151388    -0.000168742
     -1.8215e-05     -2.2537e-05
     -9.5602e-05    -7.44587e-05
    -0.000190429    -0.000139785
     -6.3828e-05     -0.00014373
     -0.00163825     -0.00142993
     -2.5766e-05    -1.96132e-05
     -3.2076e-05    -2.55845e-05
     -1.0655e-05    -1.22158e-05
     -1.8974e-05    -2.29108e-05
    -0.000108143    -0.000126445
     -3.6503e-05     -3.4638e-05
     -4.8267e-05    -4.77342e-05
    -0.000406514    -0.000450299
    -0.000129072    -0.000174683
     -9.2229e-05    -0.000102961
     -0.00143624     -0.00126675
     -4.3321e-05    -3.54058e-05
    -0.000562279    -0.000434157
    -0.000637718    -0.000611663
      -9.702e-06    -1.92829e-05
     -5.7827e-05    -6.20651e-05
    -0.000213363    -0.000236552
     -3.6139e-05    -5.14201e-05
    -0.000339266    -0.000290424
    -0.000317127    -0.000220281
    -0.000158476    -0.000116734
     -9.7489e-05    -0.000119968
      -4.305e-06    -9.84596e-06
    -0.000536486    -0.000444128
     -0.00151691     -0.00114859
     -2.0803e-05    -1.44069e-05
     -0.00132167     -0.00132018
    -0.000577647    -0.000514448
     -0.00109098     -0.00120431
     -0.00142026     -0.00139503
    -0.000340795    -0.000400507
     -1.4314e-05    -2.57306e-05
     -0.00109662     -0.00105663
     -2.6656e-05    -4.11782e-05
    -0.000104523    -0.000119916
     -2.9139e-05     -3.0163e-05
     -0.00105562     -0.00119943
    -0.000885643    -0.000775664
      -0.0014951     -0.00130508
     -0.00074809    -0.000702253
     -1.5282e-05     -2.5635e-05
    -0.000333288     -0.00023919
    -0.000671918    -0.000749472
    -0.000398871    -0.000343793
    -0.000715635    -0.000505483
     -0.00123488    -0.000931536
     -3.2505e-05    -7.07823e-05
    -0.000181846    -0.000221994
     -1.0074e-05     -1.6784e-05
     -0.00113263     -0.00144426
      -6.719e-05    -0.000103502
     -8.6503e-05    -6.23414e-05
     -0.00137707     -0.00144125
      -6.261e-05    -0.000120317
     -2.8365e-05    -3.35477e-05
    -0.000315903    -0.000309803
     -0.00125766     -0.00123468
     -8.4397e-05    -0.000109086
     -0.00020608    -0.000272413
      -8.998e-05    -9.87235e-05
     -1.1349e-05    -1.67638e-05
     -0.00146958     -0.00134753
      -7.056e-06    -1.46822e-05
    -0.000864861    -0.000737015
     -5.5234e-05    -6.17903e-05
    -0.000733419    -0.000650234
      -7.165e-05    -4.59213e-05
    -0.000216913     -0.00016261
    -0.000192664    -0.000200267
     -3.6742e-05    -5.79996e-05
     -2.5388e-05    -2.49626e-05
    -0.000696691    -0.000713401
     -2.3171e-05    -3.47272e-05
     -2.1173e-05     -1.7504e-05
    -0.000750723    -0.000348192
     -3.0692e-05    -3.74165e-05
      -6.146e-06    -1.70262e-05
     -1.2067e-05     -1.3696e-05
    -0.000295416    -0.000442352
    -0.000307313    -0.000194437
      -2.701e-05    -1.59765e-05
     -6.1556e-05     -8.6662e-05
    -0.000572666    -0.000490802
    -0.000484664    -0.000697049
     -0.00013471    -0.000161622
    -0.000884825    -0.000697832
     -3.9166e-05    -4.83627e-05
    -0.000171812    -7.25448e-05
     -0.00223476      -0.0022998
    -0.000202825    -0.000241557
    -0.000128966     -5.8083e-05
    -0.000175787    -0.000131607
    -0.000746417    -0.000931336
     -6.8064e-05    -7.09849e-05
     -1.7022e-05    -1.66892e-05
     -8.2136e-05     -6.7827e-05
      -2.744e-05    -3.08441e-05
    -0.000190238    -0.000285615
      -5.099e-05    -6.27562e-05
