QM Energy	FF Energy
    -0.000374962    -0.000382918
     -0.00135475     -0.00120093
     -1.3859e-05    -1.67646e-05
     -2.7867e-05    -2.35413e-05
    -0.000856067     -0.00069363
     -2.3894e-05    -3.63399e-05
     -9.0388e-05    -9.81331e-05
      -9.104e-06    -1.16165e-05
    -0.000377681    -0.000412087
     -0.00103476    -0.000934843
     -2.8407e-05    -2.61005e-05
     -5.1716e-05    -8.19165e-05
     -2.7801e-05    -2.02039e-05
    -0.000667715    -0.000563403
      -6.533e-05    -6.16606e-05
     -6.1924e-05    -6.57799e-05
     -0.00171162     -0.00185602
       -1.89e-05     -2.4171e-05
    -0.000192079    -0.000205223
     -2.2082e-05    -2.95416e-05
     -0.00166722     -0.00184637
     -6.8749e-05    -0.000104206
    -0.000292888    -0.000286295
     -0.00104095    -0.000932158
    -0.000413577    -0.000383478
    -0.000113586    -0.000104136
    -0.000818678    -0.000839327
     -8.0817e-05    -7.30967e-05
     -2.6934e-05    -2.12997e-05
      -8.375e-06    -1.79777e-05
     -1.5226e-05    -2.35657e-05
     -3.3567e-05    -3.33265e-05
    -0.000152955    -0.000145891
      -8.044e-05    -0.000118724
     -2.3284e-05     -2.9171e-05
    -0.000501706    -0.000394252
     -9.7084e-05     -0.00011107
     -0.00141574      -0.0012515
     -0.00173315     -0.00201199
     -8.9262e-05     -0.00010707
    -0.000178707    -0.000219462
     -1.8031e-05    -2.33557e-05
     -6.9227e-05    -8.34742e-05
    -0.000811813    -0.000696217
    -0.000339753    -0.000306639
     -4.2006e-05    -4.83389e-05
     -0.00110642     -0.00105421
     -2.3646e-05     -2.4696e-05
     -0.00170511     -0.00139277
      -6.432e-06     -1.3377e-05
     -8.5567e-05    -0.000103105
     -1.2406e-05    -1.54366e-05
     -4.3757e-05    -3.48888e-05
    -0.000943512    -0.000964323
     -1.0693e-05    -1.73291e-05
     -2.4525e-05    -2.88588e-05
    -0.000131633    -0.000137278
     -8.1146e-05    -7.83982e-05
      -0.0013171     -0.00130152
    -0.000348547    -0.000354132
     -2.9821e-05    -4.31198e-05
     -0.00161157      -0.0013716
    -0.000184071    -0.000270997
     -5.4539e-05     -6.1395e-05
     -6.7885e-05    -7.48293e-05
    -0.000216081    -0.000182977
    -0.000440609    -0.000333322
    -0.000457569    -0.000462288
     -0.00158193     -0.00149738
     -7.1071e-05    -0.000113767
     -0.00098928    -0.000863113
     -6.0615e-05    -6.56484e-05
    -0.000933895    -0.000913122
     -6.5489e-05    -6.79078e-05
     -1.1684e-05    -2.19401e-05
     -2.3896e-05    -2.24348e-05
    -0.000106736    -0.000149222
      -4.839e-05    -7.20016e-05
    -0.000685811      -0.0006287
     -1.7078e-05    -1.81159e-05
    -0.000647768    -0.000517889
    -0.000119665    -0.000141647
    -0.000108322    -0.000132668
    -0.000254308     -0.00022416
    -0.000238321    -0.000191298
     -2.1366e-05    -2.98099e-05
    -0.000296843    -0.000302574
     -2.8464e-05    -3.28407e-05
     -0.00117909     -0.00103432
     -2.3494e-05    -2.45483e-05
     -1.7757e-05    -2.37451e-05
     -0.00227398      -0.0019324
     -6.7114e-05    -7.45394e-05
     -1.1231e-05    -1.52693e-05
     -0.00153248     -0.00187808
     -6.2743e-05     -8.0569e-05
     -2.5115e-05    -2.79977e-05
    -0.000212239    -0.000270113
     -1.1706e-05    -1.83642e-05
    -0.000441243    -0.000436561
      -0.0017128     -0.00167874
    -0.000103063    -0.000104304
    -0.000976621     -0.00095048
     -2.8313e-05    -3.79782e-05
    -0.000312486    -0.000332306
      -8.157e-06    -1.56004e-05
     -5.0489e-05    -5.51061e-05
    -0.000202791    -0.000182518
     -2.6325e-05    -2.75442e-05
    -0.000223704     -0.00022138
    -0.000338977    -0.000329445
    -0.000186088    -0.000205551
     -0.00107778      -0.0009263
      -0.0019149     -0.00185311
      -0.0004841    -0.000440461
    -0.000252817    -0.000209534
     -2.5119e-05    -3.29652e-05
     -0.00141798     -0.00133224
     -0.00026341    -0.000206896
     -0.00170256     -0.00173032
    -0.000319047      -0.0002527
     -5.9661e-05    -6.76353e-05
    -0.000114879    -0.000169176
     -7.6882e-05    -8.94046e-05
    -0.000152391    -0.000136006
     -6.6642e-05    -7.53833e-05
      -2.113e-05    -2.34187e-05
     -3.5119e-05    -2.72033e-05
       -0.000101     -0.00013171
     -0.00152888     -0.00177405
    -0.000201027    -0.000174306
     -2.6604e-05    -3.53901e-05
     -0.00161708     -0.00136694
     -1.0017e-05    -1.66186e-05
    -0.000542493    -0.000546515
     -2.3671e-05    -2.96019e-05
     -1.2139e-05    -1.55955e-05
     -0.00125097     -0.00107007
     -3.4719e-05    -3.71192e-05
     -0.00044358    -0.000325711
     -0.00159083      -0.0023855
     -8.7216e-05    -9.40742e-05
     -9.3955e-05    -8.39978e-05
     -8.3023e-05    -9.50047e-05
     -0.00069079    -0.000597166
     -0.00056576    -0.000632732
     -2.4598e-05    -2.95686e-05
      -3.638e-05    -4.89917e-05
     -3.9629e-05    -3.18904e-05
     -3.6332e-05    -4.29101e-05
      -3.857e-05    -4.04501e-05
    -0.000396741    -0.000552574
     -2.0096e-05    -1.96354e-05
    -0.000129235    -0.000124848
     -7.8212e-05    -8.83325e-05
    -0.000444137     -0.00064484
    -0.000326811    -0.000323354
      -2.704e-05    -2.95037e-05
       -6.17e-06    -1.06605e-05
    -0.000808731    -0.000724386
    -0.000139847    -0.000207977
     -0.00204599     -0.00187274
     -6.0387e-05    -7.81975e-05
     -0.00096804     -0.00108326
      -4.526e-06    -9.95879e-06
    -0.000101357    -0.000102551
     -2.0194e-05    -2.25895e-05
    -0.000615803    -0.000592805
    -0.000251632    -0.000276113
     -4.8587e-05    -6.32704e-05
     -0.00123492      -0.0011055
    -0.000239603    -0.000202823
    -0.000211871    -0.000187318
    -0.000148439    -0.000162666
     -2.4104e-05    -3.70753e-05
     -1.5025e-05    -2.77785e-05
     -0.00073512    -0.000817363
      -2.654e-05    -3.47044e-05
    -0.000289567    -0.000319223
     -4.5645e-05    -7.37635e-05
     -3.3935e-05    -5.20279e-05
    -0.000165098    -0.000159375
    -0.000131043    -0.000124531
    -0.000341208    -0.000429361
    -0.000324126    -0.000246747
    -0.000254982    -0.000232218
    -0.000726635    -0.000730486
     -0.00228549     -0.00199424
     -1.9674e-05    -2.47407e-05
     -3.4186e-05    -3.11357e-05
    -0.000110234     -0.00012345
       -0.001761     -0.00164659
     -0.00154453     -0.00153971
     -4.7754e-05    -5.46745e-05
     -1.9596e-05    -2.33239e-05
     -0.00168443     -0.00156185
     -1.7702e-05    -1.86626e-05
     -0.00100909    -0.000925997
      -3.537e-05    -3.32642e-05
    -0.000104715    -0.000122746
     -0.00123046    -0.000998575
    -0.000155673    -0.000153619
    -0.000251833    -0.000258975
    -0.000204371    -0.000162325
     -3.2122e-05    -5.79657e-05
      -4.811e-05    -5.52582e-05
    -0.000822968    -0.000709771
    -0.000212154    -0.000233099
       -1.48e-05    -1.80129e-05
    -0.000154763    -0.000185729
    -0.000574168    -0.000521447
     -2.5281e-05    -4.12976e-05
    -0.000400649    -0.000311341
    -0.000299044    -0.000390698
    -0.000106097    -0.000159982
      -4.037e-05    -4.17447e-05
     -2.0023e-05    -3.16969e-05
     -7.5451e-05    -7.01663e-05
    -0.000295308    -0.000307081
     -6.0879e-05    -6.16495e-05
     -8.7832e-05    -7.86265e-05
     -3.9492e-05    -5.87394e-05
    -0.000814308    -0.000768066
    -0.000114102    -0.000128858
      -0.0010971    -0.000933004
     -2.7559e-05    -3.27143e-05
     -4.8546e-05    -4.49517e-05
     -0.00010041    -9.98565e-05
     -0.00012792    -0.000107489
     -1.2406e-05    -1.40761e-05
     -7.4958e-05    -6.80297e-05
     -5.0408e-05    -4.99363e-05
     -2.8415e-05    -3.01306e-05
      -2.045e-05    -2.18144e-05
    -0.000103927    -0.000131442
     -0.00143915     -0.00122697
    -0.000320033     -0.00033226
     -5.3448e-05    -5.39882e-05
     -3.1657e-05    -2.59082e-05
     -0.00165261     -0.00153415
     -0.00120872     -0.00112306
    -0.000374505    -0.000385462
    -0.000181421    -0.000199983
    -0.000237959    -0.000299606
    -0.000983772     -0.00094735
     -3.6959e-05    -4.21787e-05
    -0.000366505    -0.000282852
    -0.000160005    -0.000225752
    -0.000263576    -0.000230161
     -0.00126189      -0.0013207
    -0.000537827    -0.000410851
     -7.5279e-05     -7.7739e-05
    -0.000205331    -0.000246931
    -0.000382133    -0.000542092
     -0.00115078     -0.00097086
     -5.2674e-05    -5.98126e-05
    -0.000179045    -0.000236707
    -0.000160197    -0.000187103
     -3.5176e-05    -3.76385e-05
     -0.00123133     -0.00100689
      -3.826e-05    -5.97195e-05
     -5.3197e-05      -6.589e-05
    -0.000259045    -0.000267759
     -3.1371e-05    -4.59159e-05
     -6.5948e-05    -0.000113079
     -7.3061e-05    -7.66505e-05
     -1.1946e-05    -1.42362e-05
     -6.4399e-05    -4.86704e-05
    -0.000247228    -0.000261577
    -0.000103611    -0.000101059
     -6.1529e-05    -5.98462e-05
    -0.000112966    -0.000122573
    -0.000993358     -0.00098395
     -8.9887e-05    -0.000117856
     -2.3711e-05    -2.23745e-05
     -7.6278e-05    -8.73798e-05
     -2.6276e-05    -3.73658e-05
    -0.000234448    -0.000209141
    -0.000434508    -0.000461017
     -0.00108484    -0.000860112
     -0.00143511     -0.00118741
    -0.000243424    -0.000194349
     -1.8606e-05    -1.65515e-05
      -9.278e-06     -1.4954e-05
     -0.00248428      -0.0023405
    -0.000528916    -0.000676229
     -0.00107059     -0.00112568
    -0.000202431    -0.000309282
    -0.000157133    -0.000142769
     -0.00031493    -0.000276078
     -1.2472e-05    -1.79354e-05
     -3.8627e-05    -4.40689e-05
    -0.000751471    -0.000721742
    -0.000896213    -0.000882352
     -2.7223e-05    -2.65837e-05
    -0.000327318    -0.000342981
     -0.00076499    -0.000802449
     -3.1063e-05     -2.7919e-05
     -2.5625e-05    -2.38697e-05
     -0.00163469     -0.00150459
     -7.9922e-05    -9.83486e-05
     -2.2341e-05    -2.24333e-05
    -0.000313198    -0.000299127
    -0.000387197    -0.000421686
     -0.00177821     -0.00164456
     -2.9311e-05     -2.9772e-05
    -0.000507862    -0.000562542
     -1.5559e-05    -2.55802e-05
     -4.4365e-05    -3.12731e-05
    -0.000133445    -0.000191951
     -4.2978e-05    -3.90722e-05
    -0.000308475    -0.000340005
    -0.000792724    -0.000702661
     -3.8263e-05    -6.04617e-05
      -1.585e-05    -1.61502e-05
      -9.633e-06     -1.4346e-05
     -2.2303e-05    -1.74786e-05
     -1.6844e-05    -2.07884e-05
     -3.0918e-05    -3.88781e-05
    -0.000145722    -0.000217096
    -0.000892141    -0.000797791
    -0.000192331    -0.000219962
     -2.0018e-05    -1.71294e-05
    -0.000794786    -0.000637154
    -0.000303026    -0.000299028
     -0.00141126      -0.0012982
    -0.000385606    -0.000429461
    -0.000247906    -0.000218597
     -1.9168e-05    -2.91886e-05
    -0.000270827    -0.000268175
     -2.2144e-05    -2.07279e-05
     -2.9097e-05    -2.91139e-05
     -1.4845e-05    -2.11947e-05
     -0.00137848     -0.00144407
    -0.000941257     -0.00107468
    -0.000597946    -0.000581784
      -3.759e-05    -4.63185e-05
    -0.000365083      -0.0004461
     -2.9092e-05    -3.91135e-05
     -0.00211445      -0.0019064
     -0.00176334     -0.00223641
     -8.9239e-05    -0.000103759
     -2.8212e-05    -2.30574e-05
     -0.00113384     -0.00105514
    -0.000293171    -0.000338467
    -0.000295304    -0.000319748
    -0.000427624    -0.000586327
    -0.000385262     -0.00036645
    -0.000328027    -0.000299372
     -0.00160344     -0.00144178
      -9.883e-06    -1.75662e-05
     -0.00056013    -0.000497156
     -3.8161e-05    -4.45453e-05
       -8.07e-06    -1.59662e-05
     -3.1418e-05    -4.05923e-05
     -0.00220002     -0.00188487
     -0.00153367     -0.00143326
      -2.402e-05    -2.18796e-05
    -0.000175848    -0.000175827
    -0.000122051    -0.000132048
    -0.000452202    -0.000429229
     -0.00105801    -0.000828428
    -0.000107121    -0.000104509
     -3.6545e-05     -5.8309e-05
     -9.2433e-05     -8.8653e-05
     -0.00111638     -0.00111059
       -0.001297     -0.00132162
    -0.000115702    -9.20974e-05
     -3.9297e-05    -4.63874e-05
    -0.000719527    -0.000670277
     -0.00116661      -0.0010662
    -0.000243268    -0.000246729
     -1.2718e-05    -1.34223e-05
      -7.887e-06    -1.33281e-05
     -6.5309e-05    -0.000114564
     -4.2069e-05    -3.77745e-05
    -0.000695399    -0.000632711
    -0.000432413    -0.000485142
    -0.000710004    -0.000683522
    -0.000214812     -0.00020507
     -6.0402e-05    -7.69817e-05
    -0.000225735    -0.000372234
       -7.84e-06    -1.14747e-05
     -8.3548e-05    -8.61777e-05
     -2.5099e-05    -2.68628e-05
     -4.4437e-05    -4.00056e-05
    -0.000469339    -0.000423785
    -0.000969364    -0.000970227
     -5.3268e-05    -5.95795e-05
     -4.4187e-05    -4.64779e-05
       -5.33e-05    -7.68902e-05
    -0.000100206    -9.18327e-05
    -0.000440746    -0.000591789
     -2.6748e-05    -2.53826e-05
     -5.3063e-05    -7.25566e-05
    -0.000114118    -0.000100816
     -0.00182297     -0.00169564
     -2.5074e-05    -2.33984e-05
    -0.000348831    -0.000351856
    -0.000167782    -0.000170236
       -2.98e-05    -4.12734e-05
    -0.000128555    -0.000159144
      -1.915e-05    -2.36552e-05
    -0.000373985       -0.000443
    -0.000506875    -0.000481559
      -0.0010145    -0.000975662
    -0.000554349    -0.000541333
    -0.000106791    -0.000151436
    -0.000661157    -0.000494051
    -0.000152508    -0.000191389
      -8.487e-06    -1.59423e-05
     -0.00175762     -0.00156147
    -0.000358037    -0.000373436
    -0.000815271      -0.0007963
     -0.00161793     -0.00151524
     -7.8911e-05    -0.000140245
    -0.000302179    -0.000255386
    -0.000160001    -0.000164083
    -0.000174778      -0.0002187
     -7.4065e-05    -8.48447e-05
     -1.1444e-05    -2.16474e-05
     -9.2518e-05    -0.000127377
    -0.000178542    -0.000202667
    -0.000650579    -0.000647093
    -0.000230023    -0.000175146
     -2.2313e-05    -2.49188e-05
     -2.6081e-05    -4.82061e-05
     -0.00154467     -0.00202505
     -0.00142534      -0.0011596
    -0.000198721    -0.000186948
     -0.00015234    -0.000139514
    -0.000703877     -0.00061816
     -7.7367e-05    -8.14412e-05
    -0.000506191    -0.000503364
    -0.000142608    -0.000158925
    -0.000164133    -0.000218848
     -9.6848e-05    -9.10345e-05
     -3.4862e-05    -3.46015e-05
     -0.00173466     -0.00168827
     -2.5585e-05    -4.15019e-05
     -8.1201e-05    -7.25058e-05
     -0.00190366     -0.00206027
    -0.000127243    -0.000119449
     -1.3102e-05    -1.79432e-05
     -0.00131484     -0.00112491
    -0.000211157    -0.000179802
    -0.000203246     -0.00027762
     -3.2361e-05    -4.62824e-05
     -0.00031772    -0.000255813
     -0.00073077    -0.000780745
     -0.00188512      -0.0025841
     -0.00150958     -0.00130129
     -0.00118354     -0.00109843
    -0.000286583    -0.000345263
     -0.00180936     -0.00209824
     -1.9581e-05    -1.78968e-05
    -0.000995821      -0.0010802
     -0.00167885     -0.00300835
     -0.00198572     -0.00180349
    -0.000711085    -0.000654137
     -0.00164474     -0.00156743
    -0.000126687    -0.000117918
    -0.000148591    -0.000161858
     -3.2507e-05    -3.83529e-05
     -0.00181481     -0.00149729
     -3.0514e-05    -4.58458e-05
     -1.8122e-05    -1.54747e-05
    -0.000498179    -0.000469808
    -0.000724503    -0.000826052
    -0.000130463    -0.000134003
     -5.7884e-05    -5.18669e-05
     -4.3548e-05     -3.3802e-05
     -1.6273e-05    -2.20173e-05
     -1.0034e-05    -1.56048e-05
     -0.00110003     -0.00100303
     -2.0078e-05    -2.00733e-05
    -0.000746148    -0.000829761
    -0.000798012    -0.000916807
     -4.3174e-05    -4.55534e-05
     -1.3674e-05    -2.36304e-05
    -0.000203835    -0.000337429
    -0.000415419    -0.000567123
    -0.000532392    -0.000716846
     -5.2548e-05    -5.59709e-05
    -0.000287449    -0.000252441
    -0.000108744    -0.000116999
    -0.000199666    -0.000156454
     -7.3319e-05      -7.969e-05
     -0.00180825     -0.00168448
     -3.7151e-05    -4.02294e-05
    -0.000273858    -0.000296655
      -5.714e-06    -1.13073e-05
    -0.000684672    -0.000562304
     -0.00070686    -0.000602547
     -4.0887e-05    -2.91364e-05
     -5.6922e-05    -7.03243e-05
    -0.000119689    -0.000134213
     -1.9965e-05    -1.40382e-05
     -6.9048e-05     -0.00013082
    -0.000114087    -0.000123883
     -0.00126589      -0.0012372
    -0.000458038    -0.000423706
     -5.0058e-05    -5.20457e-05
     -1.2583e-05    -1.35079e-05
     -7.7785e-05    -7.44094e-05
    -0.000765717    -0.000561706
    -0.000113331    -0.000155347
     -7.1502e-05    -7.99141e-05
    -0.000145848    -0.000148769
    -0.000198242    -0.000183351
       -7.59e-05    -6.13639e-05
     -0.00081497    -0.000866954
     -5.6429e-05    -5.33413e-05
     -7.7744e-05    -5.98853e-05
     -0.00182133     -0.00179064
      -5.095e-05    -5.63188e-05
    -0.000246726    -0.000253627
    -0.000262738    -0.000342323
     -2.0937e-05    -2.35312e-05
    -0.000399172    -0.000539272
    -0.000375344     -0.00059505
     -9.5056e-05    -7.92214e-05
    -0.000429774    -0.000541409
     -3.7891e-05     -4.3056e-05
      -0.0017926     -0.00182783
     -0.00114096     -0.00111768
     -2.6649e-05    -2.80609e-05
    -0.000619442     -0.00066011
    -0.000892482     -0.00082964
    -0.000102116    -0.000154823
    -0.000111831    -9.78717e-05
     -0.00164157      -0.0014744
     -0.00249242     -0.00214083
    -0.000101574    -9.34653e-05
     -3.9433e-05    -5.44502e-05
     -1.1091e-05    -1.85037e-05
     -1.1335e-05    -1.91051e-05
      -3.511e-05    -3.29973e-05
     -0.00165822     -0.00164242
    -0.000146423    -0.000163984
     -0.00198371     -0.00202688
     -4.8722e-05    -3.68366e-05
     -0.00152876     -0.00134356
     -1.3734e-05    -1.96057e-05
    -0.000208923    -0.000240779
    -0.000324272    -0.000492058
     -0.00126224     -0.00114592
    -0.000231974    -0.000195307
     -1.4562e-05    -1.92842e-05
     -8.0135e-05    -9.91855e-05
     -1.8853e-05    -1.48372e-05
     -0.00121657     -0.00120727
    -0.000501046    -0.000422184
     -6.2815e-05    -8.55771e-05
    -0.000559706    -0.000663966
     -3.9517e-05    -4.51965e-05
    -0.000225864    -0.000220861
     -2.6917e-05    -3.06764e-05
     -8.2515e-05    -8.12688e-05
    -0.000208561    -0.000204253
    -0.000823025    -0.000955242
     -8.4425e-05    -8.75972e-05
    -0.000117977     -0.00013728
     -0.00162649     -0.00187092
     -1.1855e-05     -2.0394e-05
     -5.8034e-05     -7.4861e-05
     -2.2294e-05    -2.84678e-05
    -0.000237855    -0.000311518
     -0.00034216    -0.000303151
     -0.00016045    -0.000215839
     -2.3051e-05    -3.76484e-05
    -0.000140127    -0.000158102
    -0.000152981      -0.0001184
     -2.2529e-05    -2.64795e-05
     -3.2424e-05    -3.33765e-05
     -0.00146722     -0.00142701
     -4.8924e-05    -5.90927e-05
     -3.6174e-05    -3.51364e-05
    -0.000179553    -0.000163761
     -6.4917e-05    -5.12509e-05
     -7.2117e-05     -7.9075e-05
    -0.000171829    -0.000174325
     -7.0898e-05    -8.75485e-05
     -1.4221e-05    -1.72901e-05
    -0.000238973    -0.000278949
    -0.000228406    -0.000340608
     -3.2912e-05    -4.08878e-05
     -0.00125582     -0.00102495
    -0.000247185    -0.000325039
     -0.00130962     -0.00112639
    -0.000210145    -0.000184174
     -3.1728e-05    -3.70135e-05
     -7.1984e-05    -6.42341e-05
     -7.0548e-05    -7.76164e-05
     -0.00231509      -0.0025047
      -6.921e-05    -0.000114103
     -1.6229e-05    -1.76257e-05
     -0.00212566     -0.00218626
     -3.1283e-05    -2.54464e-05
     -0.00105366     -0.00102032
     -0.00064061    -0.000570367
    -0.000198185    -0.000199036
     -2.9178e-05    -3.46661e-05
    -0.000402425    -0.000357688
    -0.000264953     -0.00026389
     -3.3568e-05    -3.31639e-05
     -0.00122103    -0.000979258
     -0.00152794      -0.0014293
     -1.6995e-05    -2.84874e-05
     -4.3784e-05     -4.3598e-05
    -0.000366183    -0.000351382
      -9.721e-06    -1.52359e-05
     -9.2952e-05    -0.000108734
     -5.6954e-05    -4.22327e-05
      -1.247e-05    -2.33166e-05
    -0.000868161     -0.00080255
    -0.000695819    -0.000679295
     -6.3813e-05    -6.23128e-05
    -0.000704018    -0.000681351
    -0.000494864    -0.000640611
    -0.000284672    -0.000249314
     -1.2889e-05    -1.94571e-05
     -2.1252e-05     -2.9492e-05
     -8.0399e-05    -6.15503e-05
    -0.000255284    -0.000228413
      -8.708e-06    -1.08419e-05
     -9.8243e-05    -9.26787e-05
     -0.00054047    -0.000727751
    -0.000164029     -0.00015883
     -1.4474e-05    -2.42682e-05
    -0.000594287    -0.000693086
     -0.00055021    -0.000700091
    -0.000197718    -0.000211922
     -0.00177344       -0.001743
     -5.0551e-05    -6.80771e-05
    -0.000900403    -0.000927858
     -6.6755e-05    -6.17429e-05
     -0.00133004     -0.00117065
    -0.000310307    -0.000302344
     -0.00179733     -0.00159273
     -0.00139102     -0.00132378
     -6.0563e-05    -5.26534e-05
     -1.7751e-05    -3.14434e-05
     -0.00139964     -0.00135326
    -0.000130532    -0.000142777
      -0.0001351     -0.00011603
    -0.000327797    -0.000384315
     -5.7868e-05    -7.34694e-05
     -7.1333e-05     -8.2657e-05
     -7.3965e-05    -8.81141e-05
    -0.000908932     -0.00090082
    -0.000552458    -0.000507742
      -8.147e-05    -0.000127053
    -0.000303044    -0.000394958
    -0.000112003    -0.000112665
     -4.8672e-05    -5.37754e-05
    -0.000361016    -0.000437782
     -0.00109231    -0.000998321
    -0.000176545     -0.00013756
     -2.0903e-05    -3.33783e-05
    -0.000454944     -0.00035543
    -0.000765128    -0.000592198
     -2.8154e-05     -2.9532e-05
     -1.8727e-05    -1.55836e-05
     -3.4806e-05    -3.63969e-05
    -0.000771143    -0.000571404
    -0.000540221    -0.000437134
     -1.8054e-05    -2.73712e-05
     -1.2351e-05    -1.69913e-05
     -2.2152e-05    -2.81575e-05
    -0.000199088     -0.00020267
    -0.000112208    -0.000180411
     -2.3393e-05     -3.5405e-05
    -0.000319216    -0.000429409
     -0.00125849     -0.00109952
    -0.000183352    -0.000228827
    -0.000833629    -0.000812754
    -0.000255861    -0.000226737
     -0.00027471    -0.000392172
    -0.000139839    -0.000145212
    -0.000100978    -0.000119679
       -8.72e-06    -1.38972e-05
    -0.000343198    -0.000310969
    -0.000774893    -0.000723959
     -3.5062e-05    -5.32124e-05
    -0.000475378    -0.000550916
     -7.5574e-05    -7.80715e-05
     -0.00066599    -0.000736188
     -3.4612e-05    -3.33921e-05
     -1.1433e-05    -1.67426e-05
    -0.000357783    -0.000359731
     -3.7249e-05    -3.44251e-05
     -0.00192768     -0.00165273
     -7.3498e-05    -7.54062e-05
     -5.2993e-05    -5.17149e-05
    -0.000624278     -0.00052092
    -0.000334411      -0.0003038
    -0.000690302    -0.000715186
    -0.000406709    -0.000521474
    -0.000388362    -0.000350461
    -0.000461213    -0.000499721
    -0.000749352    -0.000760519
     -0.00180922     -0.00170047
     -1.8289e-05    -2.46093e-05
    -0.000107876    -0.000102671
    -0.000483788    -0.000469397
     -6.7034e-05    -7.34624e-05
     -3.6375e-05    -4.53289e-05
    -0.000130783    -0.000111445
    -0.000236548     -0.00024554
     -5.3304e-05    -5.44827e-05
     -0.00116537     -0.00118145
     -0.00109342     -0.00120209
     -4.7243e-05     -5.3686e-05
      -5.863e-06    -1.07462e-05
    -0.000672127     -0.00080446
     -0.00207699     -0.00210328
     -2.4138e-05    -2.44101e-05
    -0.000213505    -0.000228258
     -4.2903e-05    -3.34023e-05
     -8.9343e-05    -0.000105778
     -6.5746e-05    -8.88205e-05
     -3.5046e-05     -5.1005e-05
     -5.0679e-05    -4.82593e-05
    -0.000907352    -0.000938545
    -0.000185105    -0.000180674
    -0.000218636    -0.000287391
     -5.9675e-05    -4.91123e-05
     -3.5123e-05    -4.15233e-05
    -0.000835004    -0.000860693
     -0.00176684     -0.00160794
    -0.000177679    -0.000256566
     -2.3697e-05    -3.14331e-05
    -0.000157832    -0.000148018
     -4.2746e-05    -3.81447e-05
    -0.000822271     -0.00075871
     -6.9819e-05    -5.84098e-05
     -8.2225e-05    -8.08127e-05
     -0.00124652     -0.00126905
     -1.0219e-05    -1.82447e-05
    -0.000198693    -0.000287745
    -0.000969036    -0.000860703
     -3.6012e-05    -3.02689e-05
       -5.73e-06    -1.22209e-05
    -0.000581101    -0.000771458
     -4.7939e-05    -5.62217e-05
     -2.0721e-05    -2.00672e-05
     -7.1879e-05    -6.29304e-05
    -0.000108101     -0.00011512
      -0.0014887     -0.00142597
     -0.00119655     -0.00124453
      -2.411e-05    -2.95261e-05
     -3.6734e-05     -4.8321e-05
      -7.781e-06    -1.41622e-05
     -0.00032786     -0.00037775
    -0.000143947    -0.000185952
     -0.00137039     -0.00123786
     -3.8111e-05    -4.13611e-05
    -0.000172186    -0.000176941
     -2.8592e-05     -3.5971e-05
    -0.000247805    -0.000258552
      -3.185e-05    -5.10258e-05
     -6.8055e-05    -4.99755e-05
    -0.000687465    -0.000557648
     -2.4582e-05    -2.30307e-05
     -5.2342e-05    -5.40136e-05
    -0.000519488    -0.000575724
     -2.0202e-05    -2.68478e-05
     -5.9671e-05    -4.88501e-05
    -0.000118506    -0.000112423
     -5.3441e-05    -4.58376e-05
    -0.000193138    -0.000167831
     -1.4148e-05    -1.69675e-05
     -1.4484e-05    -2.71834e-05
    -0.000109183    -0.000120497
    -0.000307875    -0.000284932
     -7.8372e-05    -8.57637e-05
    -0.000201474    -0.000216954
     -2.3894e-05    -2.18471e-05
      -8.391e-06    -9.39667e-06
    -0.000461544    -0.000365867
     -0.00168154     -0.00157543
    -0.000575777    -0.000844371
    -0.000611179    -0.000563554
     -4.6151e-05    -4.09284e-05
     -0.00177944       -0.002465
     -1.4276e-05    -2.38848e-05
     -4.6717e-05    -5.95996e-05
      -6.864e-05    -6.90921e-05
     -6.7991e-05    -6.80862e-05
     -0.00107066    -0.000918415
     -0.00119191      -0.0010558
    -0.000167341    -0.000212659
    -0.000225194    -0.000366171
     -7.7553e-05    -0.000122255
     -2.3206e-05    -1.63153e-05
     -0.00116234     -0.00125434
    -0.000151388    -0.000247501
     -1.8215e-05     -1.9187e-05
     -9.5602e-05    -9.57703e-05
    -0.000190429    -0.000186249
     -6.3828e-05    -9.74686e-05
     -0.00163825       -0.001536
     -2.5766e-05     -3.1269e-05
     -3.2076e-05    -3.05508e-05
     -1.0655e-05    -1.50792e-05
     -1.8974e-05    -2.28824e-05
    -0.000108143    -0.000118705
     -3.6503e-05    -3.15678e-05
     -4.8267e-05    -5.56627e-05
    -0.000406514    -0.000459801
    -0.000129072    -0.000143189
     -9.2229e-05    -9.03459e-05
     -0.00143624       -0.001493
     -4.3321e-05    -3.33957e-05
    -0.000562279     -0.00070326
    -0.000637718    -0.000616023
      -9.702e-06    -1.85463e-05
     -5.7827e-05    -5.62275e-05
    -0.000213363    -0.000197107
     -3.6139e-05    -4.69871e-05
    -0.000339266    -0.000313982
    -0.000317127    -0.000241155
    -0.000158476    -0.000150284
     -9.7489e-05    -0.000112842
      -4.305e-06     -1.0758e-05
    -0.000536486    -0.000533116
     -0.00151691     -0.00126794
     -2.0803e-05     -1.8173e-05
     -0.00132167     -0.00112128
    -0.000577647     -0.00045646
     -0.00109098     -0.00122949
     -0.00142026     -0.00147296
    -0.000340795    -0.000385222
     -1.4314e-05    -2.45943e-05
     -0.00109662     -0.00100418
     -2.6656e-05    -4.33384e-05
    -0.000104523    -0.000120505
     -2.9139e-05    -3.06946e-05
     -0.00105562     -0.00121243
    -0.000885643    -0.000745263
      -0.0014951     -0.00153218
     -0.00074809     -0.00066769
     -1.5282e-05     -2.0335e-05
    -0.000333288    -0.000449112
    -0.000671918    -0.000572077
    -0.000398871    -0.000524294
    -0.000715635    -0.000621153
     -0.00123488     -0.00116145
     -3.2505e-05    -5.47752e-05
    -0.000181846     -0.00027374
     -1.0074e-05    -1.67088e-05
     -0.00113263      -0.0011714
      -6.719e-05    -9.21994e-05
     -8.6503e-05    -7.96906e-05
     -0.00137707     -0.00120401
      -6.261e-05    -9.49981e-05
     -2.8365e-05    -3.55912e-05
    -0.000315903     -0.00036395
     -0.00125766     -0.00127523
     -8.4397e-05    -0.000133139
     -0.00020608    -0.000290024
      -8.998e-05     -0.00012572
     -1.1349e-05    -1.70413e-05
     -0.00146958     -0.00141713
      -7.056e-06    -1.19593e-05
    -0.000864861    -0.000675168
     -5.5234e-05    -5.67203e-05
    -0.000733419    -0.000627176
      -7.165e-05    -6.61875e-05
    -0.000216913    -0.000233026
    -0.000192664    -0.000202648
     -3.6742e-05    -5.21317e-05
     -2.5388e-05    -2.64049e-05
    -0.000696691    -0.000790962
     -2.3171e-05    -2.92074e-05
     -2.1173e-05    -2.36322e-05
    -0.000750723    -0.000612412
     -3.0692e-05    -4.43274e-05
      -6.146e-06    -1.28495e-05
     -1.2067e-05      -1.365e-05
    -0.000295416    -0.000334315
    -0.000307313    -0.000282061
      -2.701e-05    -2.41516e-05
     -6.1556e-05    -9.68694e-05
    -0.000572666    -0.000528871
    -0.000484664    -0.000557027
     -0.00013471    -0.000202998
    -0.000884825    -0.000788698
     -3.9166e-05    -3.54552e-05
    -0.000171812    -0.000157181
     -0.00223476     -0.00195534
    -0.000202825    -0.000238508
    -0.000128966    -0.000125653
    -0.000175787    -0.000140573
    -0.000746417    -0.000870514
     -6.8064e-05    -7.31193e-05
     -1.7022e-05    -1.85815e-05
     -8.2136e-05    -8.23666e-05
      -2.744e-05    -2.59042e-05
    -0.000190238    -0.000227797
      -5.099e-05    -5.72114e-05
