QM Energy	FF Energy
     -0.00038637    -0.000446985
     -6.4542e-05    -7.89135e-05
       -3.47e-06    -6.01324e-06
    -0.000105005    -0.000115695
     -0.00017521    -0.000193622
     -0.00012512     -0.00012338
    -0.000368882    -0.000332906
     -8.4433e-05    -0.000114857
     -5.0757e-05    -5.98815e-05
     -2.2116e-05    -3.19988e-05
     -3.1678e-05    -3.23629e-05
     -8.2046e-05    -9.57024e-05
      -9.645e-06    -1.61835e-05
     -2.0042e-05    -2.85628e-05
    -0.000579022    -0.000555101
      -2.489e-06    -6.60609e-06
    -0.000129628    -0.000158205
     -2.3581e-05     -3.2811e-05
    -0.000955799     -0.00112224
    -0.000122792    -0.000119918
     -2.8972e-05    -3.64485e-05
    -0.000695377    -0.000700378
     -0.00145323     -0.00178505
     -4.5793e-05    -5.33202e-05
     -3.5619e-05    -4.87108e-05
     -2.6176e-05     -3.8656e-05
      -4.858e-06    -8.14392e-06
     -0.00158703     -0.00140453
    -0.000202035     -0.00019468
    -0.000317326    -0.000368537
    -0.000646731    -0.000631458
    -0.000134804    -0.000151324
     -5.4054e-05     -8.1891e-05
     -0.00074743     -0.00072094
      -7.831e-06    -1.26576e-05
    -0.000814142    -0.000809383
    -0.000791548    -0.000705586
    -0.000533806    -0.000569274
     -0.00074206    -0.000667315
    -0.000294792    -0.000328582
    -0.000159061    -0.000224563
       -2.46e-06     -3.9681e-06
     -5.5476e-05    -6.44533e-05
     -4.0607e-05     -6.2698e-05
    -0.000522737    -0.000654673
     -7.4154e-05    -9.98836e-05
      -7.876e-06    -9.51123e-06
      -1.549e-05    -2.32137e-05
     -6.9915e-05    -7.90504e-05
    -0.000139588    -0.000179479
     -0.00145865     -0.00152739
       -6.89e-06    -1.12521e-05
     -9.0563e-05     -0.00010385
    -0.000135841    -0.000129816
    -0.000742268    -0.000727027
    -0.000823667    -0.000741783
      -6.592e-06     -9.4204e-06
     -1.7384e-05    -2.40022e-05
     -5.0395e-05     -6.6937e-05
     -1.0439e-05    -1.60166e-05
      -5.832e-06    -8.29255e-06
      -3.796e-06    -7.20965e-06
     -2.0694e-05    -3.78079e-05
     -0.00162977     -0.00142592
     -3.8975e-05    -5.78185e-05
      -8.033e-06    -1.22444e-05
      -7.105e-06    -1.03043e-05
    -0.000185611    -0.000239769
    -0.000326284    -0.000363087
       -0.001171     -0.00116411
    -0.000142427    -0.000164359
    -0.000754966    -0.000859083
       -7.76e-05    -0.000100749
      -7.633e-06    -1.57747e-05
     -0.00159601     -0.00166211
     -0.00139654     -0.00148038
     -1.2036e-05    -2.21219e-05
    -0.000852224     -0.00105806
    -0.000118973    -0.000141929
    -0.000367042    -0.000356457
    -0.000904437    -0.000962115
     -0.00113526     -0.00127005
     -3.8585e-05    -6.50832e-05
      -9.524e-06    -1.02719e-05
     -2.2474e-05    -3.18939e-05
     -0.00149772     -0.00151933
    -0.000639607    -0.000630441
     -8.7501e-05    -0.000133994
    -0.000235233    -0.000247678
     -1.8242e-05    -2.45088e-05
     -0.00023977    -0.000297192
     -3.9785e-05    -4.68396e-05
     -7.3774e-05    -0.000103994
     -4.2596e-05    -5.04835e-05
     -5.7456e-05    -5.92813e-05
      -1.225e-05    -1.93556e-05
    -0.000473661    -0.000517729
    -0.000269564    -0.000295682
    -0.000830498    -0.000737913
     -2.0799e-05    -2.50717e-05
     -0.00088113     -0.00097926
    -0.000118864    -0.000122102
    -0.000679061    -0.000748573
      -9.243e-06    -1.23002e-05
     -4.1065e-05    -5.47601e-05
    -0.000513542    -0.000477544
    -0.000356873    -0.000359395
     -0.00104544     -0.00103526
     -8.3581e-05    -0.000104267
    -0.000143516    -0.000165647
    -0.000186018    -0.000243851
    -0.000430027    -0.000455073
     -2.1847e-05    -3.50657e-05
      -7.828e-06    -1.19934e-05
    -0.000128476    -0.000153563
     -1.6135e-05    -2.29337e-05
      -4.578e-05    -5.33959e-05
     -2.7905e-05    -3.30909e-05
      -2.663e-06    -6.18963e-06
     -1.9821e-05    -2.97515e-05
     -0.00014677    -0.000159033
     -6.0173e-05    -9.91853e-05
     -0.00124902    -0.000963395
    -0.000333884    -0.000372575
     -0.00119966      -0.0012565
    -0.000283136    -0.000287782
    -0.000480755    -0.000440799
     -4.5782e-05    -5.41012e-05
    -0.000137564    -0.000150925
     -8.4576e-05    -0.000112783
    -0.000745486     -0.00079915
    -0.000245256    -0.000262241
     -1.6492e-05    -2.26161e-05
    -0.000887348    -0.000865733
    -0.000729178    -0.000665277
    -0.000459908    -0.000483464
     -1.3421e-05    -2.29448e-05
    -0.000184766    -0.000242741
    -0.000351346    -0.000405034
     -5.2269e-05    -6.52762e-05
    -0.000965975    -0.000918022
    -0.000817929    -0.000703721
    -0.000244978    -0.000259191
     -0.00159258     -0.00177441
    -0.000186316    -0.000209511
     -3.0049e-05     -3.8928e-05
    -0.000859968    -0.000746899
     -3.5083e-05    -4.97822e-05
    -0.000179443    -0.000197341
    -0.000198099    -0.000247569
      -9.618e-06    -1.30818e-05
    -0.000876884    -0.000709121
    -0.000629404    -0.000720228
    -0.000121999    -0.000183126
     -1.5466e-05    -2.44081e-05
     -1.3509e-05    -1.96713e-05
     -3.6948e-05    -4.55563e-05
     -2.5099e-05    -2.87028e-05
     -9.1376e-05    -0.000102156
     -0.00109576     -0.00100155
     -1.6565e-05    -2.55139e-05
    -0.000170228    -0.000197414
     -7.3775e-05    -9.74363e-05
     -0.00105017    -0.000859142
    -0.000239283    -0.000261598
     -9.8737e-05    -0.000105012
    -0.000495739    -0.000491909
    -0.000428941    -0.000472604
    -0.000681488    -0.000652414
      -8.557e-06    -1.26737e-05
      -9.472e-06    -1.04481e-05
     -0.00101673     -0.00111795
     -2.3116e-05    -3.41628e-05
      -0.0013694     -0.00169874
     -7.0593e-05    -9.52881e-05
    -0.000828376    -0.000837861
    -0.000119639     -0.00013633
    -0.000539465    -0.000473287
      -8.243e-06    -1.17846e-05
    -0.000804731    -0.000744394
    -0.000737208    -0.000670983
     -4.8111e-05    -6.76476e-05
      -3.513e-06    -5.53995e-06
      -4.549e-06    -6.99481e-06
     -1.2051e-05    -2.47311e-05
    -0.000217611    -0.000266687
     -7.1224e-05    -6.97387e-05
      -4.404e-06    -9.54964e-06
     -0.00102779     -0.00100367
     -1.6674e-05    -2.68809e-05
     -5.4464e-05    -7.41371e-05
    -0.000139701    -0.000134801
     -0.00052411    -0.000497022
    -0.000250634    -0.000318631
     -0.00098875    -0.000918274
     -0.00171768     -0.00163293
    -0.000113208    -0.000115685
      -4.232e-06    -8.35229e-06
     -0.00080102    -0.000901161
    -0.000356142    -0.000417473
     -3.8956e-05    -4.95518e-05
     -1.2989e-05    -2.01314e-05
      -4.734e-05    -7.49216e-05
      -5.468e-06    -9.89384e-06
    -0.000134822    -0.000176579
      -3.058e-06    -7.91104e-06
    -0.000871694    -0.000764802
        2.53e-07    -2.12313e-06
      -2.419e-06    -5.45798e-06
     -2.5623e-05    -3.45696e-05
      -5.724e-06    -9.56434e-06
    -0.000329079     -0.00037748
     -7.5054e-05    -8.88706e-05
     -8.6436e-05    -9.63592e-05
      -3.693e-06    -6.22005e-06
    -0.000325998    -0.000374311
    -0.000145393    -0.000187248
     -1.7885e-05    -2.50056e-05
    -0.000134927    -0.000149201
      -5.204e-06      -9.719e-06
       -5.24e-07    -3.09354e-06
    -0.000161552    -0.000174619
     -0.00168549     -0.00165766
     -2.9107e-05    -4.20916e-05
     -5.7863e-05    -7.89491e-05
      -8.955e-06    -1.23408e-05
    -0.000641132    -0.000693935
        6.71e-07    -1.47929e-06
     -0.00013744    -0.000191462
      -9.968e-06     -1.5397e-05
    -0.000670875    -0.000586681
       -8.68e-06    -1.54885e-05
     -1.4904e-05    -2.37787e-05
    -0.000427166    -0.000430808
      -5.515e-06    -9.87494e-06
     -1.5609e-05    -1.90191e-05
     -1.3345e-05    -1.77642e-05
     -3.0808e-05    -4.31936e-05
      -6.276e-06    -1.07162e-05
     -0.00114322     -0.00118687
     -5.8846e-05    -8.72438e-05
    -0.000348782    -0.000351568
     -4.2148e-05    -4.87563e-05
     -6.5155e-05    -6.49661e-05
     -1.8114e-05     -2.3527e-05
     -1.1555e-05    -2.45272e-05
     -1.9741e-05    -2.81671e-05
     -3.3716e-05       -3.91e-05
     -2.9365e-05    -3.22688e-05
     -0.00048357    -0.000426509
     -6.6729e-05    -9.81219e-05
     -0.00133151     -0.00126333
    -0.000219491    -0.000237568
     -8.6293e-05    -9.46413e-05
      -7.868e-06     -9.6585e-06
     -0.00127629     -0.00127848
    -0.000846982     -0.00088398
    -0.000234956    -0.000312314
     -2.4096e-05    -3.05093e-05
    -0.000991009    -0.000917345
     -0.00111068     -0.00104208
      -5.877e-06    -1.05474e-05
      -8.627e-06    -1.24391e-05
    -0.000727054    -0.000684849
     -1.8178e-05    -2.69657e-05
    -0.000647297    -0.000556219
     -8.6804e-05    -0.000110123
      -2.802e-06    -5.59182e-06
     -1.6343e-05     -2.3491e-05
     -1.5062e-05    -2.93952e-05
    -0.000261945    -0.000305518
    -0.000361951    -0.000376717
      -5.571e-06    -9.04163e-06
    -0.000143742    -0.000196091
    -0.000352202    -0.000411785
    -0.000194339    -0.000197008
      -7.789e-06    -1.09617e-05
    -0.000347815    -0.000353793
     -6.5767e-05    -9.20526e-05
     -1.8942e-05    -2.43115e-05
      -5.088e-06    -1.05302e-05
     -4.4591e-05    -5.49947e-05
     -9.9812e-05    -0.000105084
    -0.000464604    -0.000538361
    -0.000477533    -0.000481728
    -0.000404233    -0.000394954
    -0.000871286    -0.000887493
      -5.842e-05    -9.39373e-05
    -0.000143131    -0.000124679
     -9.2342e-05    -0.000100046
     -8.4321e-05    -0.000105572
    -0.000702088    -0.000733331
       -9.14e-07     -3.5531e-06
    -0.000939666    -0.000882287
     -0.00134682     -0.00127131
     -4.1464e-05    -6.17425e-05
     -5.6198e-05    -6.06738e-05
     -3.4764e-05    -5.03802e-05
     -4.9539e-05    -6.50956e-05
    -0.000701951    -0.000722451
     -3.4622e-05    -4.79595e-05
      -0.0014036     -0.00138315
    -0.000979371     -0.00109667
     -2.3298e-05     -2.5852e-05
     -8.4299e-05    -9.86517e-05
    -0.000172551    -0.000196781
     -9.4332e-05    -0.000110334
      -8.673e-06    -1.33488e-05
     -3.9334e-05    -5.82071e-05
    -0.000408671    -0.000436347
    -0.000919049       -0.001059
     -2.4756e-05    -3.20483e-05
    -0.000111088     -0.00012716
    -0.000191312    -0.000231914
    -0.000207181    -0.000232463
     -3.0339e-05    -3.80577e-05
     -5.4568e-05    -6.38208e-05
     -0.00108182      -0.0010437
    -0.000281162    -0.000321356
      -7.809e-05    -8.31355e-05
     -8.7472e-05    -0.000117739
    -0.000521019     -0.00043397
    -0.000283467    -0.000277213
     -5.7434e-05    -6.28754e-05
     -2.3279e-05    -3.61243e-05
    -0.000183231    -0.000256958
      -1.771e-05    -2.72104e-05
     -8.3356e-05      -8.898e-05
    -0.000377398    -0.000343181
       -4.45e-07    -3.43063e-06
    -0.000137375    -0.000149298
       -6.06e-06    -9.09936e-06
    -0.000233157    -0.000244741
     -0.00126861     -0.00111693
     -6.8364e-05    -9.18412e-05
     -7.0701e-05    -9.11786e-05
     -6.1089e-05    -6.36666e-05
      -9.839e-06    -9.76671e-06
     -8.2907e-05    -8.59462e-05
     -0.00114114    -0.000935976
     -3.8524e-05    -5.67225e-05
     -2.2023e-05    -3.85684e-05
     -0.00102324    -0.000862331
      -6.854e-06    -1.01552e-05
     -1.0873e-05    -1.70098e-05
      -7.962e-06    -1.03782e-05
    -0.000913648    -0.000916553
      -6.169e-06    -1.45564e-05
     -7.5724e-05    -9.09321e-05
     -7.4859e-05    -8.85016e-05
     -8.2668e-05    -0.000103387
    -0.000564097    -0.000577378
     -0.00125666     -0.00117201
     -0.00130896     -0.00108592
     -5.4179e-05    -6.66876e-05
     -7.3031e-05    -0.000101351
    -0.000275551    -0.000296311
    -0.000206035    -0.000214899
    -0.000896299    -0.000873163
    -0.000224238    -0.000252986
    -0.000211944    -0.000269988
     -6.0773e-05    -6.80127e-05
     -6.9778e-05    -8.59393e-05
    -0.000451424    -0.000493679
     -0.00124478     -0.00127057
     -0.00017922    -0.000241401
     -1.1012e-05      -1.465e-05
    -0.000225459     -0.00023494
    -0.000909402    -0.000819277
      -3.416e-05    -3.87526e-05
    -0.000227581    -0.000221946
      -9.207e-06    -1.23007e-05
      -8.154e-06    -1.48662e-05
     -3.1902e-05    -4.23127e-05
     -8.7384e-05    -9.62641e-05
     -2.0817e-05    -2.64289e-05
     -1.3322e-05    -1.95199e-05
      -6.999e-06     -1.0311e-05
     -3.1032e-05    -4.14121e-05
    -0.000690865    -0.000796727
       -4.85e-06    -1.11413e-05
     -9.6296e-05    -0.000111183
     -2.8678e-05    -4.74656e-05
       -3.92e-06    -6.83342e-06
    -0.000692819     -0.00076744
    -0.000120885    -0.000127188
    -0.000916029    -0.000806692
      -9.006e-06    -1.22685e-05
      -7.567e-06    -9.05835e-06
     -8.8035e-05    -9.12048e-05
      -1.247e-05    -1.41239e-05
     -6.0737e-05    -6.56591e-05
    -0.000145054    -0.000193843
     -2.8317e-05    -4.81434e-05
      -9.729e-06    -1.40113e-05
     -8.0855e-05    -0.000100048
    -0.000163963    -0.000170346
      -3.321e-06    -5.96416e-06
     -3.7433e-05    -4.28392e-05
     -7.1497e-05    -7.75475e-05
     -3.7941e-05    -5.78625e-05
      -5.981e-06    -1.00485e-05
      -3.881e-05     -4.1875e-05
    -0.000138226    -0.000193094
    -0.000552889    -0.000463951
      -2.924e-06    -4.62327e-06
     -1.8395e-05    -3.15491e-05
    -0.000134373     -0.00013532
     -1.1373e-05    -1.42207e-05
    -0.000158361    -0.000192569
    -0.000938892    -0.000926547
    -0.000186975    -0.000188145
      -9.053e-06    -9.71196e-06
     -1.4347e-05    -2.02147e-05
    -0.000110226    -0.000129507
    -0.000459574    -0.000502137
    -0.000555349    -0.000559825
     -6.7216e-05    -8.99709e-05
     -8.4287e-05    -0.000119303
    -0.000614279    -0.000594748
    -0.000782119    -0.000840437
      -8.768e-06    -1.88749e-05
      -4.677e-06    -1.05685e-05
     -0.00161537     -0.00172677
     -0.00105686     -0.00126322
    -0.000653609    -0.000696936
      -7.057e-06    -1.12973e-05
    -0.000486621    -0.000507775
     -1.0371e-05    -2.26456e-05
      -4.778e-06    -8.60225e-06
     -0.00153959     -0.00148846
       -9.11e-07    -4.83034e-06
     -1.9844e-05    -2.19803e-05
     -2.5125e-05    -3.67724e-05
     -4.8208e-05    -5.08724e-05
     -1.4796e-05    -2.06457e-05
      -0.0016223     -0.00152334
      -4.144e-06    -1.12674e-05
     -0.00068707    -0.000648694
     -6.8812e-05    -9.90085e-05
       -2.65e-05    -4.25465e-05
     -0.00106005     -0.00102319
      -9.864e-06    -1.52755e-05
      -1.845e-05    -2.88001e-05
     -4.6816e-05    -5.01583e-05
     -2.2413e-05    -3.46528e-05
    -0.000551822    -0.000497895
    -0.000614717    -0.000559791
      -5.288e-05    -7.15743e-05
    -0.000303187    -0.000308055
     -1.5148e-05    -1.79642e-05
      -3.364e-05    -4.38586e-05
     -1.4816e-05    -2.08506e-05
    -0.000134938    -0.000139486
    -0.000418483    -0.000417097
     -1.0508e-05    -1.75176e-05
    -0.000109735    -0.000124684
    -0.000690933    -0.000645368
     -1.5078e-05    -2.04741e-05
     -4.0692e-05    -7.38131e-05
     -1.9978e-05    -2.66224e-05
     -0.00157442     -0.00155483
    -0.000123338    -0.000135079
    -0.000206533    -0.000197285
     -3.9325e-05    -5.39698e-05
    -0.000238718    -0.000312662
    -0.000138958     -0.00013181
    -0.000204607    -0.000223012
     -3.3327e-05    -4.11892e-05
    -0.000147042    -0.000190403
     -9.9679e-05    -0.000129571
    -0.000132297     -0.00013339
      -3.588e-05    -4.01651e-05
     -9.0969e-05     -0.00010255
    -0.000742036     -0.00067605
    -0.000780005    -0.000667284
    -0.000750762    -0.000677214
      -2.045e-06      -3.629e-06
     -2.7627e-05    -4.05444e-05
    -0.000129471    -0.000143595
    -0.000455342    -0.000418778
    -0.000201209    -0.000203563
    -0.000368973    -0.000442541
       -7.16e-07    -2.69093e-06
      -2.619e-06    -9.97747e-06
      -9.117e-06    -1.29163e-05
     -8.4974e-05    -0.000120209
    -0.000167459    -0.000182017
     -7.5659e-05    -7.77157e-05
     -5.5753e-05    -6.26589e-05
    -0.000465501    -0.000473151
    -0.000260239    -0.000303226
      -1.293e-05    -1.74966e-05
    -0.000375645    -0.000366221
     -2.5246e-05    -3.17962e-05
       -0.001675     -0.00174457
     -9.5683e-05    -0.000122454
     -7.5635e-05    -0.000101712
     -1.2939e-05    -2.08122e-05
     -3.7654e-05    -4.44084e-05
    -0.000828512    -0.000718054
    -0.000135392    -0.000123188
    -0.000133915    -0.000160407
      -6.342e-06    -8.61161e-06
    -0.000385466    -0.000429514
     -1.3898e-05    -2.05811e-05
     -4.9299e-05    -6.47734e-05
    -0.000940891    -0.000920583
    -0.000376676    -0.000382551
     -1.7345e-05     -2.2254e-05
     -9.5638e-05    -0.000108909
     -2.1269e-05    -3.02486e-05
    -0.000531946    -0.000491717
     -3.3067e-05    -4.64174e-05
      -9.719e-06    -1.62646e-05
      -7.045e-06     -1.1541e-05
     -4.4112e-05    -5.34787e-05
      -1.073e-05    -1.50648e-05
     -9.5889e-05    -0.000101254
      -9.351e-06    -1.78829e-05
     -2.8865e-05    -4.08859e-05
     -3.3801e-05    -5.48914e-05
     -1.7794e-05    -2.29821e-05
    -0.000184894    -0.000185515
      -9.998e-06    -1.64195e-05
    -0.000273477    -0.000281115
    -0.000695076    -0.000722628
     -2.5485e-05     -3.5553e-05
     -3.0045e-05    -4.05557e-05
     -1.5544e-05    -1.95752e-05
    -0.000154088    -0.000149789
    -0.000640491    -0.000598046
     -1.7257e-05     -2.2093e-05
     -2.6773e-05    -3.52435e-05
     -5.2281e-05    -6.11409e-05
      -8.152e-06     -1.4473e-05
     -0.00203625     -0.00194871
      -0.0011804     -0.00135977
    -0.000202853    -0.000230172
     -1.0321e-05    -1.50617e-05
      -6.408e-06    -1.07399e-05
     -3.3778e-05    -4.40055e-05
    -0.000397075    -0.000456909
    -0.000130769    -0.000134685
    -0.000255789     -0.00024652
     -8.4698e-05    -8.47013e-05
        6.01e-07     -2.2892e-06
    -0.000325346    -0.000298434
    -0.000180532    -0.000217383
      -7.408e-06    -1.11041e-05
     -0.00175033     -0.00185985
     -0.00134329     -0.00133374
     -3.0104e-05    -4.40381e-05
    -0.000225573    -0.000214955
    -0.000384986    -0.000373778
     -9.2877e-05     -0.00011826
     -5.6562e-05    -8.44182e-05
      -8.671e-06    -1.18525e-05
     -3.4462e-05    -5.41357e-05
     -4.1918e-05    -6.16068e-05
     -1.0414e-05     -1.4826e-05
    -0.000634463    -0.000571001
     -6.1546e-05    -7.15689e-05
    -0.000614995    -0.000657888
     -1.8284e-05    -2.75201e-05
    -0.000105787    -0.000133567
     -0.00148808     -0.00119871
     -4.2194e-05    -5.96291e-05
      -5.965e-06    -1.06122e-05
     -7.2693e-05    -8.72939e-05
      -6.479e-06    -9.63974e-06
      -0.0012753     -0.00142891
      -3.864e-06    -7.53838e-06
    -0.000169905    -0.000172836
       -0.001348     -0.00167453
    -0.000244252    -0.000258625
     -3.0217e-05    -3.70702e-05
      -9.943e-06    -1.33534e-05
    -0.000119155    -0.000123304
     -1.4766e-05    -2.81124e-05
     -0.00167001     -0.00162801
     -5.1921e-05    -6.43184e-05
     -2.2213e-05    -3.07656e-05
    -0.000250791     -0.00029729
    -0.000180776    -0.000148945
    -0.000108659    -0.000149147
     -5.2422e-05    -5.44306e-05
      -2.271e-06    -7.55886e-06
    -0.000669572    -0.000619885
      -9.844e-06     -1.7945e-05
    -0.000790525    -0.000873094
     -7.4173e-05    -0.000117863
     -9.2983e-05    -0.000123551
      -8.939e-06    -1.39318e-05
      -5.228e-06    -8.24691e-06
     -8.7667e-05    -0.000105398
      -1.457e-05    -2.66135e-05
     -7.4898e-05    -8.48965e-05
     -1.3313e-05    -2.03485e-05
     -0.00133707     -0.00119828
    -0.000462064     -0.00041677
     -8.3645e-05    -8.66238e-05
    -0.000338408    -0.000464897
     -4.2053e-05    -5.06168e-05
     -0.00100682     -0.00104716
     -1.2961e-05    -1.82033e-05
    -0.000802608    -0.000749037
       -2.85e-07    -3.57301e-06
       -2.59e-06    -4.14546e-06
     -2.1186e-05    -3.62524e-05
     -6.5171e-05    -7.26886e-05
    -0.000169758    -0.000181589
     -7.2336e-05    -7.85935e-05
     -0.00019563    -0.000187362
     -8.0676e-05    -0.000114944
      -3.238e-05    -3.82424e-05
      -1.223e-06    -4.70663e-06
      -4.421e-06    -8.47692e-06
     -8.8975e-05    -9.57353e-05
    -0.000553629    -0.000539514
     -1.0643e-05    -1.55324e-05
      -2.703e-06    -5.06922e-06
    -0.000133034    -0.000180122
     -1.6471e-05    -2.98401e-05
     -0.00154639     -0.00165878
     -0.00027911    -0.000289214
    -0.000325355    -0.000357018
     -2.9389e-05    -3.86391e-05
     -9.7085e-05    -9.74161e-05
    -0.000360089    -0.000379453
     -1.0992e-05    -1.49604e-05
    -0.000578689    -0.000618538
     -1.4312e-05    -2.28276e-05
      -0.0012321     -0.00107488
     -8.3621e-05     -0.00010584
    -0.000139694    -0.000153082
     -1.6591e-05    -2.09133e-05
    -0.000125785    -0.000153099
     -1.4391e-05    -2.44168e-05
    -0.000149792    -0.000188935
     -1.7859e-05    -2.83909e-05
     -9.8422e-05    -0.000120956
    -0.000295511    -0.000325273
      -1.983e-05    -2.33159e-05
    -0.000218845    -0.000258149
     -2.0403e-05    -3.51612e-05
     -0.00157837     -0.00155608
    -0.000106211    -0.000116724
      -7.682e-06    -1.17584e-05
     -0.00040676    -0.000361967
    -0.000556926    -0.000594172
     -1.4517e-05    -1.95337e-05
     -3.1796e-05    -5.81112e-05
      -1.049e-05    -2.14178e-05
      -3.489e-05    -5.72102e-05
      -7.177e-06    -9.79909e-06
      -6.038e-06    -1.09411e-05
      -3.842e-06    -8.38074e-06
     -6.9632e-05    -7.93119e-05
     -3.4725e-05     -4.1334e-05
     -6.1885e-05    -7.43817e-05
     -2.4422e-05     -3.7488e-05
    -0.000121863    -0.000143892
       -7.12e-06    -9.09866e-06
     -7.2534e-05    -9.11725e-05
    -0.000475913    -0.000594682
      -5.705e-06    -8.80692e-06
     -4.1011e-05    -4.70004e-05
    -0.000312982    -0.000309157
    -0.000291407    -0.000334795
    -0.000198118    -0.000221046
    -0.000217561    -0.000268434
     -1.8841e-05    -2.22101e-05
       -9.29e-06    -1.11337e-05
     -8.5245e-05    -0.000128224
      -4.713e-05    -5.78661e-05
      -2.408e-05    -4.01767e-05
    -0.000626268    -0.000552611
      -7.855e-06    -9.98579e-06
    -0.000227924    -0.000255485
      -6.684e-05    -8.64129e-05
     -8.4837e-05    -8.72465e-05
     -2.9823e-05    -4.02675e-05
     -1.1081e-05     -1.5254e-05
     -5.4455e-05    -5.40446e-05
     -5.3437e-05    -6.22134e-05
      -8.247e-06    -1.29601e-05
     -0.00137466     -0.00107681
      -9.294e-06    -1.35333e-05
    -0.000238912    -0.000269082
     -3.5232e-05    -4.40672e-05
     -9.3689e-05    -0.000134221
    -0.000408475    -0.000395124
    -0.000537723    -0.000509225
    -0.000278284    -0.000296845
     -3.0787e-05    -5.33917e-05
    -0.000502335    -0.000506881
      -4.394e-05    -5.93324e-05
    -0.000381672    -0.000403633
    -0.000347095    -0.000317923
     -0.00035194    -0.000321067
    -0.000247214    -0.000287933
    -0.000783487    -0.000756897
     -4.7498e-05    -4.90637e-05
     -7.8099e-05    -0.000108193
     -2.4015e-05    -3.71961e-05
    -0.000317006    -0.000361967
    -0.000427056    -0.000440569
    -0.000147333    -0.000160004
     -3.4364e-05     -4.0418e-05
      -2.732e-06    -6.14488e-06
    -0.000174095    -0.000187246
    -0.000919818    -0.000762101
    -0.000219117    -0.000218742
    -0.000374498    -0.000337024
    -0.000866867    -0.000947322
    -0.000712492    -0.000648818
     -1.9978e-05    -2.52681e-05
      -0.0014482     -0.00161242
     -4.5486e-05    -4.69178e-05
       -4.78e-06    -8.85478e-06
     -0.00131585     -0.00126494
    -0.000122785    -0.000153995
    -0.000167221     -0.00018071
     -1.2655e-05    -1.82998e-05
    -0.000188276    -0.000209448
     -0.00135559       -0.001292
    -0.000376699    -0.000423666
      -9.076e-06    -1.23283e-05
     -5.2616e-05     -7.0781e-05
    -0.000845186    -0.000891866
     -1.5892e-05    -2.28924e-05
    -0.000269184    -0.000254467
     -9.2696e-05    -0.000107608
       -9.19e-06    -1.48137e-05
     -5.6079e-05     -8.0543e-05
    -0.000956883     -0.00101528
     -1.7314e-05    -2.42951e-05
     -8.2908e-05    -8.91267e-05
     -0.00146306     -0.00160461
      -6.286e-06    -8.55673e-06
       -2.37e-05    -3.16469e-05
     -2.3775e-05    -3.84852e-05
     -7.6647e-05    -8.48161e-05
     -1.4966e-05    -1.99667e-05
     -2.3477e-05     -3.2384e-05
     -1.0509e-05    -2.05956e-05
    -0.000116468    -0.000125292
     -6.2887e-05    -9.74108e-05
      -0.0008076     -0.00084892
    -0.000417963     -0.00047474
    -0.000999309     -0.00102532
      -5.162e-06    -1.14231e-05
      -7.439e-05    -9.26817e-05
      -6.548e-06    -1.18658e-05
    -0.000731572    -0.000756947
    -0.000118689    -0.000149657
    -0.000110763    -0.000122085
     -0.00023784    -0.000229502
    -0.000116901    -0.000119433
     -4.5802e-05    -5.89162e-05
    -0.000399927    -0.000355286
    -0.000927137    -0.000859753
      -3.781e-06    -9.63037e-06
     -0.00100026     -0.00105327
    -0.000321928    -0.000378565
    -0.000115859    -0.000128791
    -0.000482962    -0.000454079
      -7.289e-05    -0.000103438
     -6.3371e-05    -8.35899e-05
     -1.0359e-05    -1.69087e-05
    -0.000143276    -0.000151081
     -0.00134572     -0.00121523
      -7.352e-06    -1.14028e-05
     -5.9482e-05    -6.23314e-05
      -3.421e-05    -4.33259e-05
     -7.4301e-05    -8.02584e-05
     -1.8973e-05    -2.74515e-05
    -0.000236065    -0.000295163
     -2.1702e-05    -2.92955e-05
     -1.2366e-05    -1.81312e-05
    -0.000170547    -0.000190355
      -6.703e-05    -8.08237e-05
       -3.79e-06    -1.01872e-05
     -4.7924e-05    -6.41618e-05
    -0.000113964     -0.00012428
     -1.6264e-05    -2.21727e-05
     -8.8456e-05      -0.0001159
     -2.6734e-05    -4.97899e-05
     -1.4532e-05    -1.79299e-05
      -6.284e-06    -1.01088e-05
    -0.000477526    -0.000430813
      -8.601e-05    -9.52761e-05
     -3.0481e-05    -3.35966e-05
    -0.000179677    -0.000215895
     -1.2191e-05    -1.73625e-05
    -0.000716642    -0.000657489
      -6.652e-05    -7.90258e-05
    -0.000174341    -0.000197113
    -0.000136799    -0.000169795
      -6.273e-05    -9.26316e-05
    -0.000276525    -0.000263832
     -3.4969e-05     -4.7089e-05
    -0.000515643    -0.000520219
      -6.384e-06    -1.00847e-05
     -0.00134727     -0.00145417
      -7.607e-06    -1.52512e-05
    -0.000385973    -0.000363734
      -8.292e-06    -1.47999e-05
     -0.00105903     -0.00102145
    -0.000647934    -0.000617977
     -2.3643e-05    -2.85476e-05
     -7.2197e-05    -0.000102265
    -0.000629045    -0.000672825
    -0.000230105    -0.000222878
     -1.1349e-05    -1.70564e-05
    -0.000430685    -0.000449764
      -5.139e-05    -8.03125e-05
     -0.00140133     -0.00119676
     -3.8513e-05    -5.01867e-05
     -7.3671e-05    -8.36483e-05
       -4.68e-06    -1.11491e-05
      -6.284e-05    -8.44157e-05
     -1.2581e-05    -1.52259e-05
      -3.244e-06    -6.22367e-06
       -1.72e-06    -5.38689e-06
    -0.000234231    -0.000254343
    -0.000393647    -0.000469381
    -0.000662026    -0.000800373
     -2.0742e-05    -2.88525e-05
      -2.264e-05    -3.11351e-05
    -0.000947571    -0.000793953
    -0.000321119    -0.000388072
     -9.5793e-05    -0.000103015
              -0    -2.34279e-06
     -9.1605e-05    -0.000108183
     -4.7738e-05    -5.80258e-05
     -1.4988e-05    -2.67097e-05
    -0.000105979    -0.000115828
      -2.699e-06    -4.97917e-06
     -0.00153962      -0.0014064
    -0.000515091    -0.000476163
      -8.471e-06    -1.55007e-05
     -0.00013293    -0.000143613
     -1.1802e-05     -2.4734e-05
    -0.000202732    -0.000228055
     -0.00122989     -0.00111526
    -0.000306773    -0.000326945
       -4.11e-06    -9.89392e-06
     -0.00112193     -0.00114325
      -1.276e-06    -3.95548e-06
    -0.000926723    -0.000801268
     -5.5512e-05    -6.82455e-05
     -2.0388e-05    -3.09071e-05
     -0.00131495     -0.00118943
      -5.854e-05     -0.00010019
    -0.000132658    -0.000178301
     -2.6529e-05    -4.07651e-05
    -0.000193363    -0.000228627
     -1.2372e-05    -1.75394e-05
     -3.3644e-05    -4.64921e-05
     -2.1398e-05    -2.95306e-05
    -0.000814357    -0.000725697
     -4.4921e-05    -6.26316e-05
     -1.4233e-05    -2.28571e-05
     -1.3902e-05    -2.00892e-05
     -1.3958e-05      -2.023e-05
    -0.000328382    -0.000283632
    -0.000490445    -0.000468995
     -2.6313e-05    -3.67207e-05
    -0.000348139    -0.000362746
       -3.18e-06    -6.07077e-06
    -0.000766367    -0.000836541
    -0.000220244    -0.000233465
    -0.000430176    -0.000533752
     -1.4954e-05    -1.87284e-05
     -9.9637e-05    -0.000113733
    -0.000365146    -0.000342231
    -0.000357145    -0.000330374
    -0.000861716     -0.00110287
     -2.4627e-05     -2.9998e-05
     -1.7267e-05    -2.13924e-05
    -0.000351406    -0.000395603
    -0.000555446    -0.000507614
    -0.000281439    -0.000282032
     -0.00135815     -0.00124246
    -0.000188541    -0.000197642
      -2.072e-06    -4.50029e-06
    -0.000891561       -0.001042
     -2.3585e-05    -3.38857e-05
     -0.00150389     -0.00180194
    -0.000827864    -0.000866266
    -0.000739549    -0.000775696
      -1.804e-05    -2.90065e-05
     -2.6784e-05    -4.06045e-05
     -7.7977e-05    -8.55219e-05
     -6.7038e-05    -9.15131e-05
       -2.34e-05    -3.58233e-05
     -0.00063114    -0.000566981
      -4.511e-06    -6.53952e-06
    -0.000121917    -0.000122859
       -3.31e-07    -2.83393e-06
     -2.4227e-05    -2.94495e-05
     -2.1324e-05    -3.23336e-05
    -0.000142313    -0.000148992
    -0.000119279    -0.000121321
     -1.0161e-05    -1.59833e-05
    -0.000693985    -0.000674546
     -1.9328e-05    -2.71737e-05
     -1.7815e-05    -2.31336e-05
     -3.9069e-05    -6.09505e-05
      -1.081e-06    -4.83909e-06
    -0.000719552    -0.000612747
    -0.000613459    -0.000618808
    -0.000126436    -0.000137735
      -2.834e-06    -7.40509e-06
    -0.000352598    -0.000327158
    -0.000313352    -0.000336202
      -9.356e-06    -1.33807e-05
     -1.9433e-05    -2.66992e-05
     -7.8907e-05    -0.000100346
    -0.000188724    -0.000209337
     -4.9174e-05    -5.54058e-05
    -0.000153144    -0.000161615
     -5.0915e-05    -6.01857e-05
     -0.00116064     -0.00124543
     -7.5081e-05    -9.01988e-05
      -4.563e-06     -1.2256e-05
    -0.000265588    -0.000286854
    -0.000154019    -0.000195362
    -0.000656391    -0.000568521
    -0.000473626    -0.000449614
        -3.4e-06    -9.03754e-06
    -0.000623259    -0.000551524
    -0.000126538    -0.000168399
        9.73e-07    -1.47683e-06
    -0.000129506    -0.000152796
    -0.000363188    -0.000406141
     -9.7419e-05    -0.000100127
    -0.000290614    -0.000254634
     -7.1408e-05    -0.000110095
    -0.000505697    -0.000480019
     -1.2704e-05    -1.92275e-05
    -0.000188323    -0.000226997
     -2.4262e-05    -3.82676e-05
     -0.00162884       -0.001571
     -7.2934e-05     -0.00010111
     -4.1419e-05    -5.86383e-05
      -6.703e-06    -1.01306e-05
     -2.4358e-05    -3.63499e-05
    -0.000227112    -0.000284481
     -0.00120079     -0.00109141
     -4.0986e-05    -4.86139e-05
     -1.7901e-05    -2.58469e-05
     -3.5988e-05    -3.81154e-05
     -2.9834e-05    -3.64555e-05
     -1.1207e-05    -1.82862e-05
     -1.0793e-05    -1.76572e-05
     -0.00122445     -0.00110492
    -0.000783718     -0.00073149
      -8.238e-06    -1.16069e-05
    -0.000333268    -0.000386267
     -8.9358e-05    -0.000112181
     -3.3411e-05    -4.11468e-05
     -9.8946e-05    -0.000124837
     -0.00088107    -0.000807039
     -1.3331e-05    -2.35592e-05
     -3.5138e-05    -3.91565e-05
     -6.8004e-05    -8.92282e-05
    -0.000160785    -0.000219333
      -7.292e-06    -1.11174e-05
     -4.9741e-05    -7.02805e-05
    -0.000435578    -0.000478509
     -2.1698e-05    -3.23089e-05
    -0.000173861    -0.000245928
     -6.6109e-05    -7.43401e-05
    -0.000338535    -0.000387887
     -3.3826e-05    -4.11958e-05
      -9.747e-05    -0.000103817
     -0.00151254      -0.0013203
    -0.000743253    -0.000710087
     -4.8264e-05    -5.80729e-05
     -4.8867e-05    -6.60527e-05
       -1.34e-05    -2.00466e-05
     -1.4924e-05    -2.16593e-05
     -3.9198e-05    -4.44411e-05
    -0.000125839    -0.000165318
      -5.981e-06    -8.97632e-06
