QM Energy	FF Energy
      0.00235025      0.00264078
     -0.00119026     -0.00135354
     0.000220363      0.00024023
      0.00275812      0.00272558
      0.00296065      0.00280789
      0.00332142      0.00316669
      0.00494662      0.00468103
     -0.00204636     -0.00200637
     -0.00186268     -0.00184668
      0.00240612       0.0024384
    -0.000156906    -0.000103876
      0.00337594      0.00356128
    -0.000310801    -0.000320643
      -0.0017907      -0.0018539
      0.00532718      0.00494864
     -0.00150806     -0.00150639
     -0.00147044     -0.00149089
      -0.0019584     -0.00201193
      0.00272354      0.00251794
      0.00331954      0.00324793
     -0.00171444     -0.00172063
     -0.00355985     -0.00346986
       0.0171871       0.0174033
      0.00114682      0.00107384
      -0.0031657     -0.00318884
     -0.00231691     -0.00234503
    -0.000556327    -0.000553087
      0.00558006      0.00662845
      0.00155868      0.00128705
     -0.00268601     -0.00289192
      0.00380736      0.00349206
      0.00417342      0.00407764
      0.00277622      0.00283267
      0.00306113      0.00292884
     -0.00234637     -0.00238605
     -0.00159485     -0.00150827
      -0.0011587    -0.000768405
      0.00102586      0.00159645
      0.00524198      0.00508309
      0.00264878      0.00261049
     -0.00352089     -0.00332297
      0.00106307      0.00107552
     -0.00041613    -0.000361715
     -0.00212097     -0.00207672
      0.00201177      0.00209103
     -0.00177945     -0.00189563
    -0.000821275    -0.000831981
     0.000676779     0.000728002
     -0.00319282     -0.00322783
     -0.00367842     -0.00368062
       0.0146337       0.0141736
     -0.00128341     -0.00131311
     -0.00292959     -0.00291094
      0.00399382      0.00399062
      0.00278011      0.00229835
    -0.000845441    -0.000946409
     0.000226565     0.000204662
    -0.000753545    -0.000764621
      0.00310279      0.00329116
     -0.00160956     -0.00163739
      0.00133264      0.00137814
    -0.000743375    -0.000774791
      0.00254887      0.00271273
       0.0199836       0.0192181
     -0.00257031     -0.00265399
     -0.00101668     -0.00105333
      0.00027788     0.000285234
     -0.00206178     -0.00203681
     -0.00528672     -0.00523274
       0.0066782      0.00671242
      0.00108494      0.00122783
     -0.00614526     -0.00594281
      0.00116766       0.0013149
     0.000959191     0.000998712
       0.0131586       0.0122558
      0.00795632      0.00834571
    -0.000772441    -0.000809216
       0.0023872      0.00232036
     -0.00116487     -0.00133412
      0.00492195      0.00471711
      0.00639604      0.00601972
      0.00240927      0.00179832
     0.000818575     0.000873793
     -0.00190685     -0.00194117
    -0.000605736    -0.000591515
       0.0126923       0.0122611
      0.00700798       0.0067885
      0.00334132      0.00342638
      0.00612128      0.00582311
     -0.00108663     -0.00111867
     -4.5599e-05     -6.9254e-06
     0.000436964     0.000390122
     -0.00400683     -0.00396202
    -0.000893227    -0.000885927
      0.00246668      0.00241028
      0.00201531       0.0020822
     -0.00233772     -0.00219162
     -0.00225569      -0.0022879
       0.0102413      0.00980532
     -0.00130366     -0.00131282
     -0.00279317     -0.00255192
      0.00298284      0.00297013
       0.0013882      0.00120396
     0.000186451     0.000216737
     -0.00266219     -0.00266687
      0.00579941      0.00552971
      0.00376864      0.00394146
     -0.00363417     -0.00348507
     -0.00145405     -0.00153747
     -0.00250922     -0.00250305
      0.00241424      0.00257303
     -0.00356338     -0.00359743
     -0.00312893     -0.00316825
     -0.00106676     -0.00111079
      0.00205321      0.00208859
     -0.00187867     -0.00189806
     -0.00310635     -0.00316408
      0.00148061       0.0014547
     0.000171752     0.000168355
     -0.00232647     -0.00232417
      0.00356646      0.00345509
     0.000942781      0.00102982
       0.0124444       0.0123143
      0.00493227      0.00486101
     -0.00257001     -0.00247456
     -0.00523497     -0.00528841
      0.00712302      0.00727725
     -3.1961e-05     5.63439e-05
    -0.000706518    -0.000712668
      0.00277552      0.00271578
    -0.000115198    -0.000223599
      0.00038323     0.000129624
      -0.0014542     -0.00153417
      0.00426259      0.00393937
      0.00224377       0.0024552
     -0.00598464     -0.00594804
     -0.00098384    -0.000947368
     -0.00313718     -0.00313716
     -0.00391451     -0.00394944
     -0.00140548     -0.00156085
     -0.00223025     -0.00220079
        0.011553       0.0111075
     0.000161819     9.91244e-05
      0.00577763      0.00517505
     -0.00430832     -0.00428959
     -9.6459e-05    -0.000157257
       0.0115211       0.0108929
     -0.00271766     -0.00269661
     0.000287795     0.000190396
     -0.00122439     -0.00119278
      0.00114982      0.00113807
       0.0113495       0.0111165
     0.000319406     0.000105196
     0.000459847     0.000668419
     -0.00126108      -0.0012759
      -0.0028099     -0.00285773
      0.00248291      0.00245704
    -0.000798359    -0.000795669
      0.00141957      0.00133517
       0.0123321       0.0116982
     -0.00146651     -0.00144274
      0.00118321      0.00102307
     -0.00352331     -0.00349774
       0.0138933       0.0134442
      -0.0004807    -0.000735125
     0.000262618     8.71325e-05
    -0.000538216    -0.000369126
     -0.00335783     -0.00328217
     0.000383169     0.000282893
     -0.00161111     -0.00162261
     -0.00137886     -0.00138357
     -0.00643404      -0.0063428
      0.00179103      0.00177529
      0.00993004       0.0103314
     -0.00135859     -0.00133741
      0.00293447      0.00238053
     -0.00261302     -0.00257328
      0.00491626      0.00479644
     -0.00198277     -0.00201654
      0.00427766      0.00440167
      0.00270204      0.00307985
     -0.00318291     -0.00324841
      0.00124363      0.00126278
     -3.9819e-05    -6.18022e-05
     -0.00043858    -0.000386577
     -0.00174449     -0.00161207
      0.00228812      0.00218213
     -4.4691e-05    -2.33833e-05
      0.00924974      0.00877905
     -0.00277876     -0.00282702
     -0.00049632    -0.000433875
      0.00255411      0.00244878
      0.00655121      0.00614947
     -0.00438752     -0.00419828
        0.001944      0.00217565
       0.0146651       0.0143617
      0.00387603       0.0038607
      0.00097565     0.000983568
       0.0031182      0.00321223
     -0.00329224     -0.00330421
     -0.00170604     -0.00176354
     -0.00139966     -0.00145214
    -0.000157269    -0.000165098
     0.000421885     0.000442174
     -0.00418871     -0.00407665
    -0.000616261    -0.000597543
      0.00827889      0.00802694
     0.000977204      0.00098758
      0.00083254     0.000860067
     -0.00217279     -0.00217553
     0.000500434     0.000487453
      0.00138061      0.00150635
     0.000496443     0.000524231
    -0.000519126    -0.000634025
      0.00137205      0.00141763
     -0.00380941      -0.0038637
     -0.00484886     -0.00469675
     -0.00164923     -0.00166479
     -0.00107223     -0.00134013
    -0.000933579    -0.000926581
      0.00118374       0.0012019
      -0.0045399     -0.00456511
       0.0216725        0.021058
     -0.00276152     -0.00273826
    -0.000925362    -0.000967196
     0.000387272     0.000377141
    -0.000481196     -0.00058164
       0.0016072      0.00163415
      -0.0035473     -0.00345551
     0.000203319     0.000192387
       0.0100568      0.00952032
     0.000902912       0.0009167
     -0.00253725     -0.00261712
      0.00255142      0.00219439
    -0.000359731    -0.000355396
     -0.00120222     -0.00116894
     -0.00221602     -0.00224164
      -0.0015295     -0.00156463
     -0.00163849     -0.00164465
      0.00100429     0.000995629
     -0.00406177     -0.00407589
     0.000385167     0.000594264
      0.00201787      0.00198544
      0.00208411      0.00198088
      0.00136367      0.00141758
      8.5489e-05     9.46646e-05
    -0.000853774    -0.000838632
    -0.000161104    -0.000123614
     -0.00180945     -0.00180045
      0.00812677      0.00805185
      0.00282233      0.00278376
        0.015744       0.0150685
      0.00225867       0.0025905
    -0.000166196    -0.000173609
     -0.00188234      -0.0018936
      0.00643416      0.00585243
      0.00433067      0.00400692
     -0.00415711     -0.00391672
     0.000645061     0.000632176
     -0.00361878     -0.00338872
        0.012683        0.012118
    -0.000390302    -0.000377457
     0.000255837     0.000226255
      0.00397849       0.0037295
     -0.00149778     -0.00148652
       0.0101249       0.0097997
      0.00249595      0.00251733
      0.00098539      0.00102268
     -0.00305881     -0.00310986
       0.0021976      0.00221877
     -0.00133845      -0.0012467
      0.00482834      0.00514277
      0.00016427     0.000167749
    -0.000140248     0.000218446
      -0.0040352     -0.00394131
      0.00244886      0.00242936
      0.00120979      0.00120156
     -4.8223e-05    -0.000293169
     -0.00173034     -0.00171567
    -0.000821452    -0.000788995
      0.00135203      0.00134347
      0.00277787      0.00276509
    -0.000251955    -0.000320829
     -0.00221252       -0.002299
      0.00294812      0.00287415
      0.00504122      0.00492795
     -0.00258988     -0.00265972
      0.00063772      0.00065024
      0.00363951      0.00362802
       0.0012255      0.00116067
     0.000796778     0.000858628
     -0.00123944     -0.00144957
     0.000472062     0.000489072
       0.0108403       0.0102942
      0.00603569      0.00586752
     -0.00330931     -0.00335003
      0.00139027      0.00132945
     0.000185929     0.000235615
     -0.00296747     -0.00293915
      0.00394735      0.00360873
     0.000160862     0.000200511
      0.00573281      0.00569463
     -0.00679214     -0.00647586
      0.00172818      0.00168848
     -0.00296495     -0.00314614
     -0.00238159     -0.00243825
      0.00125693      0.00122702
     -0.00126784     -0.00126787
      -0.0036777     -0.00366588
     -0.00325127     -0.00339872
      0.00419919       0.0039442
     -0.00158419     -0.00162724
     0.000261937     0.000192174
      0.00051119     0.000601823
     -0.00319887     -0.00333618
      0.00226481      0.00224622
     -0.00154292     -0.00159884
     -0.00313318     -0.00312148
     -0.00370582     -0.00374524
      0.00266656      0.00257262
      0.00249355      0.00245913
      0.00818935      0.00801228
      0.00591817      0.00564412
     -0.00222164     -0.00220131
      0.00186667      0.00188333
     -0.00359356     -0.00339301
     0.000231372     0.000248297
     -0.00250067     -0.00247477
    -0.000945333    -0.000795171
      0.00113837        0.001158
      0.00170234      0.00174188
      0.00118102      0.00120849
       0.0045508      0.00445679
        0.017226       0.0169275
     -0.00295921     -0.00300647
      0.00197937      0.00204279
      0.00296865      0.00290783
      -0.0016263     -0.00163424
       0.0030526      0.00319665
       0.0013781      0.00194384
     -0.00382859     -0.00384673
      0.00029051     0.000410896
       0.0135963       0.0131851
     -0.00135131     -0.00136296
     -0.00135885     -0.00137895
     -0.00145086     -0.00147553
    -0.000445908    -0.000181606
     0.000991766      0.00100963
     -0.00171929     -0.00177328
     -0.00207156     -0.00228651
     -0.00175454     -0.00186067
     0.000847053     0.000612713
      -0.0034794     -0.00334806
      0.00352328      0.00423728
     -0.00274751     -0.00277516
     -0.00185946     -0.00182963
     -0.00394894     -0.00383015
    -0.000418699     -0.00056809
      0.00407767      0.00390463
     -0.00329719     -0.00327308
     -0.00437821     -0.00437342
      0.00319968      0.00311292
     -0.00314482     -0.00312775
      0.00294046      0.00273925
       0.0147027       0.0147583
     -0.00352935     -0.00353163
     -0.00123385     -0.00124673
     -2.1246e-05    -0.000135736
     -0.00290691     -0.00302657
    -0.000468691    -0.000430387
     0.000201873     0.000307874
     0.000747069     0.000773821
     -0.00130281     -0.00130334
     0.000534788     0.000602577
     0.000767447     0.000650093
      -0.0010804     -0.00107308
      0.00148356      0.00151181
     -0.00227229     -0.00226648
     -0.00323147      -0.0032558
     -0.00540604     -0.00528931
      0.00116699      0.00118197
      -0.0015022     -0.00152482
      0.00164484      0.00167045
      2.6297e-05     2.72674e-05
     -0.00473969      -0.0047052
      0.00028585     0.000263827
       0.0121132       0.0118391
     -0.00168387     -0.00170026
    -0.000472493    -0.000471542
      0.00138791      0.00133117
      0.00123155      0.00126818
     0.000646626      0.00052789
      -0.0034849     -0.00335813
      0.00026271     0.000269554
     -0.00250897     -0.00250351
      0.00264717       0.0027678
      0.00121494      0.00140263
      0.00016664     0.000150667
     0.000985361     0.000967057
     -0.00216064       -0.002141
      0.00249605      0.00258999
     0.000903967     0.000932996
     -0.00154498     -0.00152431
      0.00204438      0.00213604
      0.00810689       0.0077443
    -0.000611826    -0.000607081
     0.000486057     0.000513504
       0.0025163       0.0023491
      0.00123895      0.00122645
     -0.00463914     -0.00471383
     -0.00123777    -0.000987196
      0.00346047      0.00342142
     -0.00212266     -0.00213496
     -0.00112478     -0.00118679
     -0.00416176      -0.0041679
    -0.000120132     8.78265e-05
      0.00225534      0.00264851
     -0.00212894     -0.00205042
     -0.00375914     -0.00381118
      0.00136857      0.00120564
      0.00297503      0.00293855
    -0.000701309    -0.000666134
      -5.992e-05    -4.31268e-05
       0.0219444       0.0220496
    -0.000910057    -0.000874831
    -0.000365739    -0.000479026
     -0.00136095     -0.00140965
     -0.00313597     -0.00336517
     0.000809034     0.000835318
     -6.7998e-05     -7.2066e-05
        0.018534       0.0175548
       0.0012433      0.00125644
    -0.000346648    -0.000294461
     0.000652534     0.000690143
      0.00235179      0.00232086
      -0.0024454     -0.00243561
       0.0184261       0.0185848
      0.00202527      0.00206773
      0.00678268      0.00647681
      0.00382171      0.00389601
      0.00183037      0.00187958
     -0.00144457     -0.00143254
     -0.00172573     -0.00172816
    -0.000614087    -0.000656046
      0.00224594      0.00226117
     0.000936467     0.000921437
     -0.00452304     -0.00422114
      0.00802361      0.00765207
     0.000158603     0.000167836
     0.000633668     0.000464899
    -0.000884098    -0.000879905
     -0.00178225     -0.00189483
     -0.00112394     -0.00118168
     0.000664575     0.000728434
     -0.00229407      -0.0024727
     -0.00180226     -0.00180352
      0.00247296      0.00246091
      0.00924882      0.00899581
     -0.00260568     -0.00261312
     0.000269878     0.000420732
     0.000783188       0.0008278
       0.0206025       0.0199141
     -0.00333604     -0.00332592
      0.00223122      0.00204045
      -0.0017702     -0.00182387
     -0.00510378     -0.00496527
     0.000433672     0.000398162
     -0.00534541     -0.00536432
      2.4752e-05     4.70321e-06
     -0.00139211     -0.00124832
     -0.00262276     -0.00282009
       0.0022956      0.00216985
     0.000410484     0.000489379
     -0.00341364     -0.00339884
     -0.00309811     -0.00308172
    -0.000448275     4.12819e-05
    -0.000204698     -0.00023058
      0.00121256       0.0012444
     -0.00217192     -0.00217894
     -0.00105715     -0.00126567
      0.00210981      0.00219541
     -0.00301439     -0.00299434
     -0.00280131     -0.00274762
      0.00136684      0.00139606
      0.00166599      0.00175431
      0.00175169      0.00175733
     -7.2222e-05    -1.62763e-05
    -0.000233943    -0.000268976
     -0.00326385     -0.00326765
      0.00338108      0.00341826
      0.00123706       0.0012009
      0.00263963      0.00267334
     -0.00232287     -0.00234497
      0.00457643      0.00455175
    -0.000915497    -0.000939786
       0.0199316       0.0193869
      9.4868e-05     9.65524e-05
     -0.00139875     -0.00139089
     -0.00174504     -0.00180439
      0.00109777       0.0010286
       0.0126913       0.0122897
      0.00286695      0.00272949
     -0.00344408     -0.00343562
     0.000646905     0.000645044
    -0.000570035    -0.000380176
     -0.00131067      -0.0013594
     -0.00271571     -0.00278159
     -0.00198387     -0.00153045
      0.00468836      0.00455615
     0.000221578     0.000231491
      0.00136044      0.00149421
     0.000132971     0.000162169
      0.00569365      0.00534763
     -0.00172785     -0.00174555
     0.000783135     0.000812866
    -0.000939161    -0.000952741
      -0.0029683      -0.0030625
      3.2369e-05     2.69315e-06
      0.00107855     0.000888272
    -0.000769034    -0.000792331
     -0.00200251      -0.0020184
      0.00207723      0.00214907
     0.000385038     0.000455329
      0.00093773      0.00103324
     -0.00108659      -0.0011093
      0.00221469       0.0022199
      0.00564974      0.00577342
     -0.00230519     -0.00232476
     -0.00215157     -0.00217968
     -0.00233728     -0.00234213
      0.00431643      0.00434662
      0.00511332      0.00491845
     0.000155706     9.00442e-05
     -0.00123364     -0.00130474
     -0.00113458     -0.00118407
     -0.00198698     -0.00201577
    -0.000314397    -0.000207253
      0.00295384      0.00281701
      0.00188339       0.0020172
    -0.000571987     -0.00059007
      0.00197722      0.00202483
     -0.00281829     -0.00280497
     -0.00140472     -0.00139964
     -0.00148008     -0.00149889
      0.00582969      0.00600736
      0.00207789      0.00192072
      0.00135682      0.00136828
      0.00580148      0.00592601
     -0.00497615     -0.00505246
    -0.000713392    -0.000744202
       0.0151754       0.0154708
       0.0145706       0.0142488
     -0.00123662     -0.00123495
       0.0039603      0.00377669
     -0.00445713     -0.00441017
     -0.00255981     -0.00252798
     -0.00109458    -0.000973046
     -0.00162509     -0.00163555
     0.000650794     0.000756048
     -0.00226905     -0.00231857
     0.000973623      0.00101603
       0.0084088      0.00809421
     -0.00319564     -0.00328355
      0.00258688      0.00240208
     0.000324051     0.000321786
      -0.0031078     -0.00301562
       0.0186044       0.0186523
     -0.00243497     -0.00241643
     -0.00207272     -0.00210719
      0.00104667      0.00103091
     0.000858839     0.000853675
      0.00954781      0.00868884
     0.000255341     0.000262784
      0.00430296      0.00413993
      0.00778912      0.00773074
     -0.00483197     -0.00501249
     0.000961734      0.00095858
     -0.00199238     -0.00201286
      0.00325623      0.00322555
      0.00229678      0.00243732
       0.0235212       0.0232152
     -0.00166228     -0.00171658
      -0.0028108     -0.00291565
      0.00157488      0.00156004
       0.0032918      0.00329428
     -0.00346068     -0.00333369
     -0.00246524     -0.00245199
     0.000477057     0.000496424
      0.00556182      0.00530318
       -0.001975     -0.00199988
     -0.00341856     -0.00326191
      0.00251114      0.00258546
     -0.00240809     -0.00233741
     -0.00198263     -0.00201238
      6.1348e-05     5.50864e-05
     -0.00197633     -0.00194952
      0.00193721      0.00198949
     -0.00102189     -0.00099074
     -0.00121244     -0.00125679
       0.0159502         0.01532
      0.00705868      0.00726717
      0.00130956      0.00116674
     -0.00147618      -0.0012377
       0.0017014      0.00166095
       0.0103508        0.010351
     -0.00241586     -0.00248963
      0.00199003      0.00186657
     0.000609259     0.000637123
      0.00021004      0.00019685
      0.00241022      0.00243169
      0.00156019      0.00144228
     -0.00243696     -0.00253285
    -0.000109015    -0.000198774
      0.00431576      0.00413462
      0.00320142      0.00343156
      0.00167894      0.00163666
     0.000300372     0.000327702
     0.000228751     0.000233133
      0.00173234      0.00164248
      0.00808853      0.00786855
      -0.0015715      -0.0015678
      0.00126519      0.00127755
      0.00421533      0.00450096
     0.000812807     0.000934747
       0.0176344       0.0178764
     0.000342218     0.000319242
      -0.0043756     -0.00457721
     -0.00190026     -0.00199108
     -0.00267499     -0.00267486
     -0.00146127     -0.00156203
     -0.00156359      -0.0015753
      0.00229633      0.00216255
      6.3919e-05     6.12854e-05
      0.00312846      0.00387652
      -0.0037166      -0.0037223
      0.00375739      0.00378056
    -0.000797859    -0.000749944
      -0.0036308     -0.00353812
     -0.00215151     -0.00217737
      0.00331475      0.00334062
      0.00190427      0.00194134
    -0.000275068    -0.000268943
      -0.0034784     -0.00345147
     -0.00165956      -0.0016603
     -0.00147397     -0.00168334
     -0.00323315     -0.00326356
       0.0204906       0.0196086
    -0.000520435     -0.00059333
     -0.00207623     -0.00210488
      0.00283159      0.00266198
      0.00014161    -0.000148852
    -0.000280947    -0.000231333
      0.00229236      0.00241669
      0.00123062       0.0013013
     -0.00286432     -0.00281787
      -4.339e-05    -7.60797e-05
      6.9147e-05      8.7128e-05
    -0.000821014    -0.000811969
     -0.00271943     -0.00271158
       0.0022875      0.00227666
     -0.00191769     -0.00207429
     -0.00306466     -0.00305129
     -0.00221525     -0.00244948
      -0.0015458     -0.00154877
     -0.00286279     -0.00279662
     -0.00425165     -0.00408868
     -0.00175887     -0.00177466
      0.00139277      0.00136586
    -0.000431172     -0.00049624
     -0.00306098     -0.00326908
      -0.0046367     -0.00472869
     -0.00484441     -0.00474217
     -0.00178989     -0.00180503
     -0.00182946     -0.00184424
     0.000753137     0.000767907
      0.00293703      0.00293753
     -0.00290528     -0.00289357
      0.00801891       0.0076953
     -0.00163358      -0.0016396
      0.00246346      0.00248239
     -0.00384167     -0.00385383
      0.00247616       0.0025751
     -0.00307838     -0.00311634
     -0.00158916     -0.00161969
     -0.00131883     -0.00126956
     -0.00127174     -0.00131625
     -0.00125097      -0.0013032
         0.01573       0.0158883
     -6.6116e-05    -9.51843e-05
      0.00433534      0.00426319
     -0.00212281       -0.002139
      0.00361755       0.0036161
      0.00480668      0.00447842
      0.00672493      0.00652965
     -0.00440339     -0.00437632
      0.00130131      0.00133403
      0.00207626      0.00161506
     -0.00182562     -0.00190788
      -0.0013036     -0.00155807
      0.00541541       0.0052195
     -0.00220608     -0.00212543
     -0.00433041     -0.00426952
     -0.00221064     -0.00221001
      0.00186305      0.00180485
      0.00117058      0.00130993
     -0.00256515     -0.00257032
     -0.00523841     -0.00520447
      0.00715141      0.00784067
     0.000257133     0.000183497
    -0.000700085    -0.000732624
    -0.000363403    -0.000376567
      0.00248984      0.00240991
      0.00546101       0.0060953
      0.00327103      0.00317114
      0.00527044      0.00497055
      -0.0051112     -0.00477249
     -0.00159193     -0.00125443
     -0.00135092     -0.00135954
      0.00981681       0.0101293
     -0.00071431    -0.000690827
    -0.000729394    -0.000738494
       0.0163549       0.0160747
     -0.00142133     -0.00138692
     -0.00324737     -0.00325391
      0.00150041       0.0014607
     -0.00333801     -0.00343383
      0.00237915      0.00245277
     -0.00502442     -0.00479975
    -0.000608704    -0.000638496
     -0.00258368     -0.00256738
      0.00144102      0.00175231
      -0.0020783     -0.00210628
      0.00240682      0.00217919
      9.2943e-05     2.05708e-05
     0.000317254     0.000384881
      0.00142165      0.00148264
     -0.00622336     -0.00604672
    -0.000790473    -0.000841465
     0.000128105     0.000127032
       0.0184488       0.0189633
      0.00010103     7.16678e-05
     -0.00139458     -0.00141979
      -0.0028861     -0.00285271
      0.00180559      0.00176043
    -0.000907981    -0.000944045
     -0.00250589      -0.0026118
      0.00218604      0.00219617
     -0.00110849     -0.00100386
     0.000389068     0.000483245
      0.00404957      0.00392473
     -4.4672e-05     -2.0425e-05
    -0.000522172    -0.000679406
     0.000855744     0.000890172
      0.00071919     0.000753114
    -0.000593318    -0.000570409
     -0.00581871     -0.00546954
     -0.00219553     -0.00226251
     -0.00150739     -0.00158863
      0.00383043      0.00366388
       0.0013207      0.00139319
     -0.00216234     -0.00220574
      0.00661317      0.00624383
       0.0116624       0.0112111
      0.00152192      0.00155519
     -0.00553278     -0.00542952
     -0.00198439     -0.00205379
      0.00275662      0.00272765
      0.00766337      0.00729035
     -0.00276886     -0.00284677
      0.00232402      0.00233429
      0.00168102      0.00167556
      0.00192343      0.00192122
       0.0128244       0.0124896
     -0.00187576     -0.00189142
      0.00284178      0.00278459
     -0.00156834      -0.0016439
      0.00140582      0.00132575
     -0.00286353     -0.00283616
     -0.00129119     -0.00125771
     -0.00179799     -0.00182575
     -0.00168471       -0.001725
     -0.00362926     -0.00359319
     -0.00147594     -0.00145692
       0.0008175     0.000840549
      0.00291554      0.00297029
    -0.000890785    -0.000985198
      0.00179264      0.00176643
     -0.00161111     -0.00162647
    -0.000372051    -0.000339753
     0.000558058      0.00056224
     -0.00091105    -0.000913844
      0.00529385      0.00502038
     -0.00128203     -0.00122718
     -0.00218685     -0.00217553
      0.00192607      0.00171807
      0.00125129      0.00125295
      0.00894662      0.00855747
      0.00060126      0.00056811
     -0.00192777     -0.00195761
     -0.00402702     -0.00402242
      0.00289539       0.0028945
     -0.00228766     -0.00213048
     -0.00160785     -0.00161343
    -0.000637391    -0.000706398
     0.000821688     0.000861344
      0.00607253      0.00554347
     0.000196817     0.000197963
      0.00660281      0.00652349
      0.00162214      0.00171056
      0.00746176       0.0071416
      0.00152819      0.00152978
     0.000111043     8.79058e-05
    -0.000606438    -0.000727749
     -0.00366337     -0.00376938
      -0.0026163      -0.0026403
     -0.00136936     -0.00142854
      0.00250225      0.00258196
     0.000685128     0.000722089
       0.0173703       0.0161925
     -0.00186414     -0.00187424
     0.000320984     0.000224605
     0.000468571     0.000482503
     -0.00313763     -0.00316645
     -0.00164679     -0.00163951
     0.000945676     0.000936194
     0.000518605     0.000534779
      0.00204855      0.00220934
     -0.00102533     -0.00112208
      0.00171287      0.00141011
     -0.00198639     -0.00201576
     -0.00153799     -0.00154384
       0.0130913       0.0127466
    -0.000584275    -0.000747014
      0.00192438      0.00180933
      0.00139727      0.00144479
      0.00385213      0.00407105
      0.00214619      0.00217835
      0.00263086      0.00272614
      0.00219752      0.00218351
      0.00016135     0.000142553
       0.0179311       0.0173291
       0.0013342      0.00144632
     0.000170165     0.000156904
     -0.00405884     -0.00410899
    -0.000247985    -0.000217273
     -0.00437813     -0.00452402
       0.0148316       0.0142136
     -0.00394235     -0.00396433
      0.00114345      0.00116994
     -0.00499501     -0.00486657
     0.000982091      0.00102177
      0.00101999      0.00101628
     -0.00193536     -0.00186571
     -0.00103546    -0.000986849
     0.000778705      0.00106768
     -0.00182266     -0.00168132
     -0.00302906     -0.00299811
     -0.00300556     -0.00305526
      0.00180509      0.00196832
      0.00136202      0.00139558
    -0.000737893    -0.000731242
     -0.00271664     -0.00272249
      0.00157597      0.00173504
      0.00013806     0.000225407
     0.000723537     0.000761152
    -0.000427904    -0.000424993
    -0.000590887    -0.000609597
      0.00439579      0.00415273
      0.00096425      0.00105718
      0.00162567      0.00170136
      0.00643616      0.00623063
      0.00179012      0.00181578
     -0.00523345     -0.00513066
    -0.000809158    -0.000860939
     -0.00495208     -0.00493639
      0.00200838       0.0020033
      0.00182224      0.00187541
      0.00516242      0.00556403
     0.000720069     0.000925301
      0.00314215      0.00292075
     0.000865535     0.000825622
     -0.00082901    -0.000849638
    -0.000432254    -0.000620298
      0.00592348      0.00618961
      0.00113821      0.00104638
        0.015909       0.0153774
      0.00129801       0.0011918
      0.00083445     0.000841493
      0.00314306      0.00295654
     -0.00318043     -0.00320631
       0.0189412       0.0196899
    -0.000962377     -0.00103689
     -0.00191214     -0.00235066
    -0.000747934    -0.000771388
      0.00198862      0.00201056
      0.00254189      0.00255305
       0.0024077      0.00247116
     -3.6414e-05     -4.2451e-05
      0.00484772      0.00466841
     0.000961044     0.000953106
      0.00103029     0.000886846
     0.000192608     0.000220109
     -0.00205321     -0.00206719
     -0.00117277     -0.00115847
      0.00415415      0.00421275
      0.00132408      0.00137486
       0.0010652      0.00111123
      -0.0010797      -0.0012297
    -0.000315944    -0.000311008
    -0.000708823    -0.000737634
     -0.00298048     -0.00294505
      0.00114045      0.00117351
      0.00592113      0.00638755
      0.00426035      0.00409519
    -0.000789964    -0.000912398
     0.000418704     0.000427022
       0.0049655      0.00470834
    -0.000401507    -0.000437859
     -0.00228981      -0.0022892
      0.00168117      0.00172785
     -0.00396619     -0.00393256
      0.00317461      0.00316711
      0.00206386      0.00204504
      0.00328995      0.00326393
     -0.00350118     -0.00351831
       0.0110225       0.0102205
      0.00264846      0.00274304
      0.00183098      0.00187729
     -0.00237782      -0.0022208
      -0.0041216     -0.00408866
      0.00518176        0.005035
      0.00666231      0.00676932
    -0.000500914    -0.000497946
     -0.00125772    -0.000919808
     -0.00300191     -0.00295425
      0.00174585      0.00174363
      2.8125e-05     0.000175636
     -0.00368152     -0.00320773
      0.00123017      0.00105744
      0.00523754      0.00512767
     -0.00204723      -0.0019809
      0.00511683      0.00495956
     0.000215856     0.000259534
     -0.00348562      -0.0035531
     -0.00218259     -0.00213584
         0.02228       0.0224014
    -0.000221418    -0.000183295
     -0.00140461     -0.00139364
    -0.000549554    -0.000546704
     0.000669677      0.00067664
      -0.0049183     -0.00483062
     0.000316824     0.000221862
      0.00266117      0.00259761
     -0.00244871     -0.00246004
      0.00214889       0.0021122
     -0.00192511     -0.00193888
     -0.00117698     -0.00118202
     -0.00166551     -0.00165219
      0.00778481      0.00756755
      0.00764163      0.00728771
     0.000119356     0.000151929
      0.00214015      0.00226644
        -0.00343     -0.00340223
      0.00232237      0.00226639
    -0.000895679     -0.00094749
       0.0118553       0.0111871
     -8.7898e-05    -7.42478e-05
      0.00150698      0.00143595
     -0.00307567     -0.00301356
     -0.00303496      -0.0030954
    -0.000954385    -0.000949654
    -0.000832571    -0.000883129
    -0.000739291    -0.000783049
     -0.00193345     -0.00198192
    -0.000237615    -0.000183651
     -0.00367088     -0.00369035
      0.00468565      0.00484003
      0.00173271      0.00179115
     -0.00263939     -0.00260095
      0.00245895      0.00302485
      0.00221194      0.00241449
     -0.00241518     -0.00242735
     -0.00356296     -0.00355622
     -0.00258553     -0.00266218
     -0.00166735      -0.0016763
     -4.6962e-05    -5.08424e-05
     -0.00457388     -0.00448333
     -0.00141984     -0.00143942
