QM Energy	FF Energy
      0.00235025      0.00351135
     -0.00119026     -0.00126794
     0.000220363     0.000241854
      0.00275812      0.00280299
      0.00296065      0.00310869
      0.00332142      0.00277014
      0.00494662      0.00390152
     -0.00204636     -0.00188249
     -0.00186268     -0.00156456
      0.00240612       0.0023959
    -0.000156906     0.000147335
      0.00337594      0.00375538
    -0.000310801    -0.000154174
      -0.0017907     -0.00179441
      0.00532718      0.00353214
     -0.00150806     -0.00150622
     -0.00147044     -0.00122363
      -0.0019584     -0.00195437
      0.00272354      0.00328435
      0.00331954      0.00303539
     -0.00171444     -0.00163328
     -0.00355985     -0.00348658
       0.0171871       0.0135804
      0.00114682       0.0011454
      -0.0031657     -0.00296522
     -0.00231691     -0.00219468
    -0.000556327    -0.000519241
      0.00558006       0.0048353
      0.00155868       0.0008359
     -0.00268601     -0.00262448
      0.00380736      0.00269612
      0.00417342      0.00365267
      0.00277622      0.00326916
      0.00306113      0.00198728
     -0.00234637     -0.00231435
     -0.00159485     -0.00169249
      -0.0011587    -0.000731905
      0.00102586      0.00264086
      0.00524198       0.0048128
      0.00264878      0.00268717
     -0.00352089      -0.0029735
      0.00106307      0.00109168
     -0.00041613    -0.000200032
     -0.00212097     -0.00193278
      0.00201177      0.00274346
     -0.00177945     -0.00159602
    -0.000821275    -0.000764666
     0.000676779     0.000959634
     -0.00319282     -0.00296386
     -0.00367842     -0.00296046
       0.0146337       0.0132679
     -0.00128341     -0.00123108
     -0.00292959     -0.00267128
      0.00399382      0.00412317
      0.00278011      0.00163264
    -0.000845441    -0.000420648
     0.000226565     0.000228608
    -0.000753545    -0.000777435
      0.00310279      0.00350296
     -0.00160956     -0.00156355
      0.00133264      0.00147094
    -0.000743375    -0.000711617
      0.00254887        0.002887
       0.0199836       0.0186208
     -0.00257031     -0.00245808
     -0.00101668    -0.000965078
      0.00027788     0.000274617
     -0.00206178      -0.0011736
     -0.00528672      -0.0045172
       0.0066782      0.00569874
      0.00108494      0.00190466
     -0.00614526      -0.0042199
      0.00116766      0.00170392
     0.000959191     0.000991929
       0.0131586       0.0131869
      0.00795632      0.00720334
    -0.000772441    -0.000639716
       0.0023872      0.00339838
     -0.00116487     -0.00130238
      0.00492195      0.00418612
      0.00639604      0.00683021
      0.00240927      0.00117985
     0.000818575      0.00128254
     -0.00190685     -0.00187392
    -0.000605736    -0.000538118
       0.0126923       0.0115925
      0.00700798      0.00736004
      0.00334132      0.00398209
      0.00612128       0.0052504
     -0.00108663      -0.0010449
     -4.5599e-05      0.00118345
     0.000436964     0.000373052
     -0.00400683     -0.00369905
    -0.000893227    -0.000695166
      0.00246668      0.00229288
      0.00201531      0.00220231
     -0.00233772     -0.00207421
     -0.00225569      -0.0021867
       0.0102413      0.00832052
     -0.00130366     -0.00121453
     -0.00279317     -0.00218712
      0.00298284      0.00294945
       0.0013882       0.0019516
     0.000186451     0.000313692
     -0.00266219     -0.00248995
      0.00579941      0.00522975
      0.00376864      0.00460135
     -0.00363417     -0.00217932
     -0.00145405     -0.00152746
     -0.00250922     -0.00235915
      0.00241424      0.00345116
     -0.00356338     -0.00296007
     -0.00312893       -0.002966
     -0.00106676      -0.0010538
      0.00205321      0.00269363
     -0.00187867      -0.0018033
     -0.00310635     -0.00295947
      0.00148061      0.00148667
     0.000171752     0.000165048
     -0.00232647      -0.0022266
      0.00356646      0.00307295
     0.000942781      0.00120927
       0.0124444       0.0135193
      0.00493227      0.00573777
     -0.00257001     -0.00241403
     -0.00523497     -0.00487416
      0.00712302      0.00768094
     -3.1961e-05     0.000264494
    -0.000706518    -0.000378967
      0.00277552      0.00311549
    -0.000115198     -0.00113442
      0.00038323     -0.00022887
      -0.0014542      -0.0014344
      0.00426259      0.00491766
      0.00224377      0.00249166
     -0.00598464      -0.0055012
     -0.00098384    -0.000901577
     -0.00313718     -0.00288655
     -0.00391451     -0.00293087
     -0.00140548     -0.00150365
     -0.00223025     -0.00213214
        0.011553      0.00993005
     0.000161819    -9.37171e-05
      0.00577763      0.00392264
     -0.00430832      -0.0036076
     -9.6459e-05    -5.51607e-05
       0.0115211      0.00966199
     -0.00271766     -0.00252019
     0.000287795     5.54267e-05
     -0.00122439     -0.00114614
      0.00114982      0.00113414
       0.0113495       0.0124556
     0.000319406     0.000890703
     0.000459847      0.00152946
     -0.00126108     -0.00119445
      -0.0028099      -0.0027831
      0.00248291      0.00230439
    -0.000798359    -0.000667031
      0.00141957      0.00120586
       0.0123321       0.0123343
     -0.00146651     -0.00136836
      0.00118321      0.00132399
     -0.00352331     -0.00309437
       0.0138933       0.0127945
      -0.0004807     -0.00101799
     0.000262618    -9.59933e-05
    -0.000538216     4.33163e-05
     -0.00335783     -0.00277567
     0.000383169    -0.000346707
     -0.00161111     -0.00155321
     -0.00137886     -0.00129524
     -0.00643404     -0.00515651
      0.00179103      0.00166565
      0.00993004      0.00673957
     -0.00135859     -0.00113325
      0.00293447      0.00211556
     -0.00261302      -0.0020129
      0.00491626      0.00518078
     -0.00198277     -0.00195503
      0.00427766      0.00447593
      0.00270204       0.0034505
     -0.00318291      -0.0029589
      0.00124363      0.00129362
     -3.9819e-05    -3.99504e-05
     -0.00043858    -0.000391997
     -0.00174449     -0.00148308
      0.00228812      0.00202539
     -4.4691e-05    -3.12305e-05
      0.00924974      0.00973604
     -0.00277876     -0.00272394
     -0.00049632    -9.21278e-06
      0.00255411      0.00212738
      0.00655121      0.00518432
     -0.00438752     -0.00351649
        0.001944      0.00144162
       0.0146651        0.014422
      0.00387603      0.00369419
      0.00097565     0.000974326
       0.0031182      0.00341007
     -0.00329224     -0.00261279
     -0.00170604     -0.00164424
     -0.00139966     -0.00133945
    -0.000157269      0.00024587
     0.000421885     0.000424695
     -0.00418871     -0.00362353
    -0.000616261    -0.000584957
      0.00827889      0.00807123
     0.000977204     0.000987698
      0.00083254     0.000872347
     -0.00217279     -0.00203869
     0.000500434     0.000508009
      0.00138061      0.00158929
     0.000496443     0.000380255
    -0.000519126    -0.000536253
      0.00137205      0.00153067
     -0.00380941     -0.00339012
     -0.00484886      -0.0041622
     -0.00164923     -0.00148354
     -0.00107223     -0.00153904
    -0.000933579    -0.000920051
      0.00118374      0.00119941
      -0.0045399     -0.00413768
       0.0216725       0.0191153
     -0.00276152     -0.00262112
    -0.000925362    -0.000635141
     0.000387272     0.000428203
    -0.000481196    -0.000924649
       0.0016072       0.0016244
      -0.0035473     -0.00257056
     0.000203319     0.000289372
       0.0100568      0.00893048
     0.000902912     0.000922313
     -0.00253725     -0.00252558
      0.00255142      0.00118301
    -0.000359731    -0.000266546
     -0.00120222     -0.00100418
     -0.00221602     -0.00214222
      -0.0015295     -0.00145355
     -0.00163849      -0.0016027
      0.00100429       0.0010238
     -0.00406177     -0.00386259
     0.000385167      0.00152984
      0.00201787      0.00203568
      0.00208411      0.00183857
      0.00136367      0.00165383
      8.5489e-05     0.000178916
    -0.000853774    -0.000837303
    -0.000161104     0.000169181
     -0.00180945     -0.00161992
      0.00812677      0.00800082
      0.00282233      0.00323265
        0.015744        0.014762
      0.00225867      0.00343118
    -0.000166196    -0.000320515
     -0.00188234     -0.00182678
      0.00643416      0.00727245
      0.00433067      0.00212648
     -0.00415711     -0.00323836
     0.000645061     0.000666984
     -0.00361878     -0.00226788
        0.012683       0.0123856
    -0.000390302    -0.000261536
     0.000255837     0.000228956
      0.00397849      0.00377173
     -0.00149778     -0.00143866
       0.0101249       0.0097556
      0.00249595      0.00232091
      0.00098539      0.00104414
     -0.00305881     -0.00298995
       0.0021976      0.00243906
     -0.00133845     -0.00122589
      0.00482834      0.00586534
      0.00016427     0.000166584
    -0.000140248     0.000996848
      -0.0040352     -0.00346335
      0.00244886      0.00213097
      0.00120979      0.00119929
     -4.8223e-05    -0.000458422
     -0.00173034     -0.00164209
    -0.000821452    -0.000594063
      0.00135203      0.00131911
      0.00277787      0.00259072
    -0.000251955    -1.43695e-05
     -0.00221252    -0.000631891
      0.00294812      0.00364006
      0.00504122      0.00543179
     -0.00258988     -0.00293001
      0.00063772      0.00113556
      0.00363951      0.00346966
       0.0012255     0.000986704
     0.000796778     0.000710712
     -0.00123944     -0.00102032
     0.000472062     0.000487368
       0.0108403      0.00977796
      0.00603569      0.00643872
     -0.00330931     -0.00314643
      0.00139027      0.00128701
     0.000185929     0.000438523
     -0.00296747     -0.00262279
      0.00394735      0.00275458
     0.000160862     0.000502434
      0.00573281      0.00614424
     -0.00679214     -0.00480012
      0.00172818      0.00166734
     -0.00296495     -0.00310073
     -0.00238159     -0.00207794
      0.00125693      0.00146615
     -0.00126784     -0.00121622
      -0.0036777      -0.0034191
     -0.00325127     -0.00314893
      0.00419919      0.00467526
     -0.00158419     -0.00145612
     0.000261937     0.000190812
      0.00051119      0.00100633
     -0.00319887     -0.00307088
      0.00226481      0.00211379
     -0.00154292     -0.00140924
     -0.00313318     -0.00339957
     -0.00370582     -0.00304727
      0.00266656      0.00231798
      0.00249355      0.00299221
      0.00818935      0.00770518
      0.00591817      0.00497031
     -0.00222164     -0.00188723
      0.00186667      0.00214533
     -0.00359356     -0.00289557
     0.000231372     0.000211504
     -0.00250067     -0.00211499
    -0.000945333    -1.52155e-05
      0.00113837      0.00115263
      0.00170234      0.00169165
      0.00118102      0.00133246
       0.0045508      0.00401044
        0.017226       0.0145229
     -0.00295921     -0.00274915
      0.00197937      0.00186305
      0.00296865      0.00271078
      -0.0016263     -0.00155607
       0.0030526      0.00330979
       0.0013781       0.0017094
     -0.00382859     -0.00359157
      0.00029051     0.000599249
       0.0135963       0.0115495
     -0.00135131     -0.00131703
     -0.00135885     -0.00130261
     -0.00145086     -0.00138946
    -0.000445908      0.00116156
     0.000991766      0.00112296
     -0.00171929     -0.00172683
     -0.00207156      -0.0022402
     -0.00175454     -0.00162891
     0.000847053     0.000737002
      -0.0034794      -0.0036662
      0.00352328       0.0031925
     -0.00274751     -0.00254761
     -0.00185946     -0.00166927
     -0.00394894      -0.0030814
    -0.000418699    -0.000720389
      0.00407767      0.00331131
     -0.00329719     -0.00238475
     -0.00437821     -0.00385588
      0.00319968      0.00291561
     -0.00314482     -0.00274915
      0.00294046      0.00321946
       0.0147027         0.01179
     -0.00352935     -0.00321548
     -0.00123385     -0.00118168
     -2.1246e-05    -0.000182016
     -0.00290691     -0.00237834
    -0.000468691    -0.000172561
     0.000201873     0.000834347
     0.000747069     0.000828274
     -0.00130281     -0.00126451
     0.000534788     0.000745525
     0.000767447     0.000556928
      -0.0010804    -0.000941628
      0.00148356      0.00167976
     -0.00227229     -0.00221233
     -0.00323147     -0.00313789
     -0.00540604      -0.0045389
      0.00116699      0.00129782
      -0.0015022      -0.0012141
      0.00164484      0.00196994
      2.6297e-05     4.22952e-05
     -0.00473969     -0.00390108
      0.00028585     5.63606e-05
       0.0121132      0.00960112
     -0.00168387     -0.00162923
    -0.000472493     -0.00041163
      0.00138791      0.00146184
      0.00123155      0.00128175
     0.000646626     0.000361129
      -0.0034849     -0.00299771
      0.00026271     0.000588567
     -0.00250897     -0.00243122
      0.00264717      0.00322106
      0.00121494      0.00203116
      0.00016664     0.000161773
     0.000985361     0.000856046
     -0.00216064     -0.00179432
      0.00249605      0.00263465
     0.000903967      0.00106574
     -0.00154498     -0.00129267
      0.00204438       0.0023746
      0.00810689      0.00744843
    -0.000611826    -0.000596499
     0.000486057      0.00048796
       0.0025163      0.00202485
      0.00123895      0.00122128
     -0.00463914     -0.00451854
     -0.00123777    -4.96938e-05
      0.00346047      0.00354765
     -0.00212266     -0.00207296
     -0.00112478     -0.00107544
     -0.00416176      -0.0038437
    -0.000120132     0.000670746
      0.00225534      0.00387345
     -0.00212894     -0.00157039
     -0.00375914       -0.003549
      0.00136857     0.000566298
      0.00297503      0.00315402
    -0.000701309    -0.000633323
      -5.992e-05     5.32302e-05
       0.0219444       0.0186236
    -0.000910057     0.000188464
    -0.000365739       0.0011118
     -0.00136095     -0.00135214
     -0.00313597      -0.0033107
     0.000809034     0.000866808
     -6.7998e-05    -5.52659e-05
        0.018534       0.0177101
       0.0012433      0.00124411
    -0.000346648    -9.73063e-05
     0.000652534     0.000964456
      0.00235179      0.00222381
      -0.0024454     -0.00233574
       0.0184261       0.0173278
      0.00202527      0.00204385
      0.00678268      0.00587365
      0.00382171      0.00429735
      0.00183037      0.00215349
     -0.00144457     -0.00199532
     -0.00172573     -0.00166493
    -0.000614087    -0.000500951
      0.00224594      0.00218991
     0.000936467     0.000905936
     -0.00452304      -0.0036388
      0.00802361      0.00629971
     0.000158603     0.000506089
     0.000633668     0.000456218
    -0.000884098    -0.000759052
     -0.00178225     -0.00187292
     -0.00112394     -0.00114355
     0.000664575     0.000954458
     -0.00229407     -0.00229503
     -0.00180226     -0.00173217
      0.00247296      0.00217888
      0.00924882       0.0103618
     -0.00260568     -0.00251669
     0.000269878     0.000824137
     0.000783188      0.00102758
       0.0206025       0.0189501
     -0.00333604     -0.00287633
      0.00223122      0.00201575
      -0.0017702     -0.00168374
     -0.00510378     -0.00413656
     0.000433672     0.000439751
     -0.00534541     -0.00488434
      2.4752e-05     0.000104977
     -0.00139211    -0.000568308
     -0.00262276     -0.00275326
       0.0022956      0.00185351
     0.000410484      0.00074508
     -0.00341364      -0.0031074
     -0.00309811     -0.00296222
    -0.000448275     0.000781954
    -0.000204698     0.000177755
      0.00121256      0.00125938
     -0.00217192     -0.00200722
     -0.00105715     -0.00145144
      0.00210981      0.00305057
     -0.00301439     -0.00244797
     -0.00280131     -0.00215529
      0.00136684      0.00139754
      0.00166599      0.00182977
      0.00175169        0.001733
     -7.2222e-05    -3.84372e-05
    -0.000233943     0.000114826
     -0.00326385     -0.00295155
      0.00338108      0.00348908
      0.00123706     0.000896678
      0.00263963      0.00344027
     -0.00232287     -0.00225564
      0.00457643      0.00467019
    -0.000915497     -0.00085746
       0.0199316       0.0170638
      9.4868e-05     0.000567008
     -0.00139875     -0.00100432
     -0.00174504     -0.00166227
      0.00109777      0.00094087
       0.0126913       0.0104333
      0.00286695      0.00248706
     -0.00344408     -0.00303506
     0.000646905     0.000656936
    -0.000570035     0.000749241
     -0.00131067      -0.0012593
     -0.00271571     -0.00254442
     -0.00198387     -0.00031053
      0.00468836      0.00512581
     0.000221578     0.000400933
      0.00136044      0.00203463
     0.000132971     0.000119446
      0.00569365      0.00405638
     -0.00172785      -0.0014567
     0.000783135     0.000776396
    -0.000939161    -0.000841533
      -0.0029683      -0.0028849
      3.2369e-05     8.22949e-06
      0.00107855     0.000887475
    -0.000769034    -0.000640113
     -0.00200251     -0.00198066
      0.00207723       0.0025121
     0.000385038     0.000602711
      0.00093773      0.00145652
     -0.00108659    -0.000992499
      0.00221469      0.00296525
      0.00564974      0.00768428
     -0.00230519     -0.00209087
     -0.00215157     -0.00195862
     -0.00233728     -0.00223552
      0.00431643      0.00425485
      0.00511332      0.00477249
     0.000155706     0.000107146
     -0.00123364     -0.00120906
     -0.00113458     -0.00104536
     -0.00198698     -0.00195259
    -0.000314397     2.90356e-05
      0.00295384      0.00160057
      0.00188339      0.00283556
    -0.000571987    -0.000567273
      0.00197722      0.00201444
     -0.00281829      -0.0026177
     -0.00140472    -0.000626801
     -0.00148008     -0.00107998
      0.00582969      0.00635069
      0.00207789      0.00184517
      0.00135682      0.00135734
      0.00580148      0.00615359
     -0.00497615     -0.00466583
    -0.000713392    -0.000698488
       0.0151754       0.0145538
       0.0145706       0.0116215
     -0.00123662    -0.000946917
       0.0039603      0.00336887
     -0.00445713     -0.00377675
     -0.00255981     -0.00234702
     -0.00109458    -0.000824504
     -0.00162509      -0.0015398
     0.000650794      0.00108441
     -0.00226905     -0.00199489
     0.000973623      0.00113168
       0.0084088      0.00875333
     -0.00319564     -0.00306615
      0.00258688      0.00354024
     0.000324051     0.000308578
      -0.0031078     -0.00247505
       0.0186044       0.0171996
     -0.00243497     -0.00217318
     -0.00207272     -0.00204114
      0.00104667      0.00121177
     0.000858839     0.000849207
      0.00954781      0.00938775
     0.000255341     0.000343856
      0.00430296      0.00364179
      0.00778912      0.00518226
     -0.00483197     -0.00482155
     0.000961734      0.00100147
     -0.00199238     -0.00191914
      0.00325623       0.0029081
      0.00229678      0.00250621
       0.0235212       0.0205207
     -0.00166228     -0.00143404
      -0.0028108     -0.00281823
      0.00157488      0.00266825
       0.0032918      0.00334467
     -0.00346068     -0.00306998
     -0.00246524     -0.00217943
     0.000477057     0.000568235
      0.00556182      0.00518691
       -0.001975     -0.00197289
     -0.00341856     -0.00240415
      0.00251114       0.0031593
     -0.00240809     -0.00223097
     -0.00198263     -0.00193912
      6.1348e-05     6.61862e-05
     -0.00197633     -0.00153103
      0.00193721       0.0021861
     -0.00102189    -0.000624904
     -0.00121244     -0.00117386
       0.0159502       0.0141124
      0.00705868      0.00809243
      0.00130956     0.000999832
     -0.00147618    -0.000806353
       0.0017014      0.00152967
       0.0103508      0.00848367
     -0.00241586     -0.00240628
      0.00199003      0.00208101
     0.000609259     0.000625765
      0.00021004     0.000205959
      0.00241022      0.00268944
      0.00156019      0.00157545
     -0.00243696     -0.00231923
    -0.000109015     -0.00029268
      0.00431576      0.00358844
      0.00320142      0.00388741
      0.00167894      0.00151775
     0.000300372     0.000317901
     0.000228751     0.000300074
      0.00173234      0.00167257
      0.00808853      0.00747051
      -0.0015715     -0.00150269
      0.00126519      0.00128751
      0.00421533       0.0051522
     0.000812807      0.00112273
       0.0176344         0.01473
     0.000342218     0.000517902
      -0.0043756     -0.00446721
     -0.00190026     -0.00190357
     -0.00267499     -0.00230133
     -0.00146127     -0.00135356
     -0.00156359     -0.00148686
      0.00229633      0.00195906
      6.3919e-05     6.07967e-05
      0.00312846      0.00335143
      -0.0037166      -0.0035362
      0.00375739       0.0036043
    -0.000797859    -0.000579298
      -0.0036308     -0.00308528
     -0.00215151     -0.00207331
      0.00331475      0.00402424
      0.00190427      0.00211451
    -0.000275068    -0.000129354
      -0.0034784      -0.0028059
     -0.00165956     -0.00148896
     -0.00147397     -0.00149363
     -0.00323315     -0.00307419
       0.0204906       0.0180684
    -0.000520435    -0.000551229
     -0.00207623     -0.00203315
      0.00283159      0.00204962
      0.00014161     -0.00077889
    -0.000280947    -5.95492e-05
      0.00229236       0.0027553
      0.00123062      0.00146696
     -0.00286432     -0.00263731
      -4.339e-05    -4.41116e-05
      6.9147e-05     0.000151958
    -0.000821014    -0.000796696
     -0.00271943     -0.00240409
       0.0022875      0.00233041
     -0.00191769     -0.00193403
     -0.00306466      -0.0029136
     -0.00221525     -0.00239559
      -0.0015458     -0.00147475
     -0.00286279     -0.00244336
     -0.00425165     -0.00305118
     -0.00175887     -0.00173127
      0.00139277      0.00130305
    -0.000431172    -0.000173241
     -0.00306098     -0.00328947
      -0.0046367     -0.00445262
     -0.00484441     -0.00401853
     -0.00178989     -0.00169505
     -0.00182946     -0.00177188
     0.000753137      0.00140614
      0.00293703      0.00274648
     -0.00290528     -0.00274435
      0.00801891      0.00633064
     -0.00163358     -0.00158164
      0.00246346      0.00293378
     -0.00384167     -0.00352976
      0.00247616      0.00256659
     -0.00307838     -0.00293513
     -0.00158916     -0.00158036
     -0.00131883    -0.000948902
     -0.00127174     -0.00108993
     -0.00125097     -0.00125152
         0.01573       0.0152012
     -6.6116e-05    -9.28106e-05
      0.00433534      0.00504655
     -0.00212281     -0.00196866
      0.00361755      0.00416883
      0.00480668      0.00379768
      0.00672493      0.00613138
     -0.00440339     -0.00392357
      0.00130131      0.00166232
      0.00207626     0.000568864
     -0.00182562     -0.00179224
      -0.0013036     -0.00165981
      0.00541541       0.0047948
     -0.00220608     -0.00139217
     -0.00433041      -0.0036854
     -0.00221064     -0.00175354
      0.00186305      0.00167673
      0.00117058      0.00146182
     -0.00256515     -0.00243478
     -0.00523841     -0.00471251
      0.00715141       0.0091273
     0.000257133     4.11759e-05
    -0.000700085    -0.000674409
    -0.000363403     -0.00034134
      0.00248984      0.00266839
      0.00546101      0.00654503
      0.00327103      0.00287301
      0.00527044      0.00405101
      -0.0051112     -0.00426931
     -0.00159193    -0.000431688
     -0.00135092     -0.00121715
      0.00981681       0.0076447
     -0.00071431    -0.000458286
    -0.000729394    -0.000709684
       0.0163549        0.013476
     -0.00142133     -0.00125424
     -0.00324737     -0.00281247
      0.00150041      0.00142959
     -0.00333801     -0.00325089
      0.00237915      0.00324798
     -0.00502442     -0.00415651
    -0.000608704    -0.000622823
     -0.00258368     -0.00243233
      0.00144102      0.00306268
      -0.0020783     -0.00201286
      0.00240682      0.00156873
      9.2943e-05     9.27449e-05
     0.000317254     0.000432427
      0.00142165      0.00192279
     -0.00622336     -0.00449397
    -0.000790473    -0.000738341
     0.000128105      0.00037194
       0.0184488       0.0148874
      0.00010103     0.000102303
     -0.00139458     -0.00130476
      -0.0028861     -0.00271182
      0.00180559      0.00173977
    -0.000907981    -0.000892578
     -0.00250589     -0.00252948
      0.00218604      0.00211862
     -0.00110849    -0.000495855
     0.000389068     0.000979598
      0.00404957      0.00522168
     -4.4672e-05      0.00148682
    -0.000522172     -0.00175644
     0.000855744     0.000856796
      0.00071919      0.00118259
    -0.000593318    -0.000563391
     -0.00581871     -0.00423845
     -0.00219553     -0.00216031
     -0.00150739     -0.00147965
      0.00383043      0.00314719
       0.0013207       0.0018834
     -0.00216234     -0.00213941
      0.00661317      0.00542096
       0.0116624      0.00960714
      0.00152192       0.0015454
     -0.00553278     -0.00352802
     -0.00198439     -0.00134083
      0.00275662      0.00306235
      0.00766337      0.00675919
     -0.00276886     -0.00244926
      0.00232402      0.00273862
      0.00168102      0.00162743
      0.00192343      0.00166132
       0.0128244       0.0110085
     -0.00187576     -0.00183482
      0.00284178       0.0025963
     -0.00156834     -0.00155125
      0.00140582      0.00112875
     -0.00286353     -0.00270641
     -0.00129119    -0.000673664
     -0.00179799     -0.00165721
     -0.00168471     -0.00162422
     -0.00362926     -0.00316948
     -0.00147594     -0.00121018
       0.0008175     0.000823985
      0.00291554      0.00287191
    -0.000890785    -0.000725736
      0.00179264      0.00169738
     -0.00161111     -0.00124829
    -0.000372051     7.61768e-07
     0.000558058      0.00054375
     -0.00091105     -0.00082713
      0.00529385      0.00454991
     -0.00128203    -0.000909526
     -0.00218685     -0.00201667
      0.00192607      0.00213999
      0.00125129      0.00133185
      0.00894662      0.00775496
      0.00060126     0.000695086
     -0.00192777     -0.00183338
     -0.00402702      -0.0033524
      0.00289539      0.00335251
     -0.00228766     -0.00157136
     -0.00160785     -0.00150176
    -0.000637391     -0.00100361
     0.000821688     0.000893597
      0.00607253      0.00530074
     0.000196817     0.000229997
      0.00660281      0.00695251
      0.00162214      0.00176009
      0.00746176      0.00560587
      0.00152819      0.00232869
     0.000111043     0.000200577
    -0.000606438    -0.000392535
     -0.00366337     -0.00343639
      -0.0026163     -0.00212073
     -0.00136936     -0.00135408
      0.00250225      0.00286497
     0.000685128      0.00116186
       0.0173703       0.0195096
     -0.00186414     -0.00164728
     0.000320984     0.000183934
     0.000468571     0.000589108
     -0.00313763     -0.00274526
     -0.00164679     -0.00152204
     0.000945676     0.000937958
     0.000518605     0.000594374
      0.00204855      0.00295693
     -0.00102533      -0.0011213
      0.00171287     0.000921895
     -0.00198639      -0.0018513
     -0.00153799     -0.00134766
       0.0130913       0.0109009
    -0.000584275    -0.000722267
      0.00192438      0.00179131
      0.00139727      0.00143448
      0.00385213      0.00424669
      0.00214619      0.00206306
      0.00263086      0.00273017
      0.00219752      0.00224136
      0.00016135     0.000159589
       0.0179311       0.0161695
       0.0013342      0.00174303
     0.000170165     0.000295031
     -0.00405884     -0.00380068
    -0.000247985    -2.36449e-05
     -0.00437813     -0.00429624
       0.0148316       0.0132731
     -0.00394235     -0.00364138
      0.00114345      0.00126777
     -0.00499501     -0.00334602
     0.000982091      0.00102471
      0.00101999      0.00176357
     -0.00193536     -0.00145656
     -0.00103546     -0.00101008
     0.000778705     0.000498572
     -0.00182266     -0.00156988
     -0.00302906     -0.00279628
     -0.00300556     -0.00289534
      0.00180509      0.00257233
      0.00136202      0.00139672
    -0.000737893    -0.000654207
     -0.00271664     -0.00257121
      0.00157597      0.00185588
      0.00013806     0.000652616
     0.000723537     0.000705456
    -0.000427904    -0.000295084
    -0.000590887    -0.000460012
      0.00439579      0.00364692
      0.00096425      0.00161666
      0.00162567      0.00171891
      0.00643616       0.0069106
      0.00179012      0.00181495
     -0.00523345     -0.00379999
    -0.000809158    -0.000384595
     -0.00495208     -0.00420329
      0.00200838      0.00195876
      0.00182224      0.00232612
      0.00516242      0.00609496
     0.000720069      0.00162673
      0.00314215      0.00163584
     0.000865535     0.000762212
     -0.00082901    -0.000737893
    -0.000432254    -0.000883893
      0.00592348      0.00690129
      0.00113821     0.000908893
        0.015909       0.0139425
      0.00129801      0.00137052
      0.00083445     0.000853905
      0.00314306      0.00380959
     -0.00318043     -0.00307546
       0.0189412       0.0153575
    -0.000962377     -0.00162955
     -0.00191214     -0.00232425
    -0.000747934    -0.000576437
      0.00198862      0.00226121
      0.00254189      0.00234888
       0.0024077      0.00293145
     -3.6414e-05     0.000195526
      0.00484772      0.00379419
     0.000961044     0.000963704
      0.00103029     0.000658005
     0.000192608     0.000213321
     -0.00205321     -0.00187261
     -0.00117277     -0.00109007
      0.00415415      0.00422648
      0.00132408      0.00179551
       0.0010652      0.00126876
      -0.0010797     -0.00173911
    -0.000315944    -0.000119722
    -0.000708823    -0.000605263
     -0.00298048     -0.00258137
      0.00114045      0.00118153
      0.00592113      0.00701129
      0.00426035      0.00363743
    -0.000789964    -0.000958998
     0.000418704      0.00044557
       0.0049655      0.00399117
    -0.000401507    -0.000248022
     -0.00228981     -0.00221932
      0.00168117      0.00166658
     -0.00396619      -0.0035366
      0.00317461      0.00385972
      0.00206386      0.00191395
      0.00328995      0.00324986
     -0.00350118     -0.00327507
       0.0110225       0.0129087
      0.00264846      0.00300321
      0.00183098      0.00198909
     -0.00237782     -0.00134993
      -0.0041216     -0.00342765
      0.00518176      0.00470035
      0.00666231      0.00783993
    -0.000500914    -0.000425565
     -0.00125772      -0.0002447
     -0.00300191     -0.00261204
      0.00174585      0.00174507
      2.8125e-05     0.000778662
     -0.00368152     -0.00220091
      0.00123017     0.000779874
      0.00523754      0.00527091
     -0.00204723     -0.00177443
      0.00511683      0.00471777
     0.000215856     0.000430516
     -0.00348562     -0.00326117
     -0.00218259     -0.00200688
         0.02228        0.019492
    -0.000221418     0.000255696
     -0.00140461     -0.00102129
    -0.000549554    -0.000448149
     0.000669677     0.000684413
      -0.0049183     -0.00420741
     0.000316824     0.000556336
      0.00266117      0.00242667
     -0.00244871     -0.00234727
      0.00214889      0.00212448
     -0.00192511     -0.00179737
     -0.00117698     -0.00107456
     -0.00166551     -0.00158573
      0.00778481      0.00654774
      0.00764163      0.00564311
     0.000119356     0.000288815
      0.00214015      0.00248464
        -0.00343     -0.00320208
      0.00232237       0.0021185
    -0.000895679    -0.000930138
       0.0118553      0.00984287
     -8.7898e-05     0.000113349
      0.00150698      0.00136123
     -0.00307567     -0.00257858
     -0.00303496     -0.00277415
    -0.000954385    -0.000903374
    -0.000832571    -0.000522122
    -0.000739291    -0.000865639
     -0.00193345     -0.00185975
    -0.000237615     0.000573369
     -0.00367088     -0.00340164
      0.00468565      0.00596121
      0.00173271      0.00183066
     -0.00263939     -0.00219055
      0.00245895      0.00163009
      0.00221194      0.00285375
     -0.00241518     -0.00230654
     -0.00356296     -0.00324635
     -0.00258553     -0.00258395
     -0.00166735     -0.00154429
     -4.6962e-05     0.000139281
     -0.00457388     -0.00398832
     -0.00141984     -0.00138225
