QM Energy	FF Energy
     -0.00038637    -0.000444988
     -6.4542e-05    -9.11206e-05
       -3.47e-06    -4.55953e-06
    -0.000105005    -0.000113122
     -0.00017521    -0.000184099
     -0.00012512    -7.01692e-05
    -0.000368882    -0.000246693
     -8.4433e-05    -0.000106513
     -5.0757e-05    -7.14653e-05
     -2.2116e-05    -2.10236e-05
     -3.1678e-05    -3.72784e-05
     -8.2046e-05    -0.000111843
      -9.645e-06    -2.62979e-05
     -2.0042e-05    -3.12728e-05
    -0.000579022    -0.000476053
      -2.489e-06    -7.92276e-06
    -0.000129628    -0.000187518
     -2.3581e-05    -3.98385e-05
    -0.000955799     -0.00102945
    -0.000122792    -9.15344e-05
     -2.8972e-05    -5.01553e-05
    -0.000695377    -0.000663337
     -0.00145323     -0.00185265
     -4.5793e-05    -6.08425e-05
     -3.5619e-05    -5.37246e-05
     -2.6176e-05    -5.13687e-05
      -4.858e-06    -9.89885e-06
     -0.00158703     -0.00138563
    -0.000202035    -0.000172263
    -0.000317326    -0.000396589
    -0.000646731    -0.000694533
    -0.000134804    -5.84953e-05
     -5.4054e-05     -4.8733e-05
     -0.00074743    -0.000722579
      -7.831e-06    -2.02599e-05
    -0.000814142    -0.000731545
    -0.000791548    -0.000692317
    -0.000533806    -0.000605157
     -0.00074206    -0.000570171
    -0.000294792    -0.000306676
    -0.000159061    -0.000199902
       -2.46e-06    -4.92545e-06
     -5.5476e-05    -6.04933e-05
     -4.0607e-05    -6.10622e-05
    -0.000522737    -0.000645487
     -7.4154e-05    -0.000112386
      -7.876e-06    -1.17376e-05
      -1.549e-05    -3.46621e-05
     -6.9915e-05    -8.39485e-05
    -0.000139588    -0.000186975
     -0.00145865     -0.00150292
       -6.89e-06     -1.7111e-05
     -9.0563e-05    -0.000108916
    -0.000135841    -0.000147435
    -0.000742268    -0.000797039
    -0.000823667    -0.000519999
      -6.592e-06    -8.23489e-06
     -1.7384e-05    -1.99305e-05
     -5.0395e-05    -8.11477e-05
     -1.0439e-05    -2.10301e-05
      -5.832e-06     -1.5105e-05
      -3.796e-06    -1.38203e-05
     -2.0694e-05    -5.08501e-05
     -0.00162977     -0.00144376
     -3.8975e-05    -6.81097e-05
      -8.033e-06    -1.91053e-05
      -7.105e-06    -6.39257e-06
    -0.000185611     -0.00025264
    -0.000326284    -0.000290921
       -0.001171     -0.00120659
    -0.000142427    -0.000146063
    -0.000754966    -0.000780205
       -7.76e-05    -0.000107693
      -7.633e-06    -1.19231e-05
     -0.00159601     -0.00177358
     -0.00139654     -0.00171222
     -1.2036e-05    -3.14732e-05
    -0.000852224     -0.00100279
    -0.000118973    -0.000165233
    -0.000367042     -0.00028253
    -0.000904437     -0.00096085
     -0.00113526     -0.00140221
     -3.8585e-05    -6.11693e-05
      -9.524e-06    -1.23148e-05
     -2.2474e-05    -3.56067e-05
     -0.00149772     -0.00156054
    -0.000639607     -0.00064012
     -8.7501e-05    -6.32003e-05
    -0.000235233    -0.000114098
     -1.8242e-05     -3.2394e-05
     -0.00023977    -0.000324112
     -3.9785e-05    -4.26417e-05
     -7.3774e-05    -9.94318e-05
     -4.2596e-05    -7.56486e-05
     -5.7456e-05    -4.21268e-05
      -1.225e-05    -2.79001e-05
    -0.000473661    -0.000515935
    -0.000269564    -0.000256472
    -0.000830498    -0.000630112
     -2.0799e-05    -2.71005e-05
     -0.00088113    -0.000835141
    -0.000118864    -0.000115193
    -0.000679061    -0.000866988
      -9.243e-06    -2.24284e-05
     -4.1065e-05    -5.81637e-05
    -0.000513542    -0.000492439
    -0.000356873    -0.000264749
     -0.00104544     -0.00120593
     -8.3581e-05    -0.000100855
    -0.000143516    -0.000162229
    -0.000186018    -0.000156579
    -0.000430027    -0.000464843
     -2.1847e-05    -5.06193e-05
      -7.828e-06    -1.58744e-05
    -0.000128476    -8.91179e-05
     -1.6135e-05    -2.96416e-05
      -4.578e-05    -6.39573e-05
     -2.7905e-05    -3.40157e-05
      -2.663e-06    -3.90771e-06
     -1.9821e-05    -3.40273e-05
     -0.00014677    -8.72417e-05
     -6.0173e-05    -0.000102158
     -0.00124902     -0.00118202
    -0.000333884    -0.000155547
     -0.00119966    -0.000975805
    -0.000283136    -0.000363364
    -0.000480755    -0.000340451
     -4.5782e-05    -6.51169e-05
    -0.000137564    -0.000133993
     -8.4576e-05    -9.33069e-05
    -0.000745486     -0.00087266
    -0.000245256    -0.000243052
     -1.6492e-05    -3.03897e-05
    -0.000887348    -0.000982851
    -0.000729178    -0.000637366
    -0.000459908    -0.000425159
     -1.3421e-05    -2.72136e-05
    -0.000184766    -0.000286487
    -0.000351346    -0.000378491
     -5.2269e-05    -7.63273e-05
    -0.000965975    -0.000925264
    -0.000817929    -0.000656258
    -0.000244978     -0.00023856
     -0.00159258     -0.00195014
    -0.000186316    -0.000208126
     -3.0049e-05    -4.63876e-05
    -0.000859968    -0.000550939
     -3.5083e-05    -5.20435e-05
    -0.000179443    -0.000177897
    -0.000198099    -0.000248873
      -9.618e-06    -7.12143e-06
    -0.000876884    -0.000769582
    -0.000629404    -0.000820376
    -0.000121999    -0.000174879
     -1.5466e-05    -2.74656e-05
     -1.3509e-05    -2.73512e-05
     -3.6948e-05    -1.47817e-05
     -2.5099e-05    -3.00604e-05
     -9.1376e-05    -8.15483e-05
     -0.00109576    -0.000836436
     -1.6565e-05    -3.02815e-05
    -0.000170228    -0.000212953
     -7.3775e-05    -0.000100511
     -0.00105017    -0.000902435
    -0.000239283    -0.000277039
     -9.8737e-05    -9.72948e-05
    -0.000495739    -0.000517317
    -0.000428941    -0.000366432
    -0.000681488    -0.000685083
      -8.557e-06    -1.59213e-05
      -9.472e-06    -1.36885e-05
     -0.00101673    -0.000835814
     -2.3116e-05    -9.41957e-06
      -0.0013694     -0.00189061
     -7.0593e-05    -9.83241e-05
    -0.000828376    -0.000941477
    -0.000119639    -0.000155744
    -0.000539465    -0.000600091
      -8.243e-06    -1.44843e-05
    -0.000804731    -0.000598419
    -0.000737208    -0.000616883
     -4.8111e-05     -8.1634e-05
      -3.513e-06    -8.57644e-06
      -4.549e-06    -7.28162e-06
     -1.2051e-05    -2.01452e-05
    -0.000217611     -0.00025085
     -7.1224e-05    -5.38211e-05
      -4.404e-06    -5.71466e-06
     -0.00102779     -0.00104786
     -1.6674e-05    -3.63206e-05
     -5.4464e-05    -0.000105412
    -0.000139701    -0.000103328
     -0.00052411    -0.000415839
    -0.000250634    -0.000295482
     -0.00098875    -0.000873234
     -0.00171768     -0.00194704
    -0.000113208    -8.14847e-05
      -4.232e-06     -2.7591e-06
     -0.00080102     -0.00103106
    -0.000356142     -0.00040724
     -3.8956e-05    -6.13662e-05
     -1.2989e-05    -2.67364e-05
      -4.734e-05    -9.79497e-05
      -5.468e-06    -4.60779e-06
    -0.000134822    -0.000164319
      -3.058e-06    -7.42609e-06
    -0.000871694    -0.000645296
        2.53e-07     1.62606e-06
      -2.419e-06    -6.35157e-06
     -2.5623e-05    -3.76686e-05
      -5.724e-06    -9.49247e-06
    -0.000329079    -0.000352307
     -7.5054e-05    -6.52766e-05
     -8.6436e-05    -0.000112239
      -3.693e-06    -9.53389e-06
    -0.000325998    -0.000355447
    -0.000145393    -0.000168705
     -1.7885e-05    -3.98396e-05
    -0.000134927    -0.000149116
      -5.204e-06    -8.71885e-06
       -5.24e-07     1.19848e-06
    -0.000161552    -0.000157699
     -0.00168549     -0.00157508
     -2.9107e-05    -4.72046e-05
     -5.7863e-05    -9.19404e-05
      -8.955e-06    -1.72333e-05
    -0.000641132    -0.000720031
        6.71e-07     1.55226e-06
     -0.00013744    -0.000220769
      -9.968e-06    -2.24192e-05
    -0.000670875    -0.000443782
       -8.68e-06     -1.2254e-05
     -1.4904e-05    -3.16598e-05
    -0.000427166    -0.000427485
      -5.515e-06    -1.68252e-05
     -1.5609e-05    -2.65011e-05
     -1.3345e-05    -2.44278e-05
     -3.0808e-05    -4.76312e-05
      -6.276e-06     -1.1972e-05
     -0.00114322     -0.00121427
     -5.8846e-05    -0.000108816
    -0.000348782    -0.000471036
     -4.2148e-05    -5.12649e-05
     -6.5155e-05     -4.9444e-05
     -1.8114e-05    -2.43805e-05
     -1.1555e-05    -2.78563e-05
     -1.9741e-05    -2.57914e-05
     -3.3716e-05    -4.78934e-05
     -2.9365e-05    -3.52283e-05
     -0.00048357     -0.00039255
     -6.6729e-05     -6.7538e-05
     -0.00133151     -0.00100776
    -0.000219491    -0.000223514
     -8.6293e-05    -7.44456e-05
      -7.868e-06    -1.37587e-05
     -0.00127629     -0.00151445
    -0.000846982    -0.000975934
    -0.000234956    -0.000336695
     -2.4096e-05    -3.21722e-05
    -0.000991009    -0.000731646
     -0.00111068    -0.000841848
      -5.877e-06    -1.88071e-05
      -8.627e-06     -1.0191e-05
    -0.000727054    -0.000680225
     -1.8178e-05     -3.0055e-05
    -0.000647297    -0.000586913
     -8.6804e-05    -6.04705e-05
      -2.802e-06     -8.9466e-06
     -1.6343e-05     -3.5347e-05
     -1.5062e-05    -1.77259e-05
    -0.000261945    -0.000294562
    -0.000361951    -0.000368665
      -5.571e-06    -5.81579e-06
    -0.000143742    -0.000275489
    -0.000352202    -0.000437477
    -0.000194339    -0.000142644
      -7.789e-06    -5.43009e-06
    -0.000347815    -0.000339961
     -6.5767e-05    -8.45986e-05
     -1.8942e-05    -2.80659e-05
      -5.088e-06    -1.94796e-06
     -4.4591e-05    -1.87324e-05
     -9.9812e-05    -0.000130794
    -0.000464604    -0.000522195
    -0.000477533    -0.000489686
    -0.000404233    -0.000271816
    -0.000871286    -0.000760138
      -5.842e-05    -9.52395e-05
    -0.000143131    -0.000106476
     -9.2342e-05    -7.91184e-05
     -8.4321e-05     -7.5415e-05
    -0.000702088    -0.000822589
       -9.14e-07    -2.50961e-07
    -0.000939666    -0.000808461
     -0.00134682     -0.00157228
     -4.1464e-05    -7.94057e-05
     -5.6198e-05     -5.3549e-05
     -3.4764e-05    -6.57236e-05
     -4.9539e-05    -8.09176e-05
    -0.000701951    -0.000696597
     -3.4622e-05    -4.59998e-05
      -0.0014036     -0.00149188
    -0.000979371    -0.000916232
     -2.3298e-05    -2.02773e-05
     -8.4299e-05     -0.00011597
    -0.000172551    -0.000180444
     -9.4332e-05    -0.000135456
      -8.673e-06    -1.38729e-05
     -3.9334e-05    -6.31945e-05
    -0.000408671    -0.000380268
    -0.000919049    -0.000994887
     -2.4756e-05    -4.26528e-05
    -0.000111088    -0.000113441
    -0.000191312    -0.000213811
    -0.000207181    -0.000250945
     -3.0339e-05    -1.07535e-05
     -5.4568e-05    -6.45973e-05
     -0.00108182    -0.000871112
    -0.000281162    -0.000292388
      -7.809e-05    -4.13867e-05
     -8.7472e-05    -8.19894e-05
    -0.000521019    -0.000418142
    -0.000283467    -0.000145591
     -5.7434e-05    -6.86687e-05
     -2.3279e-05    -3.09218e-05
    -0.000183231    -0.000227687
      -1.771e-05    -1.77181e-05
     -8.3356e-05    -9.96984e-05
    -0.000377398    -0.000260089
       -4.45e-07    -1.20955e-06
    -0.000137375    -0.000134771
       -6.06e-06    -1.47624e-05
    -0.000233157    -0.000140288
     -0.00126861     -0.00107503
     -6.8364e-05    -0.000101862
     -7.0701e-05    -4.73598e-05
     -6.1089e-05     -3.0753e-05
      -9.839e-06    -1.22387e-05
     -8.2907e-05    -9.57552e-05
     -0.00114114    -0.000774133
     -3.8524e-05    -7.77752e-05
     -2.2023e-05    -5.19691e-05
     -0.00102324    -0.000730517
      -6.854e-06     -1.5349e-05
     -1.0873e-05    -2.22278e-05
      -7.962e-06    -1.61395e-05
    -0.000913648     -0.00125403
      -6.169e-06    -2.22948e-05
     -7.5724e-05    -9.88124e-05
     -7.4859e-05    -9.91283e-05
     -8.2668e-05    -0.000115248
    -0.000564097    -0.000587196
     -0.00125666     -0.00104998
     -0.00130896    -0.000963563
     -5.4179e-05    -7.45762e-05
     -7.3031e-05    -9.36303e-05
    -0.000275551    -0.000306905
    -0.000206035    -0.000228722
    -0.000896299    -0.000718686
    -0.000224238    -0.000243125
    -0.000211944    -0.000266229
     -6.0773e-05    -3.05642e-05
     -6.9778e-05    -0.000134635
    -0.000451424    -0.000494461
     -0.00124478     -0.00122181
     -0.00017922    -0.000282769
     -1.1012e-05    -1.74686e-05
    -0.000225459    -0.000211326
    -0.000909402      -0.0005628
      -3.416e-05    -4.07164e-05
    -0.000227581    -0.000232422
      -9.207e-06    -1.39715e-05
      -8.154e-06    -1.53291e-05
     -3.1902e-05    -4.55653e-05
     -8.7384e-05     -8.3504e-05
     -2.0817e-05    -3.20746e-05
     -1.3322e-05    -2.85106e-05
      -6.999e-06    -1.34384e-05
     -3.1032e-05    -4.86046e-05
    -0.000690865    -0.000609447
       -4.85e-06    -1.31472e-05
     -9.6296e-05    -0.000155973
     -2.8678e-05    -4.12565e-05
       -3.92e-06     -6.5595e-06
    -0.000692819    -0.000817198
    -0.000120885    -0.000101291
    -0.000916029    -0.000704189
      -9.006e-06    -1.49469e-05
      -7.567e-06    -1.09861e-05
     -8.8035e-05    -0.000115068
      -1.247e-05    -1.56044e-05
     -6.0737e-05     -4.5033e-05
    -0.000145054      -0.0001812
     -2.8317e-05      -6.356e-05
      -9.729e-06    -1.74829e-05
     -8.0855e-05     -8.3074e-05
    -0.000163963    -0.000167467
      -3.321e-06    -4.30457e-06
     -3.7433e-05    -2.38108e-05
     -7.1497e-05    -7.52259e-05
     -3.7941e-05      -5.493e-05
      -5.981e-06    -1.60313e-05
      -3.881e-05    -5.27577e-05
    -0.000138226    -0.000189956
    -0.000552889    -0.000478404
      -2.924e-06     -5.3462e-06
     -1.8395e-05    -2.36334e-05
    -0.000134373    -0.000100152
     -1.1373e-05    -1.02495e-05
    -0.000158361     -0.00018097
    -0.000938892    -0.000873839
    -0.000186975    -0.000204715
      -9.053e-06    -1.12432e-05
     -1.4347e-05    -2.82558e-05
    -0.000110226    -0.000109538
    -0.000459574    -0.000535537
    -0.000555349    -0.000510284
     -6.7216e-05    -9.53809e-05
     -8.4287e-05    -0.000130386
    -0.000614279    -0.000577469
    -0.000782119     -0.00083488
      -8.768e-06    -1.76701e-05
      -4.677e-06    -1.65707e-05
     -0.00161537     -0.00150268
     -0.00105686     -0.00127678
    -0.000653609    -0.000810186
      -7.057e-06    -1.48216e-05
    -0.000486621    -0.000528927
     -1.0371e-05    -2.19278e-05
      -4.778e-06    -7.51264e-06
     -0.00153959     -0.00114259
       -9.11e-07     1.50674e-06
     -1.9844e-05    -2.83591e-05
     -2.5125e-05    -4.20836e-05
     -4.8208e-05    -3.52661e-05
     -1.4796e-05    -2.28767e-05
      -0.0016223     -0.00185735
      -4.144e-06    -5.99906e-06
     -0.00068707    -0.000538017
     -6.8812e-05    -7.99909e-05
       -2.65e-05    -4.22432e-05
     -0.00106005     -0.00116085
      -9.864e-06    -1.65091e-05
      -1.845e-05    -4.13367e-05
     -4.6816e-05    -3.77422e-05
     -2.2413e-05    -2.65262e-05
    -0.000551822    -0.000453025
    -0.000614717    -0.000449219
      -5.288e-05    -0.000101252
    -0.000303187    -0.000302608
     -1.5148e-05    -2.12105e-05
      -3.364e-05    -4.35195e-05
     -1.4816e-05    -2.17912e-05
    -0.000134938    -0.000131108
    -0.000418483    -0.000539389
     -1.0508e-05    -1.89603e-05
    -0.000109735    -6.51722e-05
    -0.000690933    -0.000705935
     -1.5078e-05    -2.59926e-05
     -4.0692e-05    -9.87478e-05
     -1.9978e-05    -2.84609e-05
     -0.00157442     -0.00131759
    -0.000123338    -0.000115758
    -0.000206533    -0.000223349
     -3.9325e-05    -6.80811e-05
    -0.000238718    -0.000312552
    -0.000138958    -0.000156983
    -0.000204607    -0.000176952
     -3.3327e-05    -4.03317e-05
    -0.000147042    -0.000256839
     -9.9679e-05    -0.000141176
    -0.000132297    -9.27917e-05
      -3.588e-05    -4.75926e-05
     -9.0969e-05    -0.000100429
    -0.000742036    -0.000568048
    -0.000780005    -0.000514158
    -0.000750762    -0.000488896
      -2.045e-06    -2.86245e-06
     -2.7627e-05    -4.79244e-05
    -0.000129471    -0.000146368
    -0.000455342    -0.000498653
    -0.000201209    -0.000179233
    -0.000368973    -0.000514981
       -7.16e-07    -9.29049e-07
      -2.619e-06    -1.68993e-05
      -9.117e-06    -6.15298e-06
     -8.4974e-05    -0.000103244
    -0.000167459    -0.000195972
     -7.5659e-05    -8.15724e-05
     -5.5753e-05    -6.47211e-05
    -0.000465501    -0.000455101
    -0.000260239    -0.000291836
      -1.293e-05    -2.12076e-05
    -0.000375645     -0.00032534
     -2.5246e-05    -3.56437e-05
       -0.001675     -0.00165088
     -9.5683e-05    -0.000168985
     -7.5635e-05    -0.000127729
     -1.2939e-05    -3.12685e-05
     -3.7654e-05    -2.91548e-05
    -0.000828512    -0.000585971
    -0.000135392    -0.000106947
    -0.000133915     -0.00016736
      -6.342e-06    -9.01355e-06
    -0.000385466    -0.000555446
     -1.3898e-05    -2.89995e-05
     -4.9299e-05    -7.05853e-05
    -0.000940891    -0.000835041
    -0.000376676    -0.000288475
     -1.7345e-05    -2.88419e-05
     -9.5638e-05     -0.00010329
     -2.1269e-05    -2.02382e-05
    -0.000531946    -0.000447588
     -3.3067e-05    -6.30714e-05
      -9.719e-06    -7.70487e-06
      -7.045e-06    -1.84268e-05
     -4.4112e-05    -6.52598e-05
      -1.073e-05    -1.16386e-05
     -9.5889e-05    -0.000118292
      -9.351e-06     -2.7157e-05
     -2.8865e-05    -4.09245e-05
     -3.3801e-05    -4.62961e-05
     -1.7794e-05    -2.95094e-05
    -0.000184894    -0.000166549
      -9.998e-06     -2.7739e-05
    -0.000273477    -0.000146577
    -0.000695076    -0.000665906
     -2.5485e-05    -5.41942e-05
     -3.0045e-05    -5.73193e-05
     -1.5544e-05    -2.25541e-05
    -0.000154088    -0.000124795
    -0.000640491     -0.00055416
     -1.7257e-05    -2.34099e-05
     -2.6773e-05    -4.04963e-05
     -5.2281e-05    -7.00538e-05
      -8.152e-06    -2.01786e-05
     -0.00203625     -0.00218326
      -0.0011804     -0.00159127
    -0.000202853    -0.000167716
     -1.0321e-05    -1.48548e-05
      -6.408e-06    -7.45033e-06
     -3.3778e-05    -4.34213e-05
    -0.000397075    -0.000415978
    -0.000130769     -0.00013625
    -0.000255789    -0.000271371
     -8.4698e-05      -8.526e-05
        6.01e-07     2.09861e-06
    -0.000325346    -0.000308002
    -0.000180532    -0.000222377
      -7.408e-06    -1.56424e-05
     -0.00175033     -0.00222605
     -0.00134329     -0.00127029
     -3.0104e-05      -6.878e-05
    -0.000225573      -0.0001679
    -0.000384986    -0.000312521
     -9.2877e-05    -0.000116218
     -5.6562e-05    -9.79684e-05
      -8.671e-06    -2.08663e-05
     -3.4462e-05    -5.53269e-05
     -4.1918e-05    -8.33359e-05
     -1.0414e-05    -1.88876e-05
    -0.000634463    -0.000562001
     -6.1546e-05    -7.60816e-05
    -0.000614995    -0.000621646
     -1.8284e-05     -2.0566e-05
    -0.000105787    -0.000143885
     -0.00148808     -0.00127484
     -4.2194e-05    -6.37049e-05
      -5.965e-06    -1.76543e-05
     -7.2693e-05    -9.29917e-05
      -6.479e-06    -5.44596e-06
      -0.0012753     -0.00156714
      -3.864e-06    -1.25798e-05
    -0.000169905    -9.19136e-05
       -0.001348     -0.00198942
    -0.000244252    -0.000252335
     -3.0217e-05    -3.47611e-05
      -9.943e-06    -1.82879e-05
    -0.000119155    -6.41155e-05
     -1.4766e-05    -3.49069e-05
     -0.00167001     -0.00151437
     -5.1921e-05    -8.41196e-05
     -2.2213e-05    -3.99317e-05
    -0.000250791    -0.000315093
    -0.000180776    -0.000179318
    -0.000108659     -0.00014278
     -5.2422e-05    -6.02167e-05
      -2.271e-06    -1.22545e-05
    -0.000669572    -0.000680184
      -9.844e-06    -2.04818e-05
    -0.000790525    -0.000678281
     -7.4173e-05    -7.90138e-05
     -9.2983e-05    -0.000135364
      -8.939e-06    -2.06185e-05
      -5.228e-06    -6.70206e-06
     -8.7667e-05    -0.000141333
      -1.457e-05    -2.32219e-05
     -7.4898e-05    -8.23177e-05
     -1.3313e-05    -2.76864e-05
     -0.00133707     -0.00113394
    -0.000462064    -0.000417365
     -8.3645e-05    -7.23369e-05
    -0.000338408    -0.000435941
     -4.2053e-05    -2.63293e-05
     -0.00100682     -0.00108774
     -1.2961e-05     -2.4235e-05
    -0.000802608    -0.000545866
       -2.85e-07     3.78404e-07
       -2.59e-06    -4.06809e-06
     -2.1186e-05    -2.56969e-05
     -6.5171e-05    -9.12249e-05
    -0.000169758    -0.000185455
     -7.2336e-05    -7.58598e-05
     -0.00019563    -0.000104842
     -8.0676e-05    -0.000123913
      -3.238e-05    -1.58665e-05
      -1.223e-06    -2.63595e-06
      -4.421e-06    -1.52135e-05
     -8.8975e-05    -9.28387e-05
    -0.000553629    -0.000575902
     -1.0643e-05    -2.09776e-05
      -2.703e-06    -3.19828e-06
    -0.000133034     -0.00015713
     -1.6471e-05     -3.8689e-05
     -0.00154639     -0.00177802
     -0.00027911    -0.000302255
    -0.000325355    -0.000377065
     -2.9389e-05    -4.51309e-05
     -9.7085e-05    -9.45628e-05
    -0.000360089    -0.000397784
     -1.0992e-05    -2.09198e-05
    -0.000578689    -0.000559139
     -1.4312e-05    -1.77582e-05
      -0.0012321      -0.0010472
     -8.3621e-05    -0.000118765
    -0.000139694    -9.94554e-05
     -1.6591e-05    -2.66984e-05
    -0.000125785    -0.000187642
     -1.4391e-05    -3.66379e-05
    -0.000149792    -9.35892e-05
     -1.7859e-05     -3.3198e-05
     -9.8422e-05     -0.00010796
    -0.000295511     -0.00032961
      -1.983e-05    -3.04109e-05
    -0.000218845    -0.000297589
     -2.0403e-05    -5.20796e-05
     -0.00157837     -0.00114688
    -0.000106211    -0.000119802
      -7.682e-06    -1.65063e-05
     -0.00040676     -0.00033192
    -0.000556926    -0.000558639
     -1.4517e-05    -2.60553e-05
     -3.1796e-05    -5.50852e-05
      -1.049e-05    -2.52875e-05
      -3.489e-05    -5.62361e-05
      -7.177e-06    -1.29522e-05
      -6.038e-06    -1.58286e-05
      -3.842e-06      -8.061e-06
     -6.9632e-05    -7.21701e-05
     -3.4725e-05    -4.34124e-05
     -6.1885e-05    -8.95925e-05
     -2.4422e-05     -4.0391e-05
    -0.000121863    -0.000169766
       -7.12e-06    -1.37657e-05
     -7.2534e-05    -0.000102471
    -0.000475913     -0.00049642
      -5.705e-06    -1.26219e-05
     -4.1011e-05    -3.54428e-05
    -0.000312982    -0.000282676
    -0.000291407    -0.000345607
    -0.000198118    -0.000200871
    -0.000217561    -0.000229229
     -1.8841e-05    -2.45262e-05
       -9.29e-06    -1.40153e-05
     -8.5245e-05    -0.000145611
      -4.713e-05    -1.73252e-05
      -2.408e-05    -4.65745e-05
    -0.000626268    -0.000420803
      -7.855e-06    -1.21827e-05
    -0.000227924    -0.000231243
      -6.684e-05    -9.28024e-05
     -8.4837e-05    -8.39117e-05
     -2.9823e-05    -5.96375e-05
     -1.1081e-05    -1.90243e-05
     -5.4455e-05    -5.43602e-05
     -5.3437e-05    -6.45324e-05
      -8.247e-06    -1.67241e-05
     -0.00137466     -0.00110366
      -9.294e-06    -9.84453e-06
    -0.000238912    -9.48198e-05
     -3.5232e-05    -4.57388e-05
     -9.3689e-05     -5.2399e-05
    -0.000408475     -0.00034668
    -0.000537723    -0.000358462
    -0.000278284    -0.000410033
     -3.0787e-05    -3.84163e-05
    -0.000502335    -0.000517936
      -4.394e-05    -6.82385e-05
    -0.000381672     -0.00043312
    -0.000347095    -0.000261628
     -0.00035194    -0.000247427
    -0.000247214    -0.000241001
    -0.000783487    -0.000630981
     -4.7498e-05    -3.05683e-05
     -7.8099e-05     -0.00011257
     -2.4015e-05    -4.76015e-05
    -0.000317006    -0.000365177
    -0.000427056    -0.000500627
    -0.000147333    -0.000143888
     -3.4364e-05    -4.87875e-05
      -2.732e-06    -1.03654e-05
    -0.000174095    -0.000202766
    -0.000919818    -0.000506771
    -0.000219117    -0.000180229
    -0.000374498    -0.000290265
    -0.000866867    -0.000857497
    -0.000712492    -0.000515379
     -1.9978e-05    -2.92828e-05
      -0.0014482     -0.00171314
     -4.5486e-05    -4.76409e-05
       -4.78e-06    -9.65986e-06
     -0.00131585     -0.00101813
    -0.000122785    -0.000140871
    -0.000167221     -0.00014175
     -1.2655e-05    -9.53079e-06
    -0.000188276    -0.000194304
     -0.00135559     -0.00143256
    -0.000376699    -0.000426114
      -9.076e-06    -1.25923e-05
     -5.2616e-05    -7.06277e-05
    -0.000845186    -0.000925078
     -1.5892e-05    -3.14709e-05
    -0.000269184     -0.00020518
     -9.2696e-05    -0.000127418
       -9.19e-06    -1.73949e-05
     -5.6079e-05    -5.60949e-05
    -0.000956883     -0.00091023
     -1.7314e-05    -3.24587e-05
     -8.2908e-05    -0.000110831
     -0.00146306     -0.00181308
      -6.286e-06    -1.18076e-05
       -2.37e-05    -3.51106e-05
     -2.3775e-05    -3.95609e-05
     -7.6647e-05    -7.62076e-05
     -1.4966e-05    -2.25287e-05
     -2.3477e-05    -3.84784e-05
     -1.0509e-05    -3.56575e-07
    -0.000116468    -0.000141429
     -6.2887e-05    -0.000103059
      -0.0008076    -0.000929481
    -0.000417963    -0.000501126
    -0.000999309    -0.000947933
      -5.162e-06    -2.77674e-06
      -7.439e-05    -7.74737e-05
      -6.548e-06    -1.10078e-05
    -0.000731572    -0.000728147
    -0.000118689    -0.000172625
    -0.000110763    -0.000114861
     -0.00023784    -0.000152087
    -0.000116901     -0.00010591
     -4.5802e-05    -6.72022e-05
    -0.000399927    -0.000243417
    -0.000927137    -0.000621111
      -3.781e-06    -6.22759e-06
     -0.00100026    -0.000933154
    -0.000321928    -0.000363015
    -0.000115859    -0.000116587
    -0.000482962    -0.000311092
      -7.289e-05    -0.000127283
     -6.3371e-05    -9.95797e-05
     -1.0359e-05    -3.63481e-06
    -0.000143276    -0.000106149
     -0.00134572     -0.00123719
      -7.352e-06    -1.53615e-05
     -5.9482e-05    -3.33072e-05
      -3.421e-05    -4.73622e-05
     -7.4301e-05    -5.34094e-05
     -1.8973e-05    -3.03901e-05
    -0.000236065     -0.00037122
     -2.1702e-05    -4.25921e-05
     -1.2366e-05    -2.67707e-05
    -0.000170547    -0.000183723
      -6.703e-05    -9.28101e-05
       -3.79e-06    -4.00118e-06
     -4.7924e-05    -3.72108e-05
    -0.000113964    -0.000141422
     -1.6264e-05    -6.21749e-06
     -8.8456e-05     -0.00014941
     -2.6734e-05    -6.09332e-05
     -1.4532e-05    -1.33323e-05
      -6.284e-06    -1.70692e-05
    -0.000477526    -0.000448513
      -8.601e-05    -0.000103324
     -3.0481e-05    -3.30331e-05
    -0.000179677    -0.000191478
     -1.2191e-05    -2.12614e-05
    -0.000716642     -0.00049701
      -6.652e-05    -8.51971e-05
    -0.000174341    -0.000198962
    -0.000136799    -0.000181846
      -6.273e-05    -4.44705e-05
    -0.000276525    -0.000259403
     -3.4969e-05    -5.41896e-05
    -0.000515643    -0.000477538
      -6.384e-06    -1.04253e-05
     -0.00134727     -0.00175977
      -7.607e-06    -1.51178e-05
    -0.000385973    -0.000356368
      -8.292e-06    -1.86565e-05
     -0.00105903    -0.000960618
    -0.000647934    -0.000399587
     -2.3643e-05    -4.19549e-05
     -7.2197e-05    -0.000112916
    -0.000629045    -0.000546729
    -0.000230105    -0.000175525
     -1.1349e-05    -2.21908e-05
    -0.000430685    -0.000430519
      -5.139e-05    -7.22138e-05
     -0.00140133     -0.00140614
     -3.8513e-05    -7.66677e-05
     -7.3671e-05    -7.39778e-05
       -4.68e-06    -1.38826e-05
      -6.284e-05    -0.000124163
     -1.2581e-05    -1.98932e-05
      -3.244e-06    -2.02652e-06
       -1.72e-06    -7.93182e-06
    -0.000234231    -0.000158103
    -0.000393647    -0.000555259
    -0.000662026    -0.000795335
     -2.0742e-05    -3.69352e-05
      -2.264e-05    -5.34798e-05
    -0.000947571    -0.000674326
    -0.000321119    -0.000449556
     -9.5793e-05    -0.000108532
              -0    -7.76746e-07
     -9.1605e-05    -0.000117081
     -4.7738e-05    -3.37267e-05
     -1.4988e-05    -2.45116e-05
    -0.000105979    -0.000112442
      -2.699e-06    -3.38988e-06
     -0.00153962     -0.00130654
    -0.000515091    -0.000422201
      -8.471e-06    -2.69818e-05
     -0.00013293    -0.000144974
     -1.1802e-05    -3.35615e-05
    -0.000202732    -0.000221954
     -0.00122989    -0.000893095
    -0.000306773    -0.000356757
       -4.11e-06    -1.12045e-05
     -0.00112193     -0.00129878
      -1.276e-06    -4.74115e-06
    -0.000926723    -0.000494582
     -5.5512e-05    -0.000105233
     -2.0388e-05    -2.58071e-05
     -0.00131495    -0.000992169
      -5.854e-05    -9.48769e-05
    -0.000132658    -0.000160846
     -2.6529e-05    -5.45513e-05
    -0.000193363    -0.000257901
     -1.2372e-05    -1.34222e-05
     -3.3644e-05    -5.38209e-05
     -2.1398e-05    -3.32298e-05
    -0.000814357    -0.000599504
     -4.4921e-05     -7.8251e-05
     -1.4233e-05    -9.55648e-06
     -1.3902e-05    -2.64401e-05
     -1.3958e-05    -3.10249e-05
    -0.000328382    -0.000250806
    -0.000490445    -0.000392881
     -2.6313e-05    -3.53782e-05
    -0.000348139    -0.000165248
       -3.18e-06     -3.3658e-06
    -0.000766367    -0.000667712
    -0.000220244    -0.000229142
    -0.000430176    -0.000598697
     -1.4954e-05    -7.46115e-06
     -9.9637e-05    -9.23003e-05
    -0.000365146    -0.000338603
    -0.000357145    -0.000251201
    -0.000861716     -0.00119096
     -2.4627e-05    -1.69044e-05
     -1.7267e-05    -2.55917e-05
    -0.000351406    -0.000450754
    -0.000555446    -0.000316515
    -0.000281439    -0.000291924
     -0.00135815     -0.00116043
    -0.000188541    -0.000217579
      -2.072e-06    -3.50167e-06
    -0.000891561    -0.000969697
     -2.3585e-05    -4.24858e-05
     -0.00150389     -0.00197379
    -0.000827864    -0.000990963
    -0.000739549    -0.000848824
      -1.804e-05    -4.16189e-05
     -2.6784e-05    -4.18893e-05
     -7.7977e-05     -4.6931e-05
     -6.7038e-05    -9.09723e-05
       -2.34e-05    -4.41447e-05
     -0.00063114    -0.000527018
      -4.511e-06    -5.28106e-06
    -0.000121917    -0.000108613
       -3.31e-07    -3.82339e-07
     -2.4227e-05    -4.07344e-05
     -2.1324e-05    -3.05268e-05
    -0.000142313     -0.00013146
    -0.000119279    -0.000108762
     -1.0161e-05    -1.71469e-05
    -0.000693985    -0.000711539
     -1.9328e-05    -3.67427e-05
     -1.7815e-05    -3.35329e-05
     -3.9069e-05    -8.15672e-05
      -1.081e-06    -7.24997e-06
    -0.000719552    -0.000367886
    -0.000613459    -0.000567971
    -0.000126436    -0.000134641
      -2.834e-06    -8.21226e-06
    -0.000352598    -0.000249425
    -0.000313352    -0.000366807
      -9.356e-06    -1.67511e-05
     -1.9433e-05    -1.26953e-05
     -7.8907e-05    -0.000125731
    -0.000188724    -0.000113454
     -4.9174e-05    -3.29026e-05
    -0.000153144     -0.00015097
     -5.0915e-05    -5.73679e-05
     -0.00116064     -0.00138595
     -7.5081e-05    -0.000100278
      -4.563e-06     -1.2515e-05
    -0.000265588    -0.000252607
    -0.000154019    -0.000191931
    -0.000656391    -0.000632513
    -0.000473626    -0.000545414
        -3.4e-06    -1.65387e-05
    -0.000623259    -0.000414214
    -0.000126538    -0.000188795
        9.73e-07     3.30631e-06
    -0.000129506    -0.000184241
    -0.000363188    -0.000453061
     -9.7419e-05    -7.03667e-05
    -0.000290614    -0.000290895
     -7.1408e-05    -0.000102432
    -0.000505697    -0.000435985
     -1.2704e-05    -2.07945e-05
    -0.000188323    -0.000221501
     -2.4262e-05    -3.88848e-05
     -0.00162884     -0.00149643
     -7.2934e-05    -0.000115564
     -4.1419e-05    -6.89708e-05
      -6.703e-06    -1.91509e-05
     -2.4358e-05    -3.04729e-05
    -0.000227112    -0.000277598
     -0.00120079    -0.000767135
     -4.0986e-05     -1.4966e-05
     -1.7901e-05    -3.58323e-05
     -3.5988e-05    -3.79802e-05
     -2.9834e-05    -3.77195e-05
     -1.1207e-05    -2.79693e-05
     -1.0793e-05    -1.84688e-05
     -0.00122445    -0.000954309
    -0.000783718    -0.000681669
      -8.238e-06    -1.84764e-05
    -0.000333268    -0.000356067
     -8.9358e-05    -0.000115885
     -3.3411e-05    -1.12513e-05
     -9.8946e-05     -0.00011429
     -0.00088107    -0.000562018
     -1.3331e-05    -2.87514e-05
     -3.5138e-05    -2.65945e-05
     -6.8004e-05    -0.000101728
    -0.000160785    -0.000258744
      -7.292e-06    -1.18664e-05
     -4.9741e-05     -9.0813e-05
    -0.000435578    -0.000418082
     -2.1698e-05    -4.06697e-05
    -0.000173861    -0.000253809
     -6.6109e-05    -7.66403e-05
    -0.000338535    -0.000445056
     -3.3826e-05    -4.19101e-05
      -9.747e-05    -0.000117467
     -0.00151254     -0.00119861
    -0.000743253    -0.000889326
     -4.8264e-05    -7.72862e-05
     -4.8867e-05    -8.02824e-05
       -1.34e-05    -2.87861e-05
     -1.4924e-05    -3.43228e-05
     -3.9198e-05    -4.70104e-05
    -0.000125839    -0.000153757
      -5.981e-06    -1.34171e-05
