QM Energy	FF Energy
    -0.000555903     -0.00063163
    -0.000308114    -0.000329253
     -3.1958e-05     -4.5367e-05
    -0.000516351    -0.000517501
     -2.5258e-05    -3.56553e-05
     -2.9517e-05    -2.78358e-05
     -5.2945e-05    -6.07026e-05
     -1.2241e-05    -2.05558e-05
    -0.000871203    -0.000907119
     -8.7691e-05     -0.00011431
    -0.000276975    -0.000293134
    -0.000167014    -0.000184506
      -9.297e-05    -0.000107312
    -0.000140291     -0.00016781
     -7.8099e-05    -0.000101483
    -0.000340946    -0.000415319
    -0.000787405    -0.000816403
    -0.000264753    -0.000266374
    -0.000138877    -0.000173318
    -0.000271188      -0.0002564
     -1.6817e-05    -2.55593e-05
     -0.00124889     -0.00122387
     -2.4764e-05    -3.83634e-05
    -0.000564646     -0.00061205
      -0.0002131    -0.000250561
     -0.00145678     -0.00126527
     -0.00047545    -0.000486968
     -3.7308e-05    -4.55047e-05
     -1.2883e-05    -1.94793e-05
    -0.000727922    -0.000729936
    -0.000143959    -0.000168967
    -0.000352995    -0.000366326
     -0.00212508     -0.00221286
      -0.0014158     -0.00124626
    -0.000500627    -0.000539966
    -0.000330575    -0.000449867
      -0.0002262    -0.000254769
     -3.0991e-05    -3.86885e-05
    -0.000116141    -0.000155195
     -0.00025764    -0.000254039
     -5.0343e-05    -5.94279e-05
    -0.000100059    -0.000151972
    -0.000512361    -0.000494895
     -0.00123241     -0.00122217
     -1.8603e-05    -2.56572e-05
     -2.8561e-05    -3.81555e-05
    -0.000201664    -0.000204465
    -0.000206575    -0.000180902
     -0.00091902      -0.0008978
     -3.8171e-05    -5.22707e-05
    -0.000628844    -0.000615233
     -7.1061e-05    -8.82707e-05
     -4.0003e-05    -5.42725e-05
     -0.00112707     -0.00107366
    -0.000769002    -0.000645553
     -0.00107996     -0.00105633
    -0.000688609    -0.000750401
    -0.000584401     -0.00061363
     -0.00106604     -0.00102344
     -9.8415e-05    -0.000131854
     -3.2843e-05    -4.69583e-05
    -0.000342483     -0.00035372
     -0.00123669     -0.00127999
     -1.3145e-05    -1.77191e-05
     -8.3145e-05     -0.00010503
     -2.2956e-05    -2.94657e-05
     -4.1835e-05    -4.99959e-05
     -3.5673e-05    -5.05301e-05
    -0.000177517    -0.000198035
     -0.00204024      -0.0018702
    -0.000372107    -0.000432522
     -3.4983e-05    -5.53844e-05
    -0.000161376    -0.000178227
    -0.000221209    -0.000258353
    -0.000548921    -0.000560436
     -3.1336e-05    -4.75672e-05
    -0.000252627    -0.000299081
    -0.000542653    -0.000599874
     -1.4497e-05    -2.03062e-05
    -0.000864208    -0.000943599
     -8.4117e-05     -0.00011141
    -0.000165088    -0.000220434
    -0.000260084    -0.000265987
     -2.2542e-05    -3.63549e-05
     -0.00132717     -0.00118337
     -3.5868e-05    -4.27237e-05
    -0.000748931    -0.000734802
     -5.6673e-05    -7.69056e-05
    -0.000238428    -0.000277435
     -6.3868e-05    -8.82359e-05
     -7.8599e-05    -0.000103436
     -0.00112539     -0.00105331
     -3.6322e-05    -4.55123e-05
     -8.0143e-05    -8.65238e-05
     -9.7915e-05    -0.000137228
     -8.2318e-05    -0.000111235
     -0.00109968     -0.00111154
     -1.1437e-05    -2.59962e-05
    -0.000609617    -0.000479732
     -1.1739e-05    -1.79688e-05
      -8.573e-06    -1.24937e-05
    -0.000558953    -0.000558314
    -0.000126975    -0.000150802
    -0.000106919    -0.000137704
     -2.9005e-05    -3.66694e-05
     -4.5709e-05    -5.85962e-05
      -0.0001919    -0.000194741
    -0.000347686    -0.000373045
    -0.000137878    -0.000159389
    -0.000561752    -0.000654496
     -1.7969e-05    -2.56721e-05
     -6.2207e-05    -7.33963e-05
     -0.00173607     -0.00176893
     -4.2942e-05    -6.21806e-05
    -0.000497213     -0.00051516
     -2.9615e-05    -3.35942e-05
     -9.5738e-05    -0.000105668
     -0.00180259     -0.00231654
     -2.9457e-05    -3.85346e-05
     -0.00131113     -0.00122381
     -5.3101e-05    -7.35117e-05
    -0.000625019    -0.000672569
    -0.000714293    -0.000639939
     -0.00046603    -0.000488926
    -0.000395136    -0.000447027
     -1.7123e-05     -2.8556e-05
     -0.00102338    -0.000961695
     -1.4383e-05    -2.42146e-05
    -0.000422029    -0.000443101
    -0.000134458    -0.000131077
      -0.0011074     -0.00108844
    -0.000845346    -0.000831241
      -6.515e-06    -1.17549e-05
    -0.000103757    -0.000130911
    -0.000190901    -0.000212009
     -2.0029e-05    -3.26268e-05
     -8.3792e-05    -0.000117633
     -0.00115621     -0.00111578
      -3.102e-05    -4.50475e-05
    -0.000849586    -0.000800541
       -6.64e-05    -9.79295e-05
     -0.00124459     -0.00127634
     -0.00031752    -0.000399173
     -1.5964e-05    -2.18045e-05
    -0.000270109    -0.000309966
    -0.000264644    -0.000294819
    -0.000199171    -0.000263351
     -4.7416e-05     -6.3107e-05
    -0.000241341    -0.000314835
     -0.00132237     -0.00143496
     -0.00045669    -0.000510675
    -0.000100493    -0.000126328
     -2.0187e-05    -3.27576e-05
    -0.000397105     -0.00045842
     -0.00122153     -0.00121775
     -5.4993e-05    -6.97142e-05
     -6.6948e-05    -9.09664e-05
     -0.00129994     -0.00150546
    -0.000160555    -0.000207447
     -3.9285e-05    -4.06637e-05
    -0.000477999    -0.000535577
     -5.9417e-05    -8.08812e-05
     -0.00196369     -0.00188666
     -3.3905e-05    -5.00467e-05
     -4.8724e-05    -6.53265e-05
    -0.000161388    -0.000210081
    -0.000484601    -0.000497426
     -0.00154009       -0.001641
     -0.00011483    -0.000128666
     -0.00118457     -0.00118285
     -6.5922e-05    -8.32272e-05
     -5.5388e-05    -5.73968e-05
      -3.916e-05    -5.88384e-05
     -3.4853e-05    -5.08249e-05
     -0.00186862     -0.00169883
    -0.000184293    -0.000205919
    -0.000134688    -0.000125298
     -1.7389e-05     -2.6254e-05
      -3.456e-06    -7.68901e-06
     -9.7819e-05    -0.000140756
     -0.00116191     -0.00109513
    -0.000662779    -0.000686109
     -3.0151e-05    -4.34026e-05
     -0.00184045     -0.00179064
     -0.00137535     -0.00135758
     -2.1495e-05    -2.83192e-05
     -2.3415e-05    -1.98322e-05
    -0.000739125    -0.000799871
     -2.4816e-05    -4.00889e-05
    -0.000491277    -0.000486127
    -0.000328609    -0.000344305
      -4.733e-05    -6.56854e-05
    -0.000115556    -0.000132261
     -8.7981e-05    -0.000102343
    -0.000181516     -0.00019321
     -0.00121142     -0.00114064
    -0.000111275     -0.00015314
    -0.000183531    -0.000157766
     -7.7897e-05    -0.000104114
     -0.00111841     -0.00107854
     -0.00152262     -0.00176324
    -0.000275526    -0.000317617
     -0.00114396     -0.00121056
     -1.3158e-05    -1.82899e-05
    -0.000202209     -0.00022548
     -0.00030974    -0.000350994
     -1.4236e-05     -1.7517e-05
    -0.000561116    -0.000554765
     -3.7718e-05    -5.43568e-05
     -0.00171028      -0.0015973
    -0.000266923    -0.000317804
     -2.8036e-05     -3.8688e-05
     -0.00111881     -0.00109388
    -0.000262323    -0.000280825
    -0.000610204     -0.00059993
     -2.4241e-05    -2.39414e-05
      -2.408e-05    -4.13257e-05
     -9.3342e-05    -0.000115671
     -3.6766e-05    -5.40822e-05
    -0.000407955    -0.000491736
     -0.00140222     -0.00133175
     -6.6239e-05    -9.84925e-05
    -0.000233944    -0.000246998
      -9.381e-05    -0.000103541
    -0.000393291    -0.000433496
     -0.00191086     -0.00174098
    -0.000342023    -0.000311828
     -2.4954e-05        -3.9e-05
    -0.000416723    -0.000391889
    -0.000482921    -0.000532327
    -0.000163576    -0.000188105
     -4.2036e-05     -6.4833e-05
    -0.000387826    -0.000391864
     -3.2489e-05    -3.30198e-05
     -0.00179455     -0.00177407
     -5.7603e-05    -7.91702e-05
     -0.00133996      -0.0013017
    -0.000113289    -0.000150029
     -4.5649e-05    -5.78199e-05
    -0.000594194    -0.000584022
     -5.5715e-05    -8.05454e-05
     -0.00134069     -0.00125203
     -0.00157936     -0.00148313
      -0.0010528      -0.0011075
    -0.000193431    -0.000225605
     -1.5185e-05    -2.51508e-05
    -0.000364778    -0.000400675
    -0.000891873    -0.000661238
    -0.000111137    -0.000134502
    -0.000259114    -0.000312016
     -1.6297e-05    -2.83493e-05
    -0.000129392    -0.000177998
      -0.0011472     -0.00117498
      -7.603e-05    -0.000110995
     -0.00158989     -0.00151847
    -0.000292425    -0.000338315
    -0.000893915    -0.000854985
    -0.000105479    -0.000131828
     -2.5792e-05    -4.08824e-05
    -0.000628699    -0.000630608
     -0.00180474     -0.00187832
    -0.000121636    -0.000107622
     -7.3054e-05     -0.00010201
    -0.000763211    -0.000806957
     -0.00143813     -0.00113675
     -0.00142485     -0.00153002
    -0.000989518     -0.00096896
     -4.3545e-05    -6.42081e-05
     -0.00108052     -0.00113439
     -0.00135383     -0.00131856
    -0.000606364    -0.000537752
    -0.000279634    -0.000344347
     -8.5822e-05    -0.000106947
    -0.000503573    -0.000507861
     -1.4981e-05    -1.80175e-05
    -0.000129502    -0.000133743
    -0.000426199    -0.000448017
    -0.000639248    -0.000682995
    -0.000699603    -0.000712958
     -5.2945e-05     -7.2815e-05
     -0.00224778      -0.0020013
    -0.000110785    -0.000112978
      -6.639e-05    -7.95782e-05
     -3.4304e-05    -5.13421e-05
    -0.000137803    -0.000180668
     -3.7029e-05    -5.56992e-05
    -0.000150192    -0.000189544
     -0.00122543     -0.00115219
    -0.000176558    -0.000219489
     -5.2435e-05    -7.77904e-05
     -0.00107136     -0.00117323
     -5.9103e-05    -7.30571e-05
    -0.000629797    -0.000663481
    -0.000203975    -0.000234237
     -3.1453e-05    -4.23205e-05
     -1.9368e-05    -3.04869e-05
     -0.00119687     -0.00112034
    -0.000161682    -0.000186819
    -0.000279497    -0.000322265
    -0.000456495    -0.000474783
     -0.00123399     -0.00129687
     -2.9421e-05    -3.55502e-05
    -0.000381875    -0.000428924
    -0.000191357    -0.000212244
     -3.9777e-05    -5.43849e-05
      -9.614e-06    -1.70053e-05
     -8.8095e-05    -0.000126436
      -8.505e-06    -1.14161e-05
     -2.1854e-05    -3.43237e-05
     -4.1621e-05    -5.19503e-05
    -0.000116119    -0.000140613
    -0.000620036    -0.000621049
    -0.000204323    -0.000248459
     -3.2453e-05    -5.20356e-05
    -0.000197058    -0.000216282
     -0.00178027     -0.00169572
     -3.8141e-05    -3.51564e-05
     -0.00013841     -0.00015512
     -2.2561e-05    -3.83692e-05
    -0.000530729    -0.000583416
    -0.000117669    -0.000152316
     -0.00164756     -0.00171197
     -6.6143e-05    -7.97106e-05
    -0.000656892     -0.00061807
     -6.9533e-05     -7.8688e-05
      -9.132e-05    -8.18519e-05
     -3.6672e-05    -5.03969e-05
     -3.8612e-05    -4.88197e-05
     -0.00047299    -0.000491435
     -0.00212089     -0.00216424
      -2.895e-05    -4.28799e-05
     -4.5084e-05    -6.90312e-05
     -8.5639e-05    -0.000112399
     -4.5099e-05     -6.1661e-05
    -0.000241338    -0.000261705
    -0.000472472    -0.000470345
     -4.1941e-05    -5.68053e-05
     -1.4926e-05    -2.46163e-05
    -0.000117557    -0.000157389
     -0.00116503     -0.00107549
    -0.000208535    -0.000233682
     -4.0985e-05     -5.9057e-05
     -0.00111924     -0.00108945
     -3.7629e-05    -4.34973e-05
     -0.00151606     -0.00158469
     -7.3414e-05    -0.000100184
     -0.00230676     -0.00241016
    -0.000559342    -0.000601442
    -0.000749835    -0.000652851
    -0.000305424    -0.000308369
    -0.000508738    -0.000573527
     -0.00189506     -0.00195691
    -0.000278552    -0.000338547
     -2.1062e-05    -3.10076e-05
     -0.00130835     -0.00123672
     -0.00220475     -0.00248483
    -0.000807422    -0.000779353
     -1.9635e-05    -3.29991e-05
     -0.00027312    -0.000292081
     -7.3061e-05    -8.84979e-05
    -0.000890779    -0.000950989
    -0.000153184    -0.000176254
    -0.000552338    -0.000563961
    -0.000156879    -0.000176884
    -0.000264616    -0.000243554
    -0.000499424    -0.000524583
     -7.6442e-05    -0.000106334
      -1.925e-05     -3.0039e-05
    -0.000176259    -0.000206153
    -0.000424912    -0.000437771
    -0.000418335     -0.00044282
     -2.2212e-05    -3.03684e-05
     -3.7656e-05    -3.69121e-05
     -4.1584e-05    -3.80603e-05
     -0.00101505    -0.000992112
    -0.000100251    -0.000114209
    -0.000113207    -0.000153046
    -0.000510163    -0.000569776
      -3.004e-05    -4.63697e-05
    -0.000130926    -0.000161407
    -0.000280659    -0.000303822
      -2.181e-05    -2.43192e-05
     -1.4886e-05    -2.34223e-05
     -1.5918e-05    -2.49185e-05
     -3.8951e-05    -5.65509e-05
    -0.000377336    -0.000421535
     -2.4543e-05    -3.73577e-05
     -7.5067e-05    -8.78346e-05
     -5.0523e-05    -7.19371e-05
     -0.00113417     -0.00113928
    -0.000380389    -0.000409363
    -0.000206989    -0.000236893
     -3.0593e-05    -4.55909e-05
    -0.000149905    -0.000169938
    -0.000158435    -0.000210266
     -1.7281e-05    -2.61571e-05
    -0.000197621    -0.000218815
    -0.000927726    -0.000918053
    -0.000418719    -0.000404412
    -0.000226412    -0.000256297
     -0.00170587     -0.00171105
     -0.00039123    -0.000425903
    -0.000815331    -0.000846768
      -5.555e-05    -7.69505e-05
    -0.000129644    -0.000148166
     -0.00268914     -0.00249015
    -0.000929501    -0.000881704
    -0.000990972     -0.00099559
    -0.000476407     -0.00049578
    -0.000143583    -0.000182278
    -0.000840577    -0.000973112
    -0.000381471     -0.00039718
    -0.000752284    -0.000837576
    -0.000520153    -0.000589893
    -0.000419179    -0.000423039
    -0.000516482    -0.000552138
     -0.00143077     -0.00125369
    -0.000403506    -0.000424402
     -0.00114176     -0.00113136
     -2.5129e-05    -4.07211e-05
      -6.267e-05    -6.84182e-05
    -0.000153467    -0.000174953
    -0.000799131    -0.000771899
     -0.00120221     -0.00113902
      -0.0016766     -0.00143517
     -1.9786e-05    -3.10166e-05
      -4.759e-06    -8.57836e-06
    -0.000345918    -0.000386395
    -0.000330598    -0.000375571
     -1.0418e-05    -1.30722e-05
    -0.000340654     -0.00032233
    -0.000312462    -0.000312844
     -2.6591e-05    -3.65719e-05
     -1.4808e-05    -1.73705e-05
    -0.000660679    -0.000639967
     -0.00149347     -0.00132354
    -0.000135687    -0.000164809
     -9.1588e-05    -0.000100186
      -3.948e-05    -5.40045e-05
     -1.1545e-05    -1.70389e-05
       -8.52e-06    -1.17332e-05
     -0.00135543     -0.00134894
    -0.000441966    -0.000536274
    -0.000131898    -0.000136328
      -0.0020027     -0.00227023
     -1.2655e-05    -1.72166e-05
    -0.000549082    -0.000532641
     -2.2682e-05    -3.07108e-05
    -0.000619649     -0.00058352
     -0.00143535     -0.00137779
     -6.8346e-05    -8.19619e-05
     -2.1997e-05    -3.24154e-05
      -0.0001696    -0.000206465
     -0.00132192     -0.00121252
     -3.1505e-05    -4.07988e-05
    -0.000312911    -0.000347225
     -9.6149e-05    -0.000123646
    -0.000416341    -0.000394544
     -5.6332e-05    -8.58706e-05
    -0.000612605    -0.000513497
    -0.000895944     -0.00102909
     -0.00270054      -0.0026291
     -0.00040783    -0.000459548
    -0.000700697    -0.000698019
     -0.00057547    -0.000598607
      -4.139e-05    -6.14016e-05
      -0.0014262     -0.00143447
     -0.00153331     -0.00150182
     -0.00119977     -0.00117624
    -0.000110179    -0.000130443
     -2.9301e-05    -3.69094e-05
    -0.000185028    -0.000209197
     -2.8356e-05    -4.78604e-05
      -8.329e-05    -0.000100082
    -0.000858935    -0.000768844
     -0.00106288      -0.0010419
     -0.00132069     -0.00127377
    -0.000115356    -0.000129004
     -2.7213e-05    -3.59023e-05
     -8.4465e-05    -9.93743e-05
    -0.000856205    -0.000892622
       -0.000744     -0.00067567
    -0.000240711    -0.000260329
     -4.2015e-05    -6.09769e-05
     -0.00107024     -0.00102226
     -6.7187e-05    -8.34332e-05
    -0.000867523    -0.000863184
    -0.000152131    -0.000183854
    -0.000895014    -0.000909493
    -0.000121523    -0.000131636
     -7.6189e-05    -0.000104071
     -2.8354e-05    -4.60924e-05
    -0.000940219    -0.000820411
     -7.8882e-05    -0.000124763
    -0.000179739    -0.000212379
     -2.0475e-05    -3.22458e-05
    -0.000462229    -0.000385335
     -0.00024465    -0.000259295
     -0.00104439    -0.000975799
    -0.000136109    -0.000143012
    -0.000738698    -0.000655907
    -0.000397266    -0.000407951
    -0.000271252    -0.000309004
     -0.00184111     -0.00180704
     -0.00101368    -0.000988699
    -0.000957627    -0.000972021
    -0.000320227    -0.000377115
    -0.000207549    -0.000242935
     -2.2146e-05    -3.46114e-05
     -6.4298e-05    -8.94985e-05
    -0.000223034    -0.000255718
     -2.1598e-05    -3.01374e-05
     -1.7325e-05    -2.47284e-05
     -0.00112063     -0.00103847
    -0.000584215    -0.000497024
     -0.00069227    -0.000676426
    -0.000137188    -0.000173959
    -0.000888944    -0.000835537
     -0.00153346     -0.00171283
      -7.621e-06    -1.26669e-05
     -0.00065372    -0.000724087
     -0.00142802     -0.00135817
     -7.0342e-05    -0.000104699
     -1.4819e-05    -1.91962e-05
     -9.4389e-05    -0.000109148
    -0.000746406    -0.000697734
    -0.000508311    -0.000507891
     -0.00101793    -0.000920901
     -4.9012e-05    -6.90222e-05
    -0.000160482    -0.000188769
     -3.2889e-05    -4.65502e-05
      -9.299e-06    -1.35347e-05
     -2.0065e-05    -2.45288e-05
     -0.00128949     -0.00130311
     -5.0012e-05    -6.58724e-05
    -0.000683345    -0.000624505
     -0.00110928     -0.00131707
     -1.3387e-05    -1.84441e-05
     -4.4756e-05    -6.05427e-05
     -5.1784e-05    -4.90185e-05
     -3.8653e-05    -6.15426e-05
    -0.000146094    -0.000168025
    -0.000357931    -0.000379118
     -9.1966e-05    -0.000106049
    -0.000154309    -0.000194557
      -3.241e-05    -4.44363e-05
     -0.00032215    -0.000353992
     -0.00141812     -0.00138729
     -8.4395e-05     -9.8802e-05
    -0.000747559    -0.000796234
     -0.00100531     -0.00113592
     -2.5793e-05    -4.06949e-05
    -0.000209156    -0.000244119
    -0.000702201    -0.000613249
     -2.2449e-05    -3.71881e-05
    -0.000161195    -0.000185559
     -0.00120298     -0.00102675
    -0.000118281    -0.000135231
    -0.000102837    -0.000121803
     -1.6074e-05    -2.73504e-05
     -2.1406e-05    -3.38353e-05
    -0.000377359    -0.000372726
     -2.1296e-05    -2.86305e-05
     -2.1646e-05    -2.45089e-05
    -0.000254955    -0.000205953
    -0.000469347    -0.000497928
    -0.000174501    -0.000220437
     -2.1284e-05    -2.99948e-05
     -0.00164621     -0.00186382
    -0.000149864    -0.000166944
    -0.000109261    -0.000105559
     -4.1177e-05    -6.28072e-05
    -0.000369364    -0.000381743
      -1.042e-05    -1.37778e-05
     -0.00163428     -0.00154263
     -7.2599e-05      -9.373e-05
    -0.000314429    -0.000385925
     -3.1296e-05    -3.87897e-05
      -0.0014114     -0.00125486
    -0.000142405    -0.000163603
    -0.000726926    -0.000707652
     -0.00152948     -0.00133524
     -3.0428e-05    -4.06591e-05
     -8.8777e-05    -9.23118e-05
    -0.000752428    -0.000739525
       -0.001858     -0.00189071
      -2.708e-05    -3.75139e-05
    -0.000803717    -0.000717535
    -0.000117449    -0.000142455
    -0.000188555     -0.00020657
     -2.8128e-05     -3.1269e-05
     -0.00156055     -0.00163103
     -1.5655e-05    -2.51879e-05
     -6.8401e-05    -8.61532e-05
    -0.000157913    -0.000203005
     -0.00133413     -0.00145977
    -0.000818755    -0.000753914
     -0.00049704    -0.000603931
     -3.6187e-05    -4.90907e-05
    -0.000733807    -0.000791502
    -0.000198604    -0.000227651
    -0.000253941    -0.000254172
     -0.00030842    -0.000342244
     -3.9104e-05    -5.86695e-05
     -1.7958e-05    -2.13476e-05
     -0.00159194     -0.00150872
    -0.000810274    -0.000830535
    -0.000184542    -0.000227106
     -6.4868e-05    -9.10447e-05
      -7.198e-06    -1.13166e-05
     -0.00100154    -0.000814185
     -0.00175823     -0.00167839
     -7.2155e-05    -9.03293e-05
     -0.00113937      -0.0010306
     -2.2115e-05    -3.40179e-05
     -1.2552e-05    -1.92662e-05
     -8.7826e-05    -0.000109457
     -1.9477e-05    -2.68411e-05
     -0.00147938      -0.0015037
    -0.000381626    -0.000474343
     -7.2414e-05    -9.16776e-05
    -0.000987582    -0.000947752
    -0.000292893    -0.000323233
     -9.2498e-05    -0.000128444
     -0.00263748     -0.00260576
     -0.00131379     -0.00125022
    -0.000120746    -0.000157543
     -1.5127e-05    -1.75037e-05
    -0.000510405    -0.000464084
    -0.000474264    -0.000521588
    -0.000489515    -0.000503816
     -0.00114705     -0.00103399
    -0.000195075    -0.000185511
     -0.00102469    -0.000958274
    -0.000113884    -0.000141543
     -2.7119e-05    -3.79183e-05
    -0.000107897    -0.000107192
    -0.000142409    -0.000184945
    -0.000139763    -0.000164549
    -0.000384409    -0.000445263
     -4.3548e-05    -6.11753e-05
     -1.9013e-05    -3.11738e-05
     -0.00107981    -0.000969561
    -0.000781146    -0.000738128
      -9.226e-06    -1.16122e-05
    -0.000196964     -0.00023993
    -0.000327483    -0.000373521
     -0.00145506     -0.00151816
     -4.8243e-05    -6.44574e-05
    -0.000278907    -0.000318868
    -0.000113273    -0.000137616
    -0.000491399    -0.000564903
     -2.3646e-05    -3.67446e-05
     -2.5165e-05    -3.93772e-05
     -0.00129113     -0.00119563
     -5.7801e-05    -7.44378e-05
    -0.000282879    -0.000264728
     -6.4925e-05    -7.47247e-05
     -0.00140228     -0.00151739
    -0.000303071     -0.00031455
    -0.000114399    -0.000123398
     -9.9647e-05    -0.000118099
     -1.0843e-05    -1.70661e-05
       -1.67e-06    -4.98748e-06
    -0.000234992    -0.000303479
     -8.7205e-05    -0.000131726
     -1.5274e-05    -1.66076e-05
    -0.000176751    -0.000213847
    -0.000165681    -0.000200733
    -0.000269205    -0.000311752
     -0.00015383    -0.000176872
    -0.000206598    -0.000271575
    -0.000691612    -0.000676025
    -0.000968424    -0.000985902
    -0.000369242    -0.000405886
    -0.000141989    -0.000169795
    -0.000990908    -0.000997042
    -0.000625576     -0.00067978
    -0.000148586    -0.000163193
    -0.000569768    -0.000581938
    -0.000310677     -0.00035792
      -1.399e-06    -4.09142e-06
    -0.000270718    -0.000252057
    -0.000656562    -0.000755754
    -0.000144341     -0.00017098
    -0.000329021    -0.000406566
     -0.00015934    -0.000179609
    -0.000360296    -0.000388604
     -7.1469e-05    -0.000102909
     -2.1955e-05    -3.26194e-05
     -7.3268e-05    -9.08615e-05
    -0.000164621    -0.000177315
     -3.8219e-05    -6.01593e-05
     -0.00096626    -0.000894277
     -0.00189345     -0.00176613
     -3.7583e-05    -5.69208e-05
     -0.00210288     -0.00197755
     -1.5998e-05    -1.83829e-05
    -0.000249326    -0.000321187
     -1.2572e-05    -1.34202e-05
     -3.4028e-05    -3.47375e-05
    -0.000341661    -0.000392334
     -6.3745e-05    -8.06553e-05
     -8.0938e-05    -7.96344e-05
    -0.000234939    -0.000255595
    -0.000246869    -0.000279784
     -5.4879e-05    -6.71025e-05
    -0.000101375    -0.000128537
    -0.000174572    -0.000162014
     -3.9157e-05    -5.67384e-05
    -0.000377517    -0.000346793
     -1.8778e-05    -3.03511e-05
     -0.00196751     -0.00205091
       -8.83e-06    -2.12478e-05
    -0.000594173    -0.000604086
     -2.8482e-05    -3.84942e-05
    -0.000476978    -0.000545811
     -1.6849e-05    -2.10552e-05
    -0.000484875    -0.000565429
     -1.2902e-05    -1.89693e-05
    -0.000295474    -0.000309346
      -2.991e-05    -3.68598e-05
    -0.000948046    -0.000775249
     -4.1699e-05    -5.99586e-05
    -0.000116823    -0.000153224
    -0.000705378    -0.000645466
    -0.000438728    -0.000376779
     -2.6111e-05    -3.55701e-05
     -4.9249e-05    -7.09963e-05
     -9.9575e-05    -0.000120041
      -0.0002975    -0.000298376
     -3.2714e-05    -4.12537e-05
    -0.000203209    -0.000231318
     -0.00024597    -0.000278023
     -0.00146157      -0.0013999
    -0.000640926    -0.000670261
     -0.00040195    -0.000404558
    -0.000157966    -0.000189866
    -0.000925526    -0.000834763
    -0.000195926    -0.000177679
     -4.3332e-05    -5.97194e-05
      -7.663e-06    -1.30223e-05
     -4.8285e-05    -6.38646e-05
    -0.000105213    -0.000125252
     -1.0684e-05    -1.68051e-05
     -0.00206861     -0.00209777
     -0.00062825    -0.000631483
     -5.6403e-05     -6.8811e-05
     -0.00122283     -0.00112008
     -3.1236e-05    -4.82799e-05
     -2.0243e-05    -3.22347e-05
     -0.00167806     -0.00155617
     -0.00149128     -0.00140393
    -0.000905585    -0.000932799
     -3.1167e-05    -3.84989e-05
     -4.1363e-05    -5.10296e-05
    -0.000798709    -0.000822914
    -0.000482518    -0.000510541
     -3.1052e-05     -3.9341e-05
    -0.000204731    -0.000226795
     -3.1042e-05    -4.29277e-05
     -0.00100823    -0.000870942
     -0.00133441     -0.00138158
    -0.000354324    -0.000364993
      -0.0017615      -0.0016095
     -0.00260405     -0.00266499
    -0.000795837    -0.000734609
     -4.4135e-05    -5.24569e-05
     -9.4793e-05    -0.000120822
    -0.000991438     -0.00100707
     -8.5983e-05    -0.000101101
    -0.000791633     -0.00082518
     -0.00160411     -0.00143795
     -3.1582e-05    -4.40984e-05
     -0.00121107    -0.000954182
    -0.000144477    -0.000174881
     -6.2671e-05     -8.0808e-05
    -0.000736432    -0.000797826
    -0.000226562    -0.000258177
     -7.2485e-05    -8.84013e-05
     -0.00172082     -0.00179034
     -0.00180876     -0.00175346
    -0.000358305    -0.000347811
     -0.00106705     -0.00105532
    -0.000285181    -0.000331258
     -2.3662e-05    -3.20787e-05
     -0.00094931    -0.000825381
     -0.00052042    -0.000531942
    -0.000120827    -0.000146338
    -0.000438441    -0.000469022
     -5.5055e-05    -6.55585e-05
    -0.000748781    -0.000785224
    -0.000131511    -0.000185069
      -5.764e-06    -1.00476e-05
    -0.000107842    -0.000141962
    -0.000178804    -0.000200686
    -0.000747747    -0.000693161
     -5.6745e-05    -7.96005e-05
    -0.000209476    -0.000263821
     -0.00018911    -0.000167268
    -0.000753344    -0.000890179
     -4.9163e-05    -6.57098e-05
     -0.00124793      -0.0012001
     -6.3717e-05    -9.23002e-05
      -1.023e-05     -1.5602e-05
     -0.00129657     -0.00137061
     -0.00121925     -0.00110483
     -0.00155405     -0.00140135
     -2.5953e-05     -3.6807e-05
    -0.000407257    -0.000432766
    -0.000224269    -0.000270099
    -0.000717857    -0.000746933
    -0.000411582    -0.000497145
     -5.2665e-05    -7.21299e-05
    -0.000489027    -0.000494179
    -0.000169725    -0.000218717
      -8.294e-06    -1.07563e-05
    -0.000119273     -0.00013827
    -0.000469169    -0.000521301
     -5.2243e-05     -6.4673e-05
     -9.5334e-05    -0.000118222
     -8.3737e-05    -0.000112574
    -0.000501188    -0.000526113
     -0.00109995     -0.00098687
    -0.000452469    -0.000455857
     -0.00087961    -0.000854355
    -0.000627435    -0.000720894
    -0.000282987    -0.000332772
     -9.5419e-05    -0.000124239
    -0.000963751    -0.000922511
     -2.2577e-05    -3.07497e-05
     -2.8398e-05    -3.96659e-05
    -0.000972878      -0.0010188
    -0.000785228    -0.000736038
     -0.00127023     -0.00112246
    -0.000483813    -0.000486552
    -0.000532832    -0.000524321
     -4.6554e-05    -6.82915e-05
      -8.392e-05    -8.49899e-05
     -2.5933e-05    -3.73409e-05
    -0.000485814    -0.000549008
    -0.000223392    -0.000256887
     -0.00076394    -0.000751007
     -0.00220372     -0.00224627
    -0.000181836    -0.000219497
    -0.000510051    -0.000576425
     -0.00106941     -0.00104386
    -0.000872254    -0.000819609
    -0.000203168    -0.000242499
    -0.000128687    -0.000167936
     -1.8886e-05    -2.54845e-05
    -0.000162766    -0.000193568
    -0.000251932    -0.000310553
    -0.000480418    -0.000506328
      -6.126e-06    -8.27277e-06
     -3.7824e-05    -4.68069e-05
    -0.000552922    -0.000597482
     -4.7916e-05    -5.28304e-05
     -2.0056e-05    -1.87462e-05
      -4.305e-05    -5.47986e-05
    -0.000256196    -0.000283391
     -0.00100665    -0.000894364
      -2.006e-05    -3.02627e-05
     -8.5127e-05    -0.000103521
      -5.616e-05    -8.58934e-05
      -5.461e-06    -9.89655e-06
     -2.0588e-05    -3.43721e-05
    -0.000144807    -0.000172392
     -8.6739e-05    -0.000110658
    -0.000261501    -0.000254529
     -0.00034938    -0.000426026
     -2.2269e-05    -2.27988e-05
     -0.00115177     -0.00103285
     -0.00022902    -0.000302645
    -0.000429853    -0.000436341
     -0.00015275    -0.000181434
     -5.2021e-05    -7.40974e-05
    -0.000101438    -9.92244e-05
    -0.000541175    -0.000503101
     -6.9635e-05    -6.33857e-05
    -0.000311329    -0.000352437
    -0.000778479    -0.000786114
    -0.000222288    -0.000235697
     -2.6808e-05    -4.27604e-05
    -0.000103452    -0.000127079
    -0.000976828    -0.000916491
     -0.00133989     -0.00141017
     -0.00049895    -0.000541302
     -4.9727e-05    -6.51372e-05
    -0.000311692    -0.000329817
    -0.000504839    -0.000564676
    -0.000119395    -0.000148402
    -0.000414504    -0.000431978
     -5.2562e-05    -7.41886e-05
     -3.0485e-05    -2.88776e-05
     -0.00194118     -0.00176337
    -0.000147805    -0.000171077
     -8.2315e-05    -0.000100061
    -0.000116767    -0.000137453
     -1.8718e-05    -2.85108e-05
     -5.9959e-05    -7.51782e-05
     -1.5469e-05    -2.93972e-05
    -0.000123709    -0.000126395
    -0.000416281    -0.000382402
     -2.2113e-05    -3.42392e-05
     -0.00130796      -0.0012694
    -0.000207227    -0.000239217
     -3.2691e-05    -4.21101e-05
    -0.000540318    -0.000558936
    -0.000455298    -0.000526039
     -0.00133391      -0.0013473
     -3.7883e-05    -4.69637e-05
    -0.000854669    -0.000888533
     -0.00108761     -0.00102503
      -8.679e-06     -1.2934e-05
    -0.000169379    -0.000208849
     -1.9014e-05    -1.62978e-05
    -0.000348617    -0.000437708
     -9.4072e-05    -0.000115163
     -0.00119132     -0.00119668
    -0.000256171    -0.000273274
    -0.000504815    -0.000546672
     -0.00182384     -0.00174189
     -3.1703e-05    -5.01086e-05
     -0.00067892    -0.000656318
    -0.000434057    -0.000483592
     -6.6481e-05    -8.74334e-05
    -0.000599142    -0.000549892
     -0.00102256    -0.000789937
    -0.000139606    -0.000139657
     -0.00156057     -0.00171908
      -2.262e-05    -2.92711e-05
     -2.1886e-05    -3.93257e-05
    -0.000369369    -0.000404963
     -6.0866e-05    -8.21338e-05
    -0.000302426    -0.000300568
     -7.6014e-05     -8.6737e-05
     -0.00163753     -0.00166382
     -3.7922e-05    -5.54471e-05
     -4.5695e-05    -5.67613e-05
      -5.975e-06    -6.89724e-06
    -0.000167177    -0.000191388
    -0.000125638     -0.00014845
      -0.0026803     -0.00300148
    -0.000254014    -0.000281101
    -0.000103231     -0.00014349
     -0.00242892     -0.00264443
     -1.8724e-05    -3.06489e-05
    -0.000310228    -0.000255955
     -1.3357e-05    -1.79424e-05
      -4.324e-05    -6.01172e-05
     -8.5792e-05    -0.000100526
    -0.000233941    -0.000260773
    -0.000298753    -0.000336361
      -0.0008452      -0.0009117
     -1.8026e-05    -2.63618e-05
    -0.000611976    -0.000631264
     -2.0338e-05    -3.15624e-05
     -2.1308e-05    -2.91745e-05
    -0.000207059    -0.000242228
    -0.000400383    -0.000462658
     -8.3723e-05    -0.000100935
     -8.7462e-05     -0.00010894
    -0.000737706    -0.000770655
    -0.000211201    -0.000263547
    -0.000135371    -0.000134366
    -0.000905776    -0.000912983
    -0.000116449    -0.000140441
     -0.00133942      -0.0014325
     -1.6824e-05    -2.10459e-05
       -9.89e-06    -1.46673e-05
    -0.000349648    -0.000359009
    -0.000837412    -0.000844559
    -0.000108436    -0.000142162
     -2.3315e-05    -3.87215e-05
     -1.5885e-05    -2.05278e-05
      -3.206e-05    -4.84213e-05
     -5.8119e-05    -7.60182e-05
      -0.0014867     -0.00144232
     -0.00020863    -0.000232299
    -0.000305678    -0.000397146
