QM Energy	FF Energy
    -0.000676757    -0.000693762
     -8.9475e-05     9.81547e-05
      0.00893058      0.00993199
     0.000250573     0.000677248
     0.000581091     -0.00100686
     0.000133173     0.000358339
    -0.000748154    -0.000883157
       0.0113444      0.00975381
     -0.00145195     -0.00203114
      0.00117596      0.00194645
    -0.000505886    -0.000478702
      0.00111251     0.000563854
    -0.000515399    -0.000514462
     -0.00117701     -0.00179467
      0.00403815      0.00303591
      -0.0014273     -0.00208201
    -0.000325492    -0.000362768
      0.00055531     0.000404744
     -0.00134372     -0.00167571
    -0.000380007    -0.000448251
    -0.000397417    -0.000508471
      0.00343677      0.00298824
    -0.000687082    -0.000984073
    -0.000798571      -0.0011321
    -0.000847638      -0.0021431
     0.000802496     0.000697672
    -0.000191479     3.05269e-05
      0.00019727     0.000378092
    -0.000829636     -0.00107646
    -0.000817174     -0.00100711
     -0.00143893     -0.00170492
       0.0105238       0.0096148
      0.00799498       0.0055735
    -0.000142866     2.59271e-05
     -0.00180031     -0.00243535
      0.00133512      0.00206356
     -0.00153224     -0.00232253
      0.00276738      0.00375159
    -0.000885788     -0.00107871
      0.00055644      0.00141249
    -0.000240511     -0.00206386
     -0.00101428     -0.00132807
     -0.00102256     -0.00231874
    -0.000655968    -0.000675047
      0.00328798      0.00314913
    -0.000767992     -0.00111306
    -0.000323579    -0.000633605
    -0.000323037    -0.000214048
    -0.000107551    -0.000359214
     0.000163914     0.000177291
    -0.000610634      -0.0013595
    -0.000156073    -0.000134075
     -0.00152875     -0.00241569
    -0.000731147    -0.000897829
    -0.000466009     -0.00053023
     -0.00071034    -0.000811131
      0.00661468       0.0033364
    -0.000184503     0.000140811
    -0.000426462    -0.000647362
      -0.0013476     -0.00200637
      0.00103876     -0.00074495
    -0.000430847     -0.00114653
    -0.000684526    -0.000800078
      0.00113101    -0.000631589
      0.00175063      0.00064798
      1.3022e-05    -0.000574461
     -0.00096327     -0.00177616
     0.000322278     0.000592447
     -0.00131334     -0.00175409
      0.00389794      0.00238736
      0.00907312      0.00687346
      3.4274e-05     0.000228388
      0.00184448       0.0011723
      0.00368658      0.00286518
     -0.00102656     -0.00109593
     0.000343982    -0.000157919
    -0.000513019    -0.000629575
     -0.00161654     -0.00242213
    -0.000329073    -0.000315257
     -0.00144319     -0.00190558
     -4.2974e-05    -0.000912626
    -0.000405366    -0.000470662
    -0.000808149        -0.00112
     0.000232859     0.000466328
     -0.00185135     -0.00237816
     -8.2341e-05     0.000181116
     -0.00105704     -0.00155842
     -0.00078425    -0.000960569
    -0.000540963    -0.000627781
    -0.000753229     -0.00205688
    -0.000307215    -0.000253739
      0.00163807      0.00111085
     0.000895243     0.000821375
     -0.00133181     -0.00201102
       0.0016407      0.00241506
    -0.000720131    -0.000866259
     -0.00126874     -0.00181362
       0.0123354       0.0107954
    -0.000678607    -0.000919233
      -0.0006802    -0.000977127
    -0.000358281    -0.000338099
    -0.000673798     -0.00097196
    -0.000500674    -0.000436945
    -0.000706342    -0.000989658
     0.000174434    -0.000474881
     -0.00143022     -0.00197963
    -0.000687195    -0.000876941
     -0.00126178     -0.00168325
    -0.000563355    -0.000668864
    -0.000970373     -0.00125258
    -0.000822875    -0.000812053
    -0.000641933    -0.000745909
      0.00537495      0.00635677
     -0.00120674     -0.00214002
    -0.000613825    -0.000875344
     -0.00107782     -0.00140865
     0.000418807    -1.71069e-05
    -0.000135967     -1.7549e-06
      0.00833331      0.00869536
     -0.00105803     -0.00151145
     0.000443813     0.000390244
      0.00285784      0.00178861
    -0.000600571    -0.000615118
     -0.00104776     -0.00134386
      0.00799919       0.0068912
    -0.000573491    -0.000761448
     0.000754632      0.00164712
      0.00181636      0.00156384
    -0.000134423    -9.30607e-05
    -0.000902728     -0.00129001
      0.00244661     0.000994128
    -0.000458526     -0.00100282
      0.00529021      0.00366972
    -0.000656781    -0.000923272
    -0.000747652    -0.000999802
    -0.000141221    -3.51767e-05
      -0.0007248    -0.000959786
    -0.000369118    -0.000268382
      0.00224158      0.00159145
    -0.000772449    -0.000976081
    -0.000413525    -0.000449768
      0.00164788    -0.000162044
    -0.000451422    -0.000657529
      0.00401767      0.00234333
      0.00474068      0.00335196
     -0.00101238       -0.001335
    -0.000622876    -0.000816844
      0.00175325      0.00142834
     -0.00100434     -0.00145109
    -0.000558562    -0.000793399
      0.00139858     0.000281253
      7.7853e-05     0.000260259
     -0.00125036     -0.00171327
      0.00240906     0.000741424
      0.00050375     0.000672525
      0.00182572      0.00181083
     -0.00029751    -0.000251349
    -0.000488583    -0.000526261
    -0.000638942    -0.000862621
    -0.000143233    -3.56056e-06
      0.00898529      0.00818275
     -0.00052319    -0.000689163
    -0.000571094    -0.000659042
     -0.00156266     -0.00252569
      0.00101151      0.00120389
     -0.00103237     -0.00121618
      0.00225112      0.00215501
    -0.000977554     -0.00149235
      0.00918567      0.00998132
    -0.000664385    -0.000838822
      0.00239201     0.000373661
      -4.718e-05     0.000210426
    -0.000195075    -3.79376e-05
     0.000614526      0.00118709
    -0.000292287    -0.000137248
      0.00114371      0.00106022
    -0.000579462    -0.000826466
    -0.000693006    -0.000832416
     0.000500254     9.49631e-05
      0.00146729     0.000794614
      0.00817316      0.00572123
      0.00199237      0.00183243
      0.00372901       0.0029027
      0.00124247    -7.28706e-05
    -0.000350862    -0.000989484
      0.00929478       0.0104983
    -0.000660269    -0.000767825
    -0.000245267     -0.00111417
     0.000431075     -0.00149891
     -0.00073968     -0.00102502
       0.0109226      0.00921412
      0.00708468      0.00711218
    -0.000543913    -0.000694873
     -0.00123031     -0.00256123
    -0.000512738    -0.000681713
     0.000304356     0.000181518
     0.000645928       0.0011374
    -0.000477716    -0.000609708
    -0.000676898     -0.00085597
     0.000193933     0.000283497
      0.00134974      0.00133303
    -0.000994763     -0.00119187
      0.00439091      0.00454585
    -0.000528234    -0.000613557
      0.00836089       0.0091195
     0.000715999      0.00018632
    -0.000253646     -0.00125134
     -4.7848e-05     0.000266517
      0.00315935     0.000482177
     0.000354963     -0.00104809
     -0.00030359    -0.000224656
    -0.000811394     -0.00113099
       -0.000413    -0.000368788
      0.00805389       0.0050574
    -0.000556383     -0.00127061
    -0.000497939    -0.000674029
     0.000972087      0.00143304
     -4.8384e-05     0.000422567
     -0.00186107     -0.00251636
      0.00601817      0.00504098
    -0.000179404    -6.51313e-05
      0.00161459      0.00142399
      0.00466414       0.0031099
     -0.00016497     -0.00185947
    -0.000634743    -0.000779919
    -0.000157158     9.23639e-05
      0.00334066      0.00136262
    -0.000918627     -0.00113213
      0.00234295      0.00279458
    -0.000628653     -0.00126036
      0.00014819     -0.00100123
      2.3616e-05     0.000182427
      0.00577299      0.00646637
     -0.00137025     -0.00164655
    -0.000236105    -7.36108e-05
     -0.00135828      -0.0017188
      8.3961e-05     0.000267226
     0.000756222    -0.000507734
      0.00302714      0.00256278
     -0.00096496     -0.00123614
     -0.00113462      -0.0013684
     -0.00137451     -0.00157196
    -0.000266467    -0.000244582
      0.00289767      0.00103614
     -0.00095979     -0.00218727
    -0.000577481    -0.000714626
       -0.001098      -0.0018124
      0.00329476      0.00343692
      0.00525195      0.00467673
       0.0146491       0.0139107
     -0.00114634     -0.00175375
    -0.000603585    -0.000675132
      0.00518622      0.00487031
      0.00190594     0.000980102
    -0.000528055    -0.000643686
      0.00317973      0.00295418
     -0.00102551     -0.00144047
     -0.00153621     -0.00225506
      -0.0010965     -0.00162765
      0.00326952      0.00230941
    -0.000113879     3.64802e-05
    -0.000345014    -0.000376649
     -0.00105768     -0.00145354
    -0.000591813    -0.000791532
    -0.000884918    -0.000983106
    -0.000330172    -0.000306289
     -7.9661e-05     0.000193163
    -0.000898546     -0.00115036
    -0.000982205     -0.00114519
    -0.000272979    -0.000236401
     -0.00129343     -0.00177575
    -0.000161353    -0.000448316
    -0.000770723    -0.000880876
    -0.000695044    -0.000991002
      0.00582385      0.00527605
     -0.00106504     -0.00135786
    -0.000626418    -0.000759017
    -0.000906225     -0.00153493
    -0.000368457    -0.000512836
      4.9099e-05     0.000227582
    -0.000439457    -0.000538579
     -0.00144885     -0.00224102
       0.0116525      0.00993516
      0.00631424      0.00465284
      0.00108791    -0.000377364
    -0.000269323    -0.000726311
     -0.00141793     -0.00205602
      -0.0012798     -0.00174442
      -0.0017869     -0.00275229
     0.000237052     5.24558e-05
     -0.00149369     -0.00256173
      0.00933317      0.00890178
    -0.000810562    -0.000839561
     -0.00156568     -0.00183983
    -0.000987239     -0.00143835
     -0.00074148     -0.00106892
     -0.00139923     -0.00192171
     -0.00112121     -0.00142669
      0.00125153    -0.000187831
      0.00320255      0.00429085
    -0.000290348    -0.000854558
    -0.000182833    -1.91917e-06
    -0.000492416    -0.000616187
    -0.000479222    -0.000592749
    -0.000461232    -0.000575256
      0.00745763      0.00783964
    -0.000108222      0.00010429
      0.00154042     0.000802841
      0.00828665      0.00667437
    -0.000458363    -0.000510547
     -0.00149388     -0.00261345
      0.00840156      0.00691837
      3.9847e-05     0.000199251
     -0.00121555     -0.00169805
    -0.000256995     -0.00198629
      0.00813579      0.00718808
      0.00676634      0.00556761
      0.00227491      0.00181369
      0.00164468      0.00196143
    -0.000296312    -0.000781267
     0.000654838      0.00156941
     -0.00103425     -0.00146448
      0.00358739      0.00340245
    -0.000494447    -0.000589714
     -0.00133243     -0.00193392
    -0.000260147    -0.000124053
     -0.00105361     -0.00192735
     0.000149202     0.000422157
      0.00659479      0.00439196
      0.00871429      0.00692962
     -4.5685e-05     -0.00020301
        0.010127      0.00866973
    -0.000809459     -0.00109441
     -0.00111533     -0.00147294
     -0.00119483     -0.00172556
     0.000905607     0.000315577
    -0.000628282     -0.00081614
    -0.000140326     3.28523e-06
     -0.00119126     -0.00187337
      5.7371e-05     0.000223177
     -7.9953e-05     0.000396296
    -0.000494758    -0.000578428
    -0.000283146    -0.000297252
     -0.00070779     -0.00080545
    -0.000576636    -0.000727882
    -0.000374944    -0.000406953
     -9.6366e-05      4.5183e-05
     -0.00029195    -0.000421193
    -0.000394732    -0.000427926
    -0.000874422     -0.00248687
    -0.000155676     0.000172546
     -7.4446e-05     0.000308149
     -6.7288e-05     0.000261081
    -0.000908198     -0.00111154
     -0.00103548     -0.00159392
      0.00159531      0.00190944
    -0.000164693    -5.59952e-05
    -0.000758243     -0.00108255
     0.000645178     -9.5729e-05
    -0.000902015     -0.00112677
    -0.000507042    -0.000609904
     -0.00118526      -0.0017165
    -0.000201866     5.19832e-06
    -0.000582104    -0.000758295
    -0.000354421    -0.000392181
     -0.00055623    -0.000746452
      0.00724512      0.00620074
     0.000415415     8.09023e-06
    -0.000170449     0.000145569
     -0.00100506       -0.001421
    -0.000554051    -0.000676228
      0.00173825     0.000688549
       0.0109345       0.0101533
     -0.00136247      -0.0025372
     -0.00106254     -0.00180974
     -0.00170745     -0.00255639
     -0.00106701     -0.00205521
      0.00522718      0.00546748
      0.00633997      0.00364705
     -0.00055411    -0.000746119
     0.000144703     0.000118494
      0.00201144      0.00187072
     0.000791191      0.00173088
    -0.000620243    -0.000750556
        0.002625      0.00228547
    -0.000536097     -0.00069029
     -0.00173713     -0.00269655
      0.00495623      0.00578534
      0.00757372      0.00846138
      0.00346135       0.0030432
     -0.00090783     -0.00109025
      0.00851218      0.00717675
    -0.000380205    -0.000436067
     -0.00027871     -0.00190898
    -0.000379468    -0.000422138
     0.000454425       0.0002651
    -0.000230495    -0.000163941
      0.00144051    -0.000289814
     -0.00137104     -0.00176747
     -0.00124061     -0.00152964
      0.00102334      0.00167819
     -0.00148573     -0.00281847
       1.379e-05     0.000209892
     -0.00034063      -0.0015455
      0.00592814      0.00471214
    -0.000440384    -0.000615135
    -0.000554164    -0.000574542
    -0.000678731     -0.00081097
      0.00462743      0.00440565
    -0.000658743     -0.00078296
      0.00148908      0.00197668
      0.00408728       0.0033005
    -0.000226786    -0.000176103
     0.000306717     0.000190841
    -0.000373239    -0.000477973
    -0.000444521    -0.000535231
    -0.000299926    -0.000651423
     -7.6191e-05     0.000132417
    -0.000577002    -0.000757806
    -0.000716089    -0.000939403
     -0.00126283     -0.00162548
     -0.00114412     -0.00144163
     0.000463233     -0.00037494
    -0.000758086     -0.00108882
    -0.000912911     -0.00129415
     -0.00022277    -0.000159214
       0.0072306      0.00386127
     -0.00147805     -0.00222438
      0.00759845       0.0082637
     0.000736058      -0.0012099
     -0.00118071     -0.00149428
      0.00343782      0.00312632
     -0.00115322     -0.00158876
       0.0181344       0.0157322
     -0.00120572      -0.0017159
    -0.000145239    -0.000224492
      0.00151757     0.000257238
     0.000413553    -0.000281574
    -0.000874899     -0.00120762
     -0.00052129    -0.000636593
      0.00819003      0.00811884
    -0.000228946     -8.3997e-05
    -0.000877759     -0.00125361
     -0.00017406    -1.96122e-05
     -7.8107e-05     0.000373369
     -0.00098992     -0.00266807
     -0.00130949     -0.00214666
      0.00682623      0.00463801
      0.00530497      0.00572367
      0.00230952     0.000748088
    -0.000557175    -0.000756138
    -0.000160588    -7.01452e-06
     -0.00177957     -0.00229511
     -0.00094021     -0.00129942
      0.00214088     0.000125926
     0.000581197      0.00105205
    -0.000999048     -0.00241999
       0.0022367     0.000254695
    -0.000499851    -0.000608893
     -0.00109841     -0.00160476
    -0.000654717    -0.000830929
    -0.000323852    -0.000284912
     0.000375394     0.000396222
     -0.00047352    -0.000896815
     -0.00102317     -0.00162639
      0.00303787      0.00358875
    -0.000475318    -0.000584894
    -0.000857053     -0.00108292
    -0.000245847    -0.000487474
     -0.00110925     -0.00137458
      0.00461211      0.00386954
      0.00165444      0.00157216
     0.000536557     -0.00108239
      0.00175342    -0.000738661
      0.00148904      0.00114478
     0.000214132     5.19589e-05
    -0.000628348    -0.000847715
    -0.000773551     -0.00101095
     -0.00102056     -0.00147058
     0.000268387     -0.00057988
    -0.000211545     3.28964e-05
    -0.000269437    -0.000152429
     -0.00141727     -0.00250359
     -4.6098e-05     0.000360942
       0.0039915      0.00300829
    -0.000398899    -0.000377051
     0.000267277     0.000365586
      0.00256378     0.000593253
       0.0003266    -0.000771685
    -0.000155457     0.000241417
      0.00236936      0.00018411
      0.00279439      0.00236313
    -0.000441385     -0.00137972
      -0.0012228     -0.00172118
      0.00187789     6.48498e-05
     -0.00107223     -0.00139083
    -0.000203804    -0.000130969
     0.000873302     0.000516234
     -6.1958e-05     0.000120451
    -0.000321025    -0.000325284
      0.00468275      0.00407317
      0.00142849     -0.00039173
      0.00197624      0.00213808
     -0.00119878     -0.00164653
    -0.000792961    -0.000805688
    -0.000890966     -0.00127051
     -0.00105418     -0.00184049
      0.00632174      0.00538308
      0.00113522      0.00039712
     -0.00109319     -0.00151645
       0.0072951      0.00502978
      0.00327279      0.00407764
      0.00834936       0.0081942
    -0.000478694    -0.000526944
    -0.000897765     -0.00222614
      0.00293748      0.00209446
      0.00136872      5.2597e-05
     0.000451804     0.000558758
      0.00371536      0.00378866
    -0.000459489    -0.000507761
    -0.000385349    -0.000437195
     -0.00103521     -0.00142998
    -0.000717471    -0.000874485
    -0.000218946    -0.000226187
    -0.000568878    -0.000595891
      0.00659146      0.00442314
     0.000860266     0.000962934
    -0.000908329      -0.0011747
    -0.000902027     -0.00113053
       0.0021127      0.00310235
    -0.000290162    -0.000282688
      0.00200998       0.0024494
    -0.000321515    -0.000184611
    -0.000822773     -0.00116292
    -0.000536479    -0.000690043
    -0.000749622     -0.00163072
    -0.000393499    -0.000394508
    -0.000485489     -0.00060177
    -0.000128801     0.000179091
    -0.000712764    -0.000958304
    -0.000580469    -0.000821433
    -0.000182855     1.23782e-05
    -0.000492428    -0.000525404
      0.00264084       0.0025524
    -0.000723929    -0.000826428
    -0.000693253    -0.000841423
     -0.00131171     -0.00204526
      -0.0017611     -0.00245376
     -0.00038605    -0.000299724
     0.000633476      0.00066837
      0.00153071      0.00109471
    -0.000212969    -2.27228e-05
     -0.00128034     -0.00168178
     -9.9428e-05     7.65162e-05
    -0.000509284    -0.000608777
     -0.00132999      -0.0016439
       0.0010133    -0.000315169
      0.00117649       0.0013407
       0.0057412       0.0047613
     0.000698371     0.000671214
    -0.000430412    -0.000380236
      0.00102103     0.000538609
     0.000937355     0.000276858
     -9.5932e-05     5.31997e-05
    -0.000905416     -0.00138778
    -0.000557624    -0.000620205
     -0.00122547     -0.00165941
      0.00468765      0.00447752
    -0.000612339    -0.000608217
      -7.128e-06     0.000140492
      6.5223e-05     8.34279e-05
    -0.000695062    -0.000845655
    -0.000981252     -0.00137442
       0.0109552      0.00931213
    -0.000920298     -0.00130301
     0.000273868     0.000687747
    -0.000896331     -0.00110563
       0.0011445     0.000305944
      1.6621e-05     0.000400842
      0.00292114       0.0022774
     -0.00111732     -0.00269982
     0.000269385     -0.00149161
     -0.00135843     -0.00179741
    -0.000612643    -0.000858247
    -0.000179994     4.99172e-05
    -0.000770182    -0.000940135
    -0.000658178    -0.000911667
       0.0044812      0.00311585
     -0.00169785      -0.0023424
    -0.000250299    -0.000320405
      -0.0004646    -0.000491062
    -0.000406469    -0.000376641
     0.000123723     -0.00094881
    -0.000183567    -9.57319e-05
    -0.000585595     -0.00105887
     0.000506851      0.00106689
    -0.000667631    -0.000916184
    -0.000427815    -0.000450967
    -0.000395288    -0.000464853
    -0.000556287    -0.000735247
    -0.000928973     -0.00126044
      0.00878451      0.00725262
     -0.00142409     -0.00212026
    -0.000846514     -0.00118507
      7.7018e-05     0.000181778
     -0.00115856     -0.00138301
     -0.00114843     -0.00226944
    -0.000135988    -0.000506932
    -0.000235378    -0.000154645
    -0.000846874     -0.00123273
     -0.00105256     -0.00198258
       0.0124388       0.0112998
    -0.000410602    -0.000449885
    -0.000611018    -0.000685506
       -0.001167     -0.00149771
     -0.00120162     -0.00152308
      -0.0010997     -0.00119043
    -0.000717182    -0.000967493
      0.00348829      0.00165013
     -0.00142486     -0.00197897
     -0.00113032      -0.0016726
      0.00878547      0.00687493
     -8.6804e-05     0.000341105
     -0.00165943     -0.00249555
     -0.00113204     -0.00211546
      0.00821893      0.00686738
    -0.000860575     -0.00139663
       9.872e-06     0.000206851
     -0.00113113     -0.00168873
    -0.000113436     5.96387e-05
        9.69e-06     0.000299091
      0.00196603      0.00169205
    -0.000601657    -0.000723263
    -0.000807547    -0.000988245
    -0.000130461     8.87319e-05
     -0.00140131     -0.00206945
    -0.000270648    -0.000157029
    -0.000444071    -0.000418391
     -3.2869e-05     8.95957e-05
      0.00593705      0.00263406
      -0.0001743    -3.45716e-05
      0.00413629      0.00396928
    -0.000382068     -0.00032208
      0.00963908      0.00886314
      0.00194102     0.000259586
     -0.00172847     -0.00266268
    -0.000359924    -0.000407529
    -0.000731593    -0.000908736
    -0.000386194     -0.00155752
       0.0101897      0.00879918
    -0.000813043     -0.00119998
     0.000443433     0.000740632
    -0.000239511    -3.83244e-06
    -0.000378835    -0.000262911
      0.00496693      0.00320071
    -0.000349476    -0.000281732
    -0.000412358    -0.000367759
     0.000908922    -0.000194585
     -0.00108381     -0.00143582
     -0.00103036     -0.00144718
    -0.000158274     3.88485e-06
      -0.0010101     -0.00129205
      0.00668945      0.00586153
    -0.000733533     -0.00085931
    -0.000613461    -0.000729011
      0.00449874      0.00488353
      0.00613345      0.00616583
     0.000831915      0.00118775
     -0.00113722     -0.00194113
    -0.000913547     -0.00132861
     -0.00130629     -0.00175248
      0.00085878     0.000884502
    -0.000264058    -0.000164673
       0.0065055      0.00551676
    -0.000636089    -0.000781372
     -0.00103679     -0.00133188
    -0.000453556    -0.000395205
      0.00145601     0.000858371
     -0.00102188     -0.00146704
     -0.00179523     -0.00264112
    -0.000336811    -0.000527134
     0.000532714    -0.000904522
      0.00132711      0.00172405
    -0.000204925     -0.00054269
     -0.00125151      -0.0016111
      0.00703975      0.00639969
     -0.00101652     -0.00145826
     -0.00121691     -0.00169425
    -0.000846855     -0.00123096
      0.00432803      0.00354407
     0.000999621     0.000489518
    -0.000177771    -0.000775061
    -0.000625227    -0.000696634
     -0.00106806     -0.00150761
    -0.000619854     -0.00085004
      0.00134217      0.00108734
      0.00319147      0.00123372
      0.00250714      0.00280183
      0.00948588       0.0102716
      0.00107756      7.1175e-06
      0.00333717      0.00261802
     0.000232101    -0.000413288
    -0.000358816    -0.000413473
     -0.00126216     -0.00273809
     0.000158339     2.94696e-05
    -0.000839378     -0.00103953
      0.00173695      0.00184174
    -0.000414872    -0.000494979
    -0.000449694    -0.000503876
    -0.000673307     -0.00167875
       0.0119309       0.0100879
    -0.000451324    -0.000933572
    -0.000736582     -0.00089736
       0.0016878     0.000842901
    -0.000769151    -0.000738678
    -0.000446232    -0.000549946
    -0.000607836    -0.000884904
    -0.000109617    -0.000127905
     -0.00082322     -0.00104498
    -0.000259978    -0.000256636
     -0.00010239     0.000168306
      0.00125561    -0.000157719
     -0.00180188     -0.00280919
      -0.0006082    -0.000809512
     -0.00136264     -0.00192421
    -0.000196375    -4.81753e-05
     -0.00146226     -0.00170759
    -0.000526572    -0.000518684
     -0.00108509      -0.0013843
     -0.00045797    -0.000492355
      0.00214836      0.00167875
    -0.000299334    -0.000752941
     -0.00136112     -0.00201494
     -0.00102571     -0.00141166
     -0.00129782     -0.00195857
    -0.000841213     -0.00108196
       0.0105456      0.00913427
    -0.000556208    -0.000682408
     -0.00038067    -0.000528253
     -7.9689e-05     0.000216879
     -0.00158764     -0.00207817
     -0.00161298     -0.00253395
    -0.000425085    -0.000455509
    -0.000888019     -0.00115274
    -0.000132038    -1.87261e-06
    -0.000313819    -0.000311667
      0.00145548    -0.000401239
    -0.000433665    -0.000556061
      -0.0010293     -0.00162874
    -0.000436343     -0.00044818
       0.0039166      0.00328057
     -6.2167e-05     7.14783e-05
       -0.001359     -0.00191929
     -0.00140135     -0.00234077
    -0.000550826    -0.000702786
     -8.6144e-05     0.000121969
    -0.000793321     -0.00110123
     -0.00119243      -0.0016804
    -0.000382791    -0.000268696
      0.00102366    -0.000613276
      0.00711532      0.00485989
     -0.00175014     -0.00237801
      0.00951209      0.00853155
    -0.000600203    -0.000697938
    -0.000394069    -0.000453755
     0.000577371     0.000215602
     -0.00136981      -0.0019383
    -0.000678856    -0.000974476
     -0.00108931     -0.00141689
    -0.000689251     -0.00230683
     -1.4216e-05    -0.000447369
      -5.119e-05     9.98459e-06
     -5.9623e-05     0.000107639
      0.00127402      0.00151907
    -0.000506984    -0.000407172
     -0.00028499    -0.000147304
     -0.00037157    -0.000449927
      -0.0012442     -0.00156455
    -0.000822534     -0.00109967
     -0.00111378       -0.001102
    -0.000828727     -0.00103014
     -0.00147891     -0.00230123
    -0.000568767    -0.000729071
       0.0063449      0.00606188
    -0.000481932    -0.000543987
     0.000203739    -0.000734507
    -0.000643198    -0.000798008
       0.0166239       0.0145858
     -9.8523e-05     0.000179377
    -0.000131145    -0.000485734
      0.00215866      0.00159694
     -0.00057586     -0.00100209
      0.00156232     0.000870842
    -0.000541033    -0.000720157
      0.00244242      0.00277508
     0.000785872     -0.00115507
     0.000121712     0.000283309
    -0.000933573     -0.00130993
      3.4711e-05     0.000197703
      0.00163525      0.00150336
     -0.00157193     -0.00186247
      0.00372266       0.0026272
    -0.000782252     -0.00104447
     0.000460628     0.000812731
     -0.00100339     -0.00122972
     -0.00161619     -0.00251773
      0.00770594      0.00825856
    -0.000821004     -0.00101445
      0.00936037      0.00844708
    -0.000575927    -0.000646187
      0.00604749        0.004556
     -0.00157821     -0.00280454
      0.00330551      0.00165869
      0.00262905      0.00346614
    -0.000752275    -0.000984586
    -0.000850872     -0.00109753
      0.00336358      0.00212006
    -0.000662332    -0.000886126
     -0.00125391     -0.00178487
      0.00698742      0.00739175
    -0.000463649     -0.00070058
    -0.000315453    -0.000356412
     -0.00060101     -0.00131485
      0.00527932      0.00230351
      0.00286843      0.00211291
     -0.00176266     -0.00273769
     -0.00111049     -0.00117799
    -0.000888348     -0.00112468
    -0.000894736     -0.00133465
      2.9189e-05      0.00017966
    -0.000530851    -0.000706616
     0.000150279     0.000351743
    -0.000400231    -0.000383796
       0.0123683      0.00955139
     -0.00119388     -0.00181417
    -0.000795599     -0.00126441
    -0.000984525     -0.00243607
    -0.000409971    -0.000497838
      9.5964e-05        0.000428
    -0.000886607     -0.00106867
      0.00562727      0.00509141
     -0.00103517      -0.0014381
    -0.000747208     -0.00102639
     -0.00143035     -0.00210886
     -0.00170002     -0.00256984
      0.00294496      0.00100488
    -0.000448759     -0.00041317
    -0.000206155    -0.000121802
    -0.000471576    -0.000564699
     -0.00161485     -0.00226114
      0.00255884      0.00106674
     0.000801693     0.000352222
      0.00213541      0.00275254
    -0.000530056    -0.000653465
    -0.000549077    -0.000714562
    -0.000582817    -0.000814977
    -0.000639596    -0.000758762
     -0.00109126     -0.00166606
     0.000882422     0.000908839
      0.00138608      0.00114099
    -0.000574732    -0.000725666
     -9.3935e-05     9.99786e-05
    -0.000803141     -0.00108384
     -0.00041579    -0.000443707
     -0.00121851      -0.0022044
    -0.000910006     -0.00113239
     -0.00121227     -0.00193751
    -0.000272968    -0.000526129
      0.00851141      0.00661593
      0.00124474     0.000805006
    -0.000749113      -0.0010244
      0.00283772      0.00308978
    -0.000327963    -0.000830344
    -0.000889294     -0.00102912
     -0.00109738     -0.00137673
    -0.000159015    -4.30105e-05
    -0.000414554     -0.00045439
    -0.000767151     -0.00128707
     -0.00035415    -0.000255596
    -0.000489836    -0.000478998
     -0.00157151     -0.00249424
    -0.000915466     -0.00113613
      0.00652864       0.0049445
    -0.000382554    -0.000303396
      -0.0013175     -0.00171779
       0.0101274       0.0109632
    -0.000839534     -0.00100949
     -0.00111768     -0.00253111
    -0.000910998     -0.00108616
      0.00012092     0.000347542
      0.00621006       0.0044087
     0.000633691     0.000277421
     -0.00173991     -0.00266818
      0.00103005     0.000862807
      -0.0010202     -0.00133595
    -0.000158406      3.1013e-05
     -0.00079352     -0.00108808
    -0.000692851    -0.000617249
      0.00790964      0.00604484
    -0.000719303    -0.000909909
        0.010384      0.00912991
     -0.00153342     -0.00283915
    -0.000311353    -0.000232105
      0.00647733      0.00563202
    -0.000415988    -0.000463942
     -0.00030987    -0.000294347
      -0.0008459      -0.0011243
      0.00154272      0.00145248
    -0.000384489    -0.000394293
    -0.000739535    -0.000980106
    -0.000276662    -0.000239539
    -0.000709086    -0.000989674
    -0.000823864     -0.00204499
     0.000979817    -0.000246094
      0.00311315      0.00287745
    -0.000163004    -0.000460811
    -0.000630201    -0.000841194
      0.00341458      0.00368499
    -0.000859614     -0.00104914
      -0.0013487     -0.00190725
    -0.000112625      3.8351e-05
    -0.000358944     -0.00152678
      0.00071845      0.00137113
      0.00267894      0.00301188
      0.00540032      0.00459835
    -0.000747609    -0.000908279
    -0.000810264     -0.00106594
     -0.00126746     -0.00156199
     -0.00170266     -0.00274922
    -0.000519926    -0.000614576
    -0.000337445    -0.000243176
     -0.00106531     -0.00112067
     -8.0389e-05    -7.20808e-05
      -0.0017232     -0.00239807
     -0.00105092     -0.00140455
      0.00404028       0.0037427
    -0.000292361    -0.000253998
     0.000893103      0.00131663
     -0.00165424     -0.00234268
     0.000956693      0.00141894
      -0.0001031     0.000347439
    -0.000536967    -0.000479441
    -0.000470353    -0.000600035
     -0.00104554     -0.00138598
    -0.000317718    -0.000541857
      0.00178976      0.00136774
      0.00253738     0.000303648
     -0.00176329     -0.00255347
     -1.5784e-05      0.00020821
      0.00554995      0.00382409
    -0.000881792     -0.00101689
    -0.000326127     -0.00021031
    -0.000966015     -0.00222956
     -0.00120437     -0.00181055
    -0.000412007    -0.000359529
     -0.00131162     -0.00190322
     0.000774688      0.00148008
    -0.000253088     -0.00019499
      0.00951361      0.00813931
    -0.000323985    -0.000336141
    -0.000680036    -0.000945351
     -8.0062e-05     0.000240499
       0.0018708      0.00145167
       7.587e-06     0.000466033
     -0.00107777     -0.00132986
      -9.261e-05    -0.000539611
    -0.000566279    -0.000631238
     0.000583293     3.84224e-06
    -0.000839024     -0.00101914
    -0.000961652     -0.00128841
    -0.000769671     -0.00103238
    -0.000558601     -0.00109373
      0.00463828      0.00169685
     -0.00055922    -0.000706524
    -0.000640477      -0.0006998
     0.000220191     -0.00102961
    -0.000723351    -0.000898699
     -0.00121036     -0.00170692
      0.00123041      0.00055633
     -0.00040121    -0.000589236
      0.00054064     0.000519373
    -0.000430029      -0.0004424
    -0.000936784     -0.00153955
      0.00374145      0.00283462
    -0.000123223     0.000288016
    -0.000574168    -0.000721381
      0.00246129      0.00110764
    -0.000496095    -0.000563269
      0.00140403       0.0021745
    -0.000564564    -0.000650289
    -0.000995248     -0.00197881
    -0.000630007     -0.00109659
       0.0045482      0.00592554
      0.00384961      0.00241331
     0.000997377      0.00170055
     -0.00116372     -0.00133733
