# Eelst 		 Emultipole 
     -0.00005413       0.00000757
      0.00045167       0.00052949
     -0.00525198       0.00157113
      0.00007842       0.00064975
     -0.00460042      -0.00135510
      0.00008896       0.00065900
     -0.00005710       0.00001319
     -0.01123009      -0.00046127
     -0.00083860      -0.00059889
     -0.00048851       0.00070634
      0.00008119       0.00018391
     -0.00182536       0.00005042
     -0.00025047       0.00054416
     -0.00123601      -0.00043591
     -0.00528054      -0.00009896
     -0.00087272      -0.00062754
      0.00010999       0.00012313
     -0.00116554       0.00087727
     -0.00062942      -0.00050161
     -0.00004365      -0.00003064
     -0.00009599      -0.00009094
     -0.00389293       0.00086953
     -0.00033226      -0.00032762
     -0.00037516      -0.00034519
     -0.00336107      -0.00137366
     -0.00116074       0.00035207
      0.00020681       0.00026852
      0.00116537       0.00134563
     -0.00030355      -0.00026420
     -0.00016645      -0.00009399
     -0.00065230      -0.00037270
     -0.00959259      -0.00013981
     -0.01072460      -0.00106598
      0.00060697       0.00074972
     -0.00141635      -0.00078417
     -0.00063275       0.00069313
     -0.00116550      -0.00074473
     -0.00137961       0.00084168
      0.00005788       0.00029822
      0.00004690       0.00073296
     -0.00384265      -0.00140731
     -0.00047509      -0.00042836
     -0.00298815      -0.00125476
     -0.00001340       0.00004109
     -0.00097099       0.00186926
     -0.00035963      -0.00036046
      0.00006288       0.00100963
      0.00008798       0.00014380
     -0.00083092       0.00002644
      0.00003050       0.00083774
     -0.00143260      -0.00012989
     -0.00002087       0.00042003
     -0.00112190      -0.00078794
     -0.00027054      -0.00024691
      0.00009444       0.00020311
     -0.00013540      -0.00007236
     -0.01376619      -0.00347267
      0.00017461       0.00036737
     -0.00039816       0.00009952
     -0.00123376      -0.00050695
     -0.00392229      -0.00098666
     -0.00121775      -0.00002550
      0.00039654       0.00064859
     -0.00407176      -0.00107807
     -0.00248074       0.00071258
     -0.00096807       0.00045195
     -0.00136628      -0.00051533
     -0.00030766       0.00047721
     -0.00065057      -0.00054360
     -0.00838766      -0.00124310
     -0.01051780      -0.00131588
      0.00088079       0.00099475
     -0.00165447       0.00090911
     -0.00171190       0.00198813
     -0.00021651      -0.00009561
     -0.00254576      -0.00007519
     -0.00007721       0.00012890
     -0.00102783      -0.00078194
      0.00000949       0.00002642
     -0.00108841      -0.00043321
     -0.00200746      -0.00020423
     -0.00005900      -0.00004617
     -0.00037581      -0.00035084
     -0.00011738       0.00054914
     -0.00119675      -0.00078813
      0.00036793       0.00054049
     -0.00053198      -0.00047171
     -0.00028947      -0.00026051
      0.00003545       0.00006921
     -0.00229979      -0.00093739
      0.00006858       0.00010809
     -0.00085999       0.00122327
     -0.00104623       0.00044519
     -0.00123339      -0.00058536
     -0.00067006       0.00086143
     -0.00019323       0.00001540
     -0.00064669      -0.00058336
     -0.01204541      -0.00043634
     -0.00030894      -0.00029967
     -0.00030558      -0.00029691
      0.00010029       0.00015254
     -0.00032012      -0.00031700
      0.00011044       0.00018955
     -0.00030316      -0.00029450
     -0.00159759      -0.00007439
     -0.00077434      -0.00058675
     -0.00020327      -0.00013684
     -0.00063000      -0.00025798
     -0.00007677      -0.00005047
     -0.00036761      -0.00028429
     -0.00001580       0.00009829
      0.00027975       0.00049106
     -0.00323649       0.00082932
     -0.00211700      -0.00081530
     -0.00027514      -0.00027633
     -0.00049526      -0.00042462
     -0.00152548      -0.00001680
      0.00024003       0.00026377
     -0.00521340       0.00149022
     -0.00068310       0.00001569
     -0.00060057       0.00047482
     -0.00439572      -0.00025882
     -0.00002385       0.00002065
     -0.00047001      -0.00041536
     -0.00813082      -0.00069377
     -0.00016609      -0.00011664
     -0.00010294       0.00073121
     -0.00136201       0.00101668
     -0.00020572       0.00031512
     -0.00040017      -0.00037699
     -0.00430776      -0.00025564
     -0.00173530      -0.00009325
     -0.00859786      -0.00160768
     -0.00030525      -0.00030338
     -0.00025001       0.00027505
      0.00019144       0.00021211
     -0.00023376      -0.00014091
      0.00028898       0.00057106
     -0.00222208       0.00087379
     -0.00024765      -0.00020488
     -0.00002001       0.00001779
     -0.00535276      -0.00133366
     -0.00040691       0.00020691
     -0.00517346       0.00025541
     -0.00611566      -0.00085418
     -0.00035322      -0.00006787
     -0.00022802      -0.00021507
     -0.00222259       0.00007045
     -0.00060589       0.00009063
     -0.00023225      -0.00022592
     -0.00345656      -0.00044006
      0.00059972       0.00060628
     -0.00061227      -0.00047023
     -0.00601362      -0.00146684
      0.00038799       0.00106228
     -0.00066734       0.00131368
     -0.00006920       0.00036681
      0.00002156       0.00005303
     -0.00025445      -0.00024819
      0.00032840       0.00036932
     -0.00558644       0.00213304
     -0.00019088      -0.00018539
      0.00014645       0.00020858
     -0.00149635      -0.00088440
     -0.00048417       0.00083284
     -0.00024674      -0.00006486
     -0.00223806       0.00024477
     -0.00056331      -0.00037642
     -0.00493392       0.00202632
     -0.00009218       0.00014454
     -0.00795999      -0.00203470
      0.00023862       0.00026366
      0.00015770       0.00018826
     -0.00009587       0.00073089
      0.00001868       0.00031030
     -0.00131812       0.00027708
     -0.00035815      -0.00001082
     -0.00018355      -0.00011641
     -0.00082962       0.00103064
     -0.00122429       0.00095257
     -0.01002203      -0.00096196
     -0.00100696       0.00118538
     -0.00440311      -0.00022018
     -0.00424593      -0.00060077
     -0.00115594       0.00012817
     -0.00586286       0.00099347
     -0.00022240       0.00000410
     -0.00180984      -0.00040267
     -0.00468887      -0.00168049
     -0.00029172      -0.00027619
     -0.00939880       0.00084514
     -0.00559988       0.00041118
     -0.00013287      -0.00003884
     -0.00280983      -0.00129337
     -0.00052800       0.00002362
      0.00013088       0.00132393
      0.00011315       0.00090238
     -0.00013773      -0.00013099
     -0.00018816      -0.00003438
      0.00088589       0.00123233
     -0.00129846       0.00043220
     -0.00032849      -0.00025006
     -0.00319792       0.00075443
     -0.00001908       0.00005890
     -0.00512535       0.00141175
     -0.00052919       0.00136498
     -0.00193692      -0.00043276
      0.00032628       0.00037624
     -0.01023055      -0.00298921
     -0.00439189      -0.00122293
      0.00007477       0.00011465
     -0.00215611      -0.00025920
     -0.00004952       0.00014421
     -0.01158023      -0.00220135
     -0.00144746       0.00002143
     -0.00016605      -0.00015825
     -0.00054494       0.00065341
      0.00027674       0.00050823
     -0.00129395      -0.00089164
     -0.00025020       0.00371997
      0.00045345       0.00050353
     -0.00045058       0.00169165
     -0.00769393      -0.00115808
     -0.00382062      -0.00136808
     -0.00009722      -0.00004141
      0.00028302       0.00036738
     -0.00719553      -0.00178699
     -0.00014391       0.00021357
     -0.00124382       0.00095831
     -0.00114079      -0.00012963
     -0.00212446      -0.00050897
      0.00048465       0.00049105
     -0.00301176       0.00153644
     -0.00055336      -0.00031057
      0.00043798       0.00056854
     -0.00068266      -0.00035495
      0.00056854       0.00057437
     -0.00311187      -0.00063142
     -0.00277825       0.00092700
     -0.00037771      -0.00031315
     -0.00029549      -0.00007538
     -0.00060988      -0.00028833
      0.00013780       0.00015987
     -0.00519446      -0.00092291
     -0.00340508      -0.00130034
     -0.00008604      -0.00003848
     -0.00110860      -0.00046908
     -0.00091885       0.00177710
     -0.00610958       0.00009156
     -0.00744621       0.00339108
     -0.00066935      -0.00051208
     -0.00003368       0.00000547
     -0.00480359       0.00044725
     -0.00191594       0.00109093
     -0.00010363       0.00002562
      0.00002388       0.00242477
     -0.00072506      -0.00027411
     -0.00100710      -0.00071265
     -0.00056143      -0.00048316
     -0.00339375       0.00045752
      0.00058048       0.00065808
      0.00011394       0.00036599
     -0.00054821      -0.00032715
     -0.00021324      -0.00020297
     -0.00023485      -0.00014824
      0.00003302       0.00006214
      0.00008009       0.00045908
     -0.00031361      -0.00026085
     -0.00029425      -0.00020075
      0.00006458       0.00008245
     -0.00067159      -0.00049327
     -0.00020262       0.00076165
     -0.00022835       0.00006944
     -0.00027386      -0.00020209
     -0.00571653       0.00064988
     -0.00043436      -0.00029359
     -0.00021417      -0.00019622
     -0.00111322      -0.00002126
     -0.00056459       0.00007646
      0.00054183       0.00055330
     -0.00006609      -0.00005503
     -0.00132728      -0.00071871
     -0.00578732       0.00318097
     -0.00663239       0.00056148
     -0.00398156      -0.00072685
     -0.00072037       0.00012680
     -0.00110173      -0.00063283
     -0.00136077      -0.00049626
     -0.00179969      -0.00104835
     -0.00030749       0.00063321
     -0.00181162      -0.00097730
     -0.00607244       0.00182141
     -0.00004497       0.00005445
     -0.00109013      -0.00040677
     -0.00050430      -0.00041450
     -0.00035532      -0.00035524
     -0.00072996      -0.00055469
     -0.00035411      -0.00003998
     -0.00632029      -0.00190620
     -0.00143853       0.00107977
     -0.00094916       0.00030738
      0.00006287       0.00036714
     -0.00011173      -0.00010005
     -0.00009161      -0.00007859
     -0.00010232      -0.00008991
     -0.00534858       0.00071837
      0.00021740       0.00024728
     -0.00204206       0.00038134
     -0.00314544       0.00334539
     -0.00009575       0.00010225
     -0.00194581      -0.00102075
     -0.00875092      -0.00043039
      0.00050178       0.00050866
     -0.00070771      -0.00036176
     -0.00369966      -0.00128335
     -0.00859426      -0.00073395
     -0.00015912       0.00406070
     -0.00176680       0.00096229
     -0.00099378       0.00076324
     -0.00052311       0.00075586
      0.00004571       0.00078703
     -0.00047124      -0.00043557
     -0.00207224       0.00126611
     -0.00008815       0.00002004
     -0.00068670      -0.00061120
      0.00035249       0.00049010
     -0.00129574      -0.00062698
     -0.00020966       0.00042419
     -0.00955161      -0.00167033
     -0.00859752       0.00007198
     -0.00052052       0.00069684
     -0.00479770       0.00318147
     -0.00030414      -0.00023713
     -0.00046299      -0.00036713
     -0.00064704      -0.00056657
     -0.00164466       0.00058960
     -0.00012344       0.00006796
      0.00013247       0.00015076
     -0.00081729      -0.00057879
      0.00050517       0.00050903
      0.00024542       0.00047428
      0.00004775       0.00009349
      0.00061836       0.00083585
     -0.00015321      -0.00010991
     -0.00014771      -0.00013050
      0.00006056       0.00008043
      0.00042070       0.00044705
     -0.00013415       0.00073423
     -0.00004090      -0.00002668
     -0.00422373      -0.00175808
      0.00025906       0.00035774
      0.00030214       0.00049505
      0.00036294       0.00047357
     -0.00013306       0.00000955
     -0.00060034      -0.00041946
     -0.00119905       0.00056660
      0.00010820       0.00012478
     -0.00034980      -0.00034856
     -0.00219170      -0.00022774
     -0.00033438      -0.00027484
     -0.00001710       0.00001544
     -0.00107505      -0.00012606
      0.00019127       0.00024339
     -0.00019223      -0.00017984
      0.00017009       0.00018589
     -0.00021224      -0.00020823
     -0.00901613      -0.00102118
     -0.00048608       0.00085578
      0.00024578       0.00033809
     -0.00048214      -0.00040799
     -0.00006776      -0.00003862
     -0.00256370       0.00074726
     -0.01066551      -0.00040597
     -0.00294911      -0.00131245
     -0.00129076      -0.00055231
     -0.00121258      -0.00085819
     -0.00248050      -0.00089989
     -0.00389035       0.00050828
     -0.00980108      -0.00186400
     -0.00022768      -0.00022670
      0.00058477       0.00118807
     -0.00054519       0.00143091
     -0.00005184       0.00079041
     -0.00010438      -0.00007324
      0.00117583       0.00287199
     -0.00019438      -0.00018869
     -0.00139347      -0.00093614
     -0.00259242       0.00132013
     -0.00489383       0.00095750
     -0.00310387       0.00052380
     -0.00005265       0.00013536
     -0.00862772      -0.00033789
      0.00004792       0.00006297
     -0.00517939      -0.00192804
      0.00009386       0.00012292
     -0.00138542       0.00022870
      0.00010291       0.00012637
     -0.00428272      -0.00108323
     -0.00083745      -0.00048798
     -0.00078831      -0.00033199
     -0.00014377       0.00092758
     -0.00245011      -0.00127328
      0.00076391       0.00083614
     -0.00357010      -0.00106736
     -0.01022673      -0.00126334
     -0.00029316       0.00008152
     -0.00004262       0.00000294
     -0.00015332      -0.00011741
     -0.00353708       0.00098502
     -0.00017171      -0.00012899
     -0.00074783       0.00081658
     -0.00501612       0.00000994
      0.00006215       0.00007649
     -0.00104521       0.00018378
      0.00061521       0.00105269
     -0.00007231      -0.00005092
     -0.00142956      -0.00010157
      0.00025191       0.00027822
     -0.00015998      -0.00010000
     -0.00061614      -0.00011632
     -0.00063063      -0.00026725
     -0.00050677      -0.00043541
     -0.00146167       0.00049448
     -0.00049522      -0.00014829
     -0.00043553      -0.00027263
      0.00074490       0.00091844
     -0.01168549      -0.00244163
     -0.00086448      -0.00069865
     -0.00471326       0.00128739
     -0.00512492      -0.00155074
     -0.00051041      -0.00040490
     -0.00003916       0.00251769
     -0.00061343      -0.00026435
     -0.01196746       0.00254701
     -0.00059487      -0.00053189
     -0.00022074       0.00033890
     -0.00314801      -0.00045196
     -0.00223750      -0.00042975
     -0.00037461      -0.00035413
      0.00003469       0.00060965
     -0.00592226       0.00113454
      0.00012736       0.00016376
     -0.00041960      -0.00040665
      0.00055770       0.00060291
      0.00032221       0.00039195
     -0.00328992      -0.00145532
     -0.00134045      -0.00067791
     -0.00846285      -0.00070120
     -0.00366345       0.00078960
     -0.00726404      -0.00204003
     -0.00019236      -0.00017610
      0.00049079       0.00057702
     -0.00108980      -0.00076619
     -0.00046556      -0.00042668
     -0.00679799      -0.00188995
     -0.00032385       0.00054584
     -0.00299279      -0.00132694
     -0.00680418      -0.00192072
     -0.00012151      -0.00010622
     -0.00053327      -0.00050016
     -0.00021774      -0.00019950
      0.00016351       0.00018488
     -0.00074707       0.00037980
     -0.00069137      -0.00001530
     -0.00118376      -0.00023703
     -0.00128875       0.00128844
     -0.00007528      -0.00004912
     -0.00018135       0.00000342
      0.00024872       0.00105393
     -0.00044855      -0.00036183
     -0.00191624       0.00235353
     -0.00184580       0.00025007
     -0.00593521      -0.00180725
     -0.00853012      -0.00270610
     -0.00199166       0.00037495
      0.00021529       0.00104520
     -0.00025878      -0.00025173
     -0.00027442      -0.00024869
     -0.00049186      -0.00042985
     -0.00496335      -0.00117251
      0.00012514       0.00038008
      0.00017432       0.00021998
     -0.00227520      -0.00098910
      0.00026931       0.00052233
     -0.00449826      -0.00016135
      0.00019346       0.00023297
      0.00097825       0.00155598
     -0.00894517      -0.00252246
     -0.00374510      -0.00113792
      0.00020712       0.00039361
     -0.00671087      -0.00203096
     -0.00378750       0.00085766
     -0.00228572      -0.00038038
     -0.00063166      -0.00047441
     -0.00449054      -0.00099002
     -0.00049591      -0.00044397
      0.00014221       0.00016185
     -0.00148346       0.00031177
      0.00028646       0.00030856
      0.00017852       0.00019734
     -0.00050681       0.00292147
     -0.00688920      -0.00208776
     -0.00077073       0.00116716
     -0.00059510      -0.00043153
      0.00003030       0.00042188
     -0.00040678      -0.00036861
     -0.00099868      -0.00052736
     -0.00137111       0.00332878
     -0.00154185       0.00083913
     -0.00050465      -0.00040819
     -0.00919085      -0.00065995
     -0.00140026       0.00126948
     -0.00500243       0.00184111
     -0.00004192       0.00004069
     -0.00252623      -0.00098906
     -0.00369244       0.00009705
     -0.00326979      -0.00046362
      0.00106013       0.00151137
     -0.00220219       0.00119215
      0.00019112       0.00029610
      0.00008583       0.00010596
     -0.00053066      -0.00048827
     -0.00006859       0.00000158
      0.00018781       0.00019348
     -0.00003899      -0.00000279
     -0.00930590      -0.00125785
      0.00095041       0.00166445
     -0.00031522      -0.00025266
     -0.00028305      -0.00020929
     -0.00074495       0.00102671
      0.00012607       0.00015160
     -0.00069368       0.00117349
      0.00014685       0.00023467
     -0.00036111      -0.00035047
     -0.00016831      -0.00015829
     -0.00177247      -0.00034626
     -0.00005497       0.00014056
     -0.00009867      -0.00007316
      0.00026626       0.00033180
     -0.00024188      -0.00017454
     -0.00024397      -0.00023469
      0.00018002       0.00022212
      0.00056729       0.00074913
     -0.00232465       0.00041496
      0.00014466       0.00029189
     -0.00004810       0.00002886
     -0.00214205      -0.00066511
     -0.00135412      -0.00084810
      0.00011338       0.00017612
      0.00108056       0.00183298
     -0.00128210       0.00087056
      0.00017944       0.00023549
     -0.00062794      -0.00021709
      0.00022436       0.00024881
     -0.00013874      -0.00012593
     -0.00057220      -0.00038988
     -0.00454056      -0.00080445
     -0.00106679       0.00051478
     -0.00353665       0.00186411
      0.00104213       0.00176335
     -0.00006198       0.00024192
     -0.00138974       0.00099434
     -0.00183746      -0.00005147
      0.00009850       0.00046240
     -0.00052479      -0.00030774
     -0.00010594      -0.00008071
     -0.00079210      -0.00022619
     -0.00200352       0.00198830
      0.00000614       0.00011652
      0.00078388       0.00092601
     -0.00048900       0.00023540
     -0.00018089      -0.00010988
     -0.00047724      -0.00025237
     -0.00256221       0.00454514
     -0.00040133      -0.00036839
      0.00034481       0.00080847
     -0.00030351      -0.00016318
     -0.00260961       0.00045945
      0.00032187       0.00059576
     -0.00360685      -0.00007531
     -0.00318918      -0.00140576
     -0.00375669      -0.00117886
     -0.00067829      -0.00047086
     -0.00028264      -0.00028240
      0.00019427       0.00023973
     -0.00022256      -0.00015543
     -0.00029407      -0.00029160
     -0.00385081       0.00102291
     -0.00274985      -0.00103818
     -0.00028234       0.00016763
     -0.00003876      -0.00000123
      0.00007513       0.00014572
     -0.00367941      -0.00094198
      0.00009230       0.00010828
     -0.00077363      -0.00018596
     -0.00017485       0.00059813
     -0.00027600      -0.00025613
     -0.00004795       0.00014153
     -0.00001071       0.00000101
     -0.00021907      -0.00021490
     -0.00040054      -0.00037288
     -0.00124217       0.00436579
     -0.00092845      -0.00070928
     -0.00039543      -0.00008548
      0.00099570       0.00136322
     -0.00039890      -0.00026626
     -0.00159263      -0.00081436
     -0.00006614       0.00082590
      0.00008352       0.00010710
     -0.00038693      -0.00034378
     -0.00159056      -0.00067548
     -0.00990598       0.00142549
      0.00027216       0.00029751
      0.00040616       0.00073699
     -0.00047693      -0.00032255
     -0.00051671      -0.00040428
     -0.00033974      -0.00007890
     -0.00027631      -0.00025791
     -0.00615130      -0.00062881
     -0.00083628      -0.00063986
     -0.00069891      -0.00044139
     -0.00655692       0.00153609
      0.00031738       0.00046318
     -0.00103750      -0.00081109
     -0.00225218      -0.00079768
     -0.00894320      -0.00076089
     -0.00058585      -0.00032074
      0.00070840       0.00073810
     -0.00066694      -0.00044401
      0.00016102       0.00018061
      0.00024130       0.00057853
      0.00041212       0.00223652
     -0.00009006      -0.00001048
     -0.00030498      -0.00027221
      0.00018543       0.00021471
     -0.00183671      -0.00058348
      0.00011812       0.00015662
     -0.00002116       0.00017906
      0.00047218       0.00047911
     -0.01209833      -0.00300745
      0.00014625       0.00016822
     -0.00168659       0.00188010
      0.00003876       0.00016363
     -0.00880870      -0.00004412
     -0.00593142      -0.00140944
     -0.00136149      -0.00091735
      0.00026986       0.00047276
     -0.00016624      -0.00012352
     -0.00311196      -0.00078471
     -0.00907317       0.00039437
     -0.00043801      -0.00022175
     -0.00041277       0.00043947
      0.00013457       0.00032236
      0.00017091       0.00028107
     -0.00608766      -0.00012282
      0.00005763       0.00013887
      0.00007020       0.00026568
     -0.00266705      -0.00014958
     -0.00045470      -0.00036782
     -0.00049672      -0.00046149
      0.00020213       0.00023791
     -0.00041095      -0.00034618
     -0.00478249       0.00129587
      0.00025146       0.00040867
     -0.00003436       0.00004897
     -0.00317387       0.00060702
     -0.00239306       0.00228859
     -0.00026810       0.00079847
     -0.00131953      -0.00055657
     -0.00043097      -0.00041596
     -0.00078461      -0.00029302
     -0.00109067       0.00029783
      0.00032413       0.00035376
     -0.00756756      -0.00065046
     -0.00017387      -0.00015052
     -0.00043106      -0.00037000
     -0.00004838       0.00014277
     -0.00256794       0.00077860
     -0.00048905      -0.00046980
     -0.00144559      -0.00095045
     -0.00007389       0.00040524
     -0.00463154      -0.00148210
     -0.00085952       0.00063760
     -0.00007649       0.00093849
     -0.00057237      -0.00046306
     -0.00656349       0.00102359
     -0.00047117      -0.00044528
     -0.00075154      -0.00044502
     -0.00032650       0.00032555
     -0.00485604      -0.00031934
     -0.00060804       0.00146629
     -0.00123881      -0.00003545
      0.00004852       0.00010351
     -0.00055756      -0.00050759
     -0.00021219      -0.00017515
     -0.00151132       0.00038378
     -0.00764995      -0.00212616
     -0.00187055       0.00051606
     -0.00607180       0.00136409
     -0.00235787       0.00035528
     -0.00352269       0.00054742
     -0.00100127       0.00054700
      0.00005252       0.00006626
     -0.00448685      -0.00183642
     -0.00073858       0.00016174
      0.00005139       0.00028232
     -0.00121930       0.00078064
     -0.00006025      -0.00004601
     -0.00021674       0.00009359
     -0.00193016      -0.00061672
     -0.00994212       0.00102601
     -0.00094348       0.00006613
     -0.00007241       0.00003791
     -0.00263224       0.00028784
      0.00022261       0.00045646
     -0.00009098       0.00019829
     -0.00028732      -0.00029245
     -0.00028702       0.00026661
     -0.00032459      -0.00029272
      0.00002087       0.00003283
      0.00024219       0.00028044
     -0.00358386      -0.00042702
     -0.00160309      -0.00103929
     -0.00020338      -0.00017803
     -0.00069465      -0.00058637
      0.00027818       0.00044060
     -0.00087741      -0.00020032
      0.00013157       0.00020852
     -0.00057170      -0.00030772
      0.00036836       0.00044523
     -0.00241138       0.00028505
     -0.00053756       0.00030905
     -0.00096441      -0.00058132
     -0.00045526       0.00010810
     -0.00076683      -0.00057400
     -0.00023202      -0.00012769
     -0.00420475       0.00369630
     -0.00009130       0.00001802
     -0.00029480       0.00040574
      0.00035520       0.00045165
     -0.00146191      -0.00061086
     -0.00125219      -0.00086543
      0.00017552       0.00020234
     -0.00021483      -0.00002096
      0.00006709       0.00042484
      0.00003076       0.00005598
     -0.00597311      -0.00144575
     -0.00009246      -0.00007487
     -0.00112843      -0.00017221
      0.00025040       0.00029988
     -0.00322534       0.00080460
      0.00046026       0.00089587
     -0.00080910      -0.00052123
     -0.00145929      -0.00080571
     -0.00015701      -0.00014422
      0.00017542       0.00051146
     -0.00036233      -0.00033208
     -0.00056851      -0.00050991
      0.00022702       0.00042329
     -0.00524746      -0.00149955
     -0.00897226      -0.00115306
     -0.00114333      -0.00081323
     -0.00850032       0.00038165
      0.00012562       0.00019074
      0.00004954       0.00007132
     -0.00094647       0.00053727
     -0.00106730      -0.00036607
     -0.00030695      -0.00029282
     -0.00050322      -0.00042654
     -0.00312651      -0.00132166
     -0.00028680       0.00101074
      0.00090567       0.00127004
      0.00061938       0.00065760
     -0.00068318       0.00084106
      0.00028319       0.00038587
      0.00015079       0.00024452
     -0.00005765      -0.00004453
     -0.00049656      -0.00028210
     -0.00036609      -0.00033493
     -0.00015588       0.00022052
      0.00015451       0.00047766
     -0.00123574      -0.00075557
     -0.00014375      -0.00009314
     -0.00538904       0.00017390
      0.00002928       0.00009666
     -0.00339656      -0.00066781
     -0.00017667      -0.00007495
     -0.00604285       0.00502068
      0.00023003       0.00026391
     -0.00222917      -0.00010503
     -0.00259803       0.00017162
     -0.00062789      -0.00006558
     -0.00230769       0.00016549
     -0.00014934      -0.00011689
     -0.00152575       0.00083291
     -0.00409993      -0.00117712
     -0.00024069       0.00045314
     -0.00041480      -0.00034065
      0.00048167       0.00083267
     -0.00099649       0.00103631
     -0.00085724      -0.00039270
     -0.00334685       0.00086806
     -0.00034304      -0.00031540
      0.00001457       0.00076455
     -0.00010127       0.00026457
     -0.00151661      -0.00090322
     -0.00541922       0.00056547
     -0.00014404      -0.00005466
     -0.00832613       0.00026517
     -0.00015164       0.00005417
     -0.00672324      -0.00017290
     -0.00204093      -0.00114271
     -0.00515978      -0.00046824
     -0.00137791       0.00083315
     -0.00028351      -0.00026428
     -0.00005131       0.00028879
     -0.00556166      -0.00102772
     -0.00025328      -0.00008938
     -0.00063647      -0.00053730
     -0.00488863       0.00083368
     -0.00080363       0.00016926
      0.00009541       0.00010600
     -0.00117479      -0.00038103
     -0.01015789      -0.00224361
     -0.00654677      -0.00086795
     -0.00140933      -0.00096075
     -0.00028947       0.00018900
     -0.00026410      -0.00017153
     -0.00067141      -0.00023137
      0.00052067       0.00052526
     -0.00017088      -0.00016076
      0.00110112       0.00123215
     -0.00000195       0.00011758
     -0.01443440      -0.00179114
     -0.00069477      -0.00052746
     -0.00085819      -0.00004549
     -0.00239147      -0.00108334
     -0.00007734      -0.00006511
      0.00040551       0.00071010
      0.00001560       0.00021372
     -0.00462913       0.00071725
     -0.00049221      -0.00046407
     -0.00033650      -0.00032282
     -0.00112120      -0.00061266
     -0.00133749      -0.00087799
     -0.00595247      -0.00094573
      0.00001427       0.00020904
      0.00013268       0.00015649
     -0.00002519       0.00000034
     -0.00102153      -0.00078972
     -0.00468414      -0.00062753
     -0.00260961       0.00046682
     -0.00125516       0.00071988
      0.00002613       0.00021393
     -0.00018508      -0.00017578
     -0.00025219      -0.00025158
     -0.00021325      -0.00018923
     -0.00081374      -0.00044217
      0.00086847       0.00168096
     -0.00132900       0.00056831
     -0.00020495      -0.00019590
      0.00018782       0.00020892
     -0.00038087      -0.00036686
      0.00051900       0.00086483
     -0.00160418      -0.00077911
     -0.00024257      -0.00015785
     -0.00090904      -0.00056729
      0.00017491       0.00106088
     -0.00686231       0.00140959
     -0.00032412       0.00136454
     -0.00034932      -0.00033427
     -0.00211277       0.00055766
     -0.00065203       0.00068153
     -0.00017244      -0.00004104
     -0.00038458      -0.00025034
      0.00014681       0.00016778
     -0.00000751       0.00000802
     -0.00065841      -0.00026033
      0.00006491       0.00016299
     -0.00005480       0.00015144
     -0.00129110      -0.00087570
     -0.00033175      -0.00026921
     -0.00505399       0.00158078
      0.00058994       0.00077224
     -0.00079883      -0.00038002
     -0.00682898       0.00102936
      0.00011747       0.00034563
     -0.00285800      -0.00127386
     -0.00010100       0.00011184
     -0.00025434       0.00042118
     -0.00755719      -0.00073833
     -0.00229362       0.00026380
     -0.00121761      -0.00089529
      0.00011879       0.00136862
     -0.00040391      -0.00033676
      0.00027293       0.00044727
     -0.00031615      -0.00026832
      0.00017212       0.00036011
     -0.00892768      -0.00083836
     -0.00021011      -0.00017545
     -0.00877011       0.00134665
     -0.00219138      -0.00119179
      0.00056663       0.00064101
     -0.00279735       0.00274824
      0.00009117       0.00013757
      0.00019377       0.00023214
     -0.00031931      -0.00027109
     -0.00163225       0.00037940
      0.00019530       0.00022138
     -0.00027410      -0.00025352
      0.00005256       0.00007407
     -0.00030081      -0.00027607
     -0.00329409      -0.00119412
     -0.00355512      -0.00088514
     -0.00128351       0.00176996
     -0.00065785       0.00006177
     -0.00030822      -0.00002973
     -0.00244639       0.00070021
     -0.00025222      -0.00018046
     -0.00099676      -0.00046498
      0.00016903       0.00018811
     -0.00198163      -0.00063474
     -0.00017250       0.00071877
     -0.00109445       0.00130312
     -0.00052754       0.00332140
      0.00025944       0.00051489
     -0.00034855      -0.00032144
     -0.00058600      -0.00033257
     -0.00185144      -0.00106388
     -0.00009845       0.00000802
     -0.00009837       0.00024943
     -0.00010686       0.00022130
     -0.00049336       0.00025001
     -0.00119115      -0.00081990
     -0.00044988      -0.00032946
     -0.00363346       0.00028593
      0.00007987       0.00009858
     -0.00016243       0.00090098
     -0.00107652      -0.00082148
     -0.00055998       0.00061272
      0.00029871       0.00045099
      0.00028251       0.00038157
     -0.00011882      -0.00010488
     -0.00057998      -0.00028180
     -0.00046651       0.00030873
     -0.00265536      -0.00002259
     -0.00722806      -0.00167973
     -0.00255912      -0.00115548
      0.00033689       0.00036541
     -0.00705791      -0.00057139
     -0.00026246      -0.00018874
      0.00008675       0.00016845
     -0.00212685      -0.00093687
     -0.00083500      -0.00048448
      0.00005384       0.00014334
     -0.00068343      -0.00056803
     -0.00022999       0.00069510
      0.00006095       0.00007825
     -0.00927940      -0.00011736
     -0.00000708       0.00000532
     -0.00029296      -0.00028883
      0.00029672       0.00034819
     -0.00025700       0.00175794
      0.00022831       0.00054259
     -0.00042586      -0.00029552
     -0.00089499      -0.00004129
      0.00033234       0.00040976
     -0.00267343      -0.00043242
      0.00009093       0.00035689
     -0.00040189      -0.00030261
     -0.00031428      -0.00029961
     -0.00095922      -0.00023905
     -0.00885619      -0.00198198
     -0.00013804      -0.00011862
     -0.00016842       0.00008782
     -0.00520431      -0.00132422
     -0.00025118      -0.00022815
     -0.00059293      -0.00053595
     -0.00093344       0.00143731
     -0.00029350       0.00033975
     -0.00076988       0.00034102
     -0.00001424       0.00002157
     -0.00122408      -0.00012899
     -0.00371800       0.00079864
      0.00017884       0.00041560
     -0.00016173      -0.00014502
     -0.00422547       0.00009647
      0.00037889       0.00053718
     -0.00055731       0.00080596
      0.00014415       0.00019306
     -0.00230668      -0.00084682
     -0.00062238       0.00003882
     -0.00225711       0.00105149
     -0.00564863      -0.00088480
     -0.00034130       0.00073708
     -0.00035606      -0.00020736
