QM Energy	FF Energy
     -3.7131e-05    -2.60259e-05
     -2.4323e-05    -2.00281e-05
    -0.000221613    -0.000331698
     -4.6429e-05    -5.79118e-05
    -0.000498922    -0.000431946
     -5.4991e-05    -6.01394e-05
      -4.086e-05    -3.03708e-05
    -0.000859281    -0.000779082
     -7.6954e-05    -6.19754e-05
     -7.0725e-05    -0.000114738
     -3.5261e-05    -2.72002e-05
     -6.5205e-05    -0.000115497
    -0.000188882    -0.000159446
    -0.000165002    -0.000136006
    -0.000573322    -0.000550186
     -7.3332e-05    -6.33235e-05
     -1.6151e-05    -1.23075e-05
    -0.000419579    -0.000384941
     -6.1255e-05    -4.49738e-05
      -9.318e-06    -7.26208e-06
      -9.758e-06    -8.42975e-06
    -0.000809685    -0.000767856
     -1.2126e-05    -9.97053e-06
     -1.3998e-05    -1.15696e-05
    -0.000389971    -0.000341202
     -9.3188e-05    -0.000127951
     -1.6899e-05    -1.53003e-05
     -9.1062e-05    -8.35777e-05
       -2.88e-05    -2.34128e-05
      -3.775e-05    -2.78747e-05
    -0.000103707    -7.67509e-05
    -0.000475884    -0.000522319
      -0.0014753     -0.00133897
     -5.4409e-05    -4.51357e-05
    -0.000165126    -0.000133128
     -7.2493e-05    -0.000121561
    -0.000111143    -9.93026e-05
     -9.2032e-05    -0.000173085
    -0.000106859    -8.91923e-05
     -5.9793e-05    -8.45389e-05
    -0.000231634    -0.000258305
     -2.8659e-05    -2.11462e-05
    -0.000346899     -0.00029612
     -3.7826e-05    -2.66858e-05
    -0.000200358    -0.000273968
     -1.8867e-05    -1.62266e-05
    -0.000339181    -0.000323394
     -1.8169e-05    -1.65198e-05
     -6.8797e-05    -9.14559e-05
    -0.000114497     -0.00011198
    -0.000217737    -0.000201495
     -4.1035e-05    -4.39652e-05
     -8.5171e-05    -8.24776e-05
     -2.2893e-05    -1.65461e-05
     -2.7082e-05    -2.23006e-05
     -3.2385e-05    -2.40374e-05
     -0.00153297     -0.00136603
      -3.118e-05     -3.3303e-05
     -4.7509e-05    -5.12333e-05
    -0.000167009    -0.000134471
    -0.000138195    -0.000210271
    -0.000150193    -0.000151578
    -0.000135285    -0.000118107
    -0.000227106    -0.000290215
    -0.000611486    -0.000638024
    -0.000238725    -0.000234165
    -0.000105227    -0.000102954
     -5.4477e-05     -7.5745e-05
     -5.2611e-05    -4.06751e-05
     -0.00142705     -0.00127126
    -0.000698862    -0.000696825
     -5.9152e-05    -5.14367e-05
    -0.000245773    -0.000290013
    -0.000610072    -0.000675818
     -6.5447e-05    -4.62585e-05
    -0.000431451    -0.000381673
     -2.8352e-05     -2.6149e-05
     -9.4501e-05    -8.78033e-05
     -1.2238e-05     -1.0187e-05
    -0.000175476    -0.000138183
    -0.000236197    -0.000225969
     -1.2578e-05    -1.07112e-05
     -1.5796e-05    -1.24694e-05
     -4.4587e-05    -5.79693e-05
    -0.000126819    -9.83427e-05
     -2.7708e-05    -2.54943e-05
     -2.9039e-05    -2.61122e-05
     -2.5894e-05    -1.87308e-05
     -2.6827e-05    -2.00563e-05
    -0.000164595    -0.000182529
     -1.2797e-05      -1.119e-05
    -0.000208157    -0.000254214
     -7.8813e-05    -0.000114784
    -0.000139555     -0.00011672
     -7.2376e-05    -0.000121926
     -4.7015e-05    -3.91568e-05
     -4.3967e-05    -3.76402e-05
     -0.00111484    -0.000933165
     -1.3806e-05     -1.0494e-05
     -1.2568e-05    -1.06829e-05
     -1.6703e-05    -1.33059e-05
     -1.1817e-05    -9.90253e-06
     -3.6036e-05    -2.64879e-05
     -1.5819e-05    -1.30401e-05
    -0.000122413    -0.000140111
     -7.4136e-05    -6.07491e-05
     -2.3674e-05    -2.05694e-05
    -0.000109495    -8.53452e-05
     -2.0798e-05    -1.50873e-05
     -3.3537e-05    -2.51464e-05
     -6.2552e-05    -4.47271e-05
     -9.4459e-05    -7.96609e-05
     -0.00013347    -0.000245121
    -0.000269768    -0.000219198
     -1.3119e-05     -1.0983e-05
     -3.3029e-05    -2.45874e-05
     -0.00010724    -0.000139391
     -1.1839e-05    -9.16899e-06
    -0.000222616    -0.000341426
    -0.000185943    -0.000156817
      -6.322e-05    -8.50395e-05
    -0.000381772    -0.000393697
     -3.1524e-05    -2.20479e-05
     -3.3633e-05    -2.45542e-05
    -0.000541361    -0.000626346
      -1.314e-05    -1.17372e-05
     -6.5534e-05    -9.80924e-05
    -0.000229513    -0.000258546
     -4.3734e-05    -5.19315e-05
     -2.5919e-05    -2.27253e-05
    -0.000386716    -0.000418677
     -0.00032181    -0.000278427
     -0.00104361    -0.000844335
     -1.3396e-05    -1.08257e-05
    -0.000129092    -0.000109853
      -8.238e-06    -6.59972e-06
     -2.0293e-05    -1.68396e-05
     -7.4805e-05    -6.15705e-05
    -0.000364059    -0.000389736
     -2.7125e-05    -2.11468e-05
     -1.3591e-05    -1.17729e-05
    -0.000482849    -0.000452029
     -8.5607e-05    -7.99395e-05
    -0.000839574    -0.000874998
    -0.000390927    -0.000495944
     -7.7717e-05    -6.25401e-05
     -1.5356e-05    -1.15184e-05
    -0.000108255    -0.000187579
    -0.000189099    -0.000162626
        -8.5e-06     -7.1818e-06
    -0.000271063    -0.000288185
     -1.9002e-05     -1.5897e-05
     -5.6617e-05    -4.59549e-05
    -0.000652082    -0.000580817
     -6.3462e-05    -7.24555e-05
    -0.000158728    -0.000195937
     -6.0408e-05    -5.73429e-05
     -2.2924e-05    -1.66593e-05
     -1.5442e-05    -1.20449e-05
     -1.7122e-05    -1.35948e-05
    -0.000848676    -0.000921291
     -1.1598e-05    -8.74075e-06
      -4.041e-05    -3.16807e-05
    -0.000138117    -0.000126097
     -7.7394e-05    -0.000106289
      -7.356e-05     -5.5102e-05
    -0.000106471     -0.00019374
     -3.1595e-05    -3.12882e-05
    -0.000236474    -0.000359358
     -5.1594e-05    -4.31231e-05
    -0.000971014    -0.000857078
     -1.0329e-05    -8.91075e-06
     -1.2732e-05    -1.08277e-05
     -5.6204e-05    -7.89661e-05
     -4.1136e-05    -4.17664e-05
     -6.9252e-05    -0.000121018
     -3.7312e-05    -3.94365e-05
      -2.836e-05    -2.41187e-05
    -0.000446891    -0.000428043
     -0.00021313    -0.000258673
    -0.000660013    -0.000719288
    -0.000149142    -0.000195882
    -0.000212938      -0.0003116
    -0.000626911     -0.00054748
    -0.000207412      -0.0001962
     -0.00024602    -0.000373712
     -4.4173e-05    -4.07589e-05
    -0.000125915    -0.000139875
    -0.000493844    -0.000485461
     -2.0837e-05    -1.80888e-05
     -0.00128089     -0.00122573
    -0.000253509    -0.000381634
      -1.829e-05     -1.7574e-05
    -0.000313091    -0.000278328
     -7.2053e-05    -7.42048e-05
    -0.000306392    -0.000289585
     -5.1585e-05    -6.81655e-05
     -1.1727e-05    -9.02742e-06
     -3.0455e-05    -2.64175e-05
     -9.4402e-05    -9.07466e-05
     -6.6289e-05    -0.000113868
     -4.2597e-05    -3.04728e-05
    -0.000141163    -0.000243518
     -2.1476e-05    -1.72198e-05
    -0.000211457    -0.000325217
    -0.000583266    -0.000582451
    -0.000118535    -0.000137244
     -1.4045e-05    -1.22564e-05
     -0.00110359     -0.00101413
     -0.00056155    -0.000459533
     -1.5225e-05    -1.38101e-05
    -0.000447798    -0.000375389
     -3.1204e-05    -3.32642e-05
    -0.000949211    -0.000867364
    -0.000315855    -0.000285912
       -9.64e-06    -8.07596e-06
     -6.5513e-05    -0.000103363
     -3.3803e-05    -3.66072e-05
    -0.000118025    -9.40734e-05
    -0.000669001     -0.00078968
     -3.0356e-05    -2.43322e-05
    -0.000400661      -0.0004025
    -0.000963896    -0.000786591
    -0.000314918    -0.000311485
      -2.344e-05    -1.78164e-05
     -1.9499e-05    -1.70388e-05
    -0.000826322     -0.00071578
    -0.000117779    -9.62301e-05
     -8.2596e-05    -0.000145512
    -0.000141798    -0.000132578
     -7.0818e-05    -0.000114143
      -1.641e-05    -1.32223e-05
    -0.000135794    -0.000245094
     -9.2669e-05    -6.95101e-05
     -4.5566e-05    -3.63899e-05
    -0.000104854    -7.97088e-05
     -1.6761e-05    -1.39715e-05
    -0.000182977    -0.000219375
    -0.000409605     -0.00043353
     -3.2013e-05    -2.35589e-05
       -8.76e-05    -6.75085e-05
    -0.000116051    -8.63643e-05
     -1.2292e-05    -9.47586e-06
    -0.000193712    -0.000290414
    -0.000402309    -0.000336521
     -1.7922e-05    -1.38094e-05
     -8.5928e-05    -8.11748e-05
    -0.000119721    -0.000197206
    -0.000765739    -0.000713039
     -0.00083139    -0.000980722
      -3.632e-05    -3.49704e-05
     -2.8542e-05    -2.05161e-05
    -0.000391512    -0.000447139
    -0.000599008    -0.000623743
     -1.9519e-05    -1.83112e-05
    -0.000250351    -0.000320168
     -8.8162e-05    -7.63641e-05
     -8.5804e-05    -7.35463e-05
     -3.2596e-05    -2.98995e-05
    -0.000170307    -0.000262933
     -3.7807e-05    -3.12765e-05
     -3.7909e-05    -3.47777e-05
     -5.7268e-05    -5.08218e-05
     -1.3327e-05    -1.04857e-05
     -4.4705e-05    -3.19646e-05
     -1.2543e-05    -1.08734e-05
     -4.0016e-05    -4.48135e-05
      -3.231e-05    -2.38916e-05
     -4.8588e-05    -3.48573e-05
     -1.0262e-05    -8.26206e-06
     -5.6582e-05    -4.48862e-05
    -0.000211582    -0.000199335
     -7.0531e-05    -5.72114e-05
     -1.6027e-05    -1.49977e-05
    -0.000781847    -0.000754821
     -5.3279e-05    -4.19721e-05
     -1.8659e-05    -1.31371e-05
    -0.000246792     -0.00022545
     -7.3233e-05    -7.95081e-05
     -1.7415e-05    -1.43441e-05
     -1.2801e-05    -9.40519e-06
    -0.000129429    -0.000111702
     -0.00115375     -0.00134744
     -0.00136921     -0.00130085
    -0.000356141    -0.000356358
     -6.6339e-05    -7.62307e-05
    -0.000117275    -0.000102662
     -0.00019585    -0.000158907
    -0.000136536    -0.000122756
     -8.5678e-05    -9.58944e-05
    -0.000179686    -0.000164957
    -0.000650206    -0.000724571
     -5.4991e-05    -3.94499e-05
    -0.000202047    -0.000156352
     -2.3154e-05    -2.05835e-05
     -1.6152e-05    -1.36008e-05
     -7.0931e-05    -5.66814e-05
    -0.000105029    -8.32011e-05
    -0.000808018    -0.000665651
     -9.3546e-05    -0.000173677
    -0.000228992    -0.000215754
     -3.2753e-05     -3.5759e-05
      -1.335e-05    -9.85667e-06
     -1.3494e-05    -9.86428e-06
     -1.3352e-05    -1.15961e-05
     -0.00022368    -0.000351197
     -1.0942e-05    -9.35295e-06
    -0.000127337     -0.00018158
     -0.00155446     -0.00168572
     -2.7626e-05    -2.81697e-05
    -0.000134214    -0.000128697
    -0.000334867    -0.000425542
     -1.5772e-05    -1.29815e-05
     -8.2577e-05    -6.68915e-05
    -0.000213743    -0.000246023
    -0.000700691    -0.000706781
    -0.000723188    -0.000875241
    -0.000205227    -0.000255921
     -6.8962e-05    -0.000117719
    -0.000388494    -0.000373124
     -6.0875e-05    -8.75733e-05
      -3.386e-05    -2.93977e-05
    -0.000130851    -0.000219077
     -1.9844e-05    -1.93114e-05
      -5.029e-05     -4.4389e-05
     -3.9133e-05    -3.17925e-05
    -0.000101581    -0.000113936
     -5.0512e-05    -6.79733e-05
    -0.000937026    -0.000805682
    -0.000558454    -0.000644938
    -0.000239601    -0.000218263
     -0.00125431     -0.00138805
     -2.6608e-05    -2.32507e-05
      -4.647e-05    -3.53477e-05
     -3.2725e-05    -2.78516e-05
    -0.000334725    -0.000331105
     -3.2188e-05    -2.80739e-05
      -9.777e-06    -8.59578e-06
     -3.4045e-05    -3.40718e-05
     -1.5324e-05    -1.25449e-05
     -3.5322e-05    -3.91437e-05
      -2.205e-05    -1.69364e-05
     -9.1349e-05    -8.16124e-05
     -2.9797e-05     -2.1181e-05
     -1.6397e-05     -1.2074e-05
     -1.5632e-05    -1.16564e-05
      -2.033e-05     -1.6002e-05
    -0.000204236    -0.000182788
     -1.3345e-05    -1.08203e-05
    -0.000428803    -0.000380401
      -2.196e-05    -2.11432e-05
     -2.8174e-05     -2.8691e-05
     -2.0447e-05    -1.88468e-05
     -6.1079e-05    -4.67177e-05
     -3.5784e-05    -3.58364e-05
      -7.911e-05    -0.000138364
      -9.045e-06    -7.85383e-06
     -1.8249e-05    -1.52868e-05
    -0.000148075    -0.000180826
     -3.5499e-05    -2.81809e-05
     -1.8044e-05    -1.36114e-05
     -0.00024445    -0.000212525
     -1.6187e-05    -1.44077e-05
     -1.3952e-05    -1.04617e-05
     -2.2392e-05    -1.73327e-05
     -1.2603e-05     -9.7398e-06
    -0.000987619    -0.000845683
    -0.000199737    -0.000207595
     -2.2047e-05    -2.11406e-05
     -2.7017e-05     -2.2675e-05
     -1.8866e-05    -1.39808e-05
    -0.000741539    -0.000750821
     -0.00108424     -0.00092723
    -0.000332789     -0.00027982
    -0.000113383    -0.000109798
    -0.000118409    -0.000106658
    -0.000318073    -0.000259824
     -0.00013533    -0.000245036
    -0.000728038    -0.000707529
     -1.3209e-05    -1.05396e-05
    -0.000142115    -0.000136891
    -0.000123142    -0.000175118
     -6.4418e-05    -9.61377e-05
     -2.2754e-05    -1.65215e-05
    -0.000344226    -0.000390479
     -1.3894e-05    -1.07975e-05
    -0.000139597    -0.000126786
    -0.000121148    -0.000223736
    -0.000185867     -0.00029312
    -0.000111804    -0.000200524
     -8.0872e-05     -6.3797e-05
    -0.000321432    -0.000410852
      -1.546e-05    -1.15547e-05
      -0.0005846    -0.000500058
     -1.6357e-05    -1.26004e-05
    -0.000171852    -0.000179682
      -8.977e-06    -7.40047e-06
    -0.000263578    -0.000330343
    -0.000103912    -8.44414e-05
    -0.000119459    -9.54347e-05
     -5.9803e-05    -8.87013e-05
    -0.000265924    -0.000251337
     -4.2146e-05    -3.58351e-05
    -0.000464472    -0.000383474
     -0.00183791     -0.00156313
     -3.3521e-05    -3.77108e-05
     -2.5773e-05    -1.90988e-05
     -2.5391e-05    -1.83085e-05
    -0.000303946    -0.000374717
     -2.4871e-05     -2.0394e-05
     -7.2639e-05     -0.00011924
    -0.000511412    -0.000507757
      -8.517e-06    -7.13723e-06
    -0.000103799    -0.000126979
    -0.000193266    -0.000178302
     -1.3576e-05    -1.20039e-05
    -0.000193014    -0.000178603
     -1.0112e-05    -8.30167e-06
     -1.4642e-05    -1.32588e-05
     -7.9311e-05    -7.94038e-05
    -0.000108106    -8.34276e-05
     -4.3788e-05    -3.21413e-05
     -0.00032284    -0.000336891
     -4.9598e-05    -5.04926e-05
     -3.3426e-05    -3.02677e-05
      -8.961e-05    -7.83901e-05
    -0.000781371    -0.000805244
     -6.8149e-05    -6.38269e-05
    -0.000206745    -0.000327712
    -0.000413371     -0.00040831
     -4.8037e-05    -3.53244e-05
     -0.00026711    -0.000346812
     -8.4117e-05    -6.78077e-05
     -0.00207878     -0.00205459
     -4.1481e-05    -3.51614e-05
     -4.2898e-05    -4.96026e-05
      -9.161e-05     -0.00016473
    -0.000168484    -0.000212441
     -2.5334e-05    -2.06127e-05
    -0.000155502    -0.000135052
    -0.000442652    -0.000522913
     -1.4387e-05    -1.30678e-05
     -2.1416e-05    -1.79224e-05
     -3.9668e-05    -3.11966e-05
     -2.2117e-05    -2.14448e-05
    -0.000223718    -0.000232336
     -9.9658e-05    -9.23401e-05
    -0.000499551    -0.000589849
    -0.000157357    -0.000277138
    -0.000937441    -0.000769824
     -1.0357e-05    -8.65088e-06
     -3.5744e-05    -2.88671e-05
    -0.000106168    -8.17053e-05
     -1.9896e-05    -1.55601e-05
    -0.000778973    -0.000653201
     -5.9143e-05    -8.71919e-05
    -0.000330287    -0.000305627
    -0.000834595    -0.000691605
     -1.4668e-05    -1.17178e-05
     -3.3931e-05     -3.0188e-05
     -2.0119e-05    -1.59997e-05
     -2.1565e-05    -1.56603e-05
     -9.0179e-05    -0.000110745
     -5.8376e-05    -6.41923e-05
    -0.000203344    -0.000170202
     -8.7303e-05    -0.000158078
      -1.118e-05    -8.72761e-06
     -5.6031e-05     -4.4151e-05
    -0.000269802     -0.00025585
     -4.4167e-05    -3.19446e-05
    -0.000719614    -0.000780931
     -9.9569e-05    -0.000170188
     -0.00073274    -0.000630473
    -0.000850025    -0.000808137
    -0.000188345     -0.00021904
    -0.000147655    -0.000148735
     -1.4762e-05    -1.14472e-05
     -2.3048e-05    -1.73059e-05
     -2.8791e-05    -2.50695e-05
    -0.000787689    -0.000666193
     -3.5085e-05    -3.61881e-05
     -1.7693e-05    -1.38925e-05
    -0.000200913    -0.000188287
     -3.2991e-05    -3.51792e-05
    -0.000124206    -0.000225166
     -2.8703e-05    -2.14636e-05
    -0.000189786    -0.000175987
     -0.00115516    -0.000966556
     -0.00040277    -0.000383375
     -3.3248e-05    -3.60174e-05
    -0.000829393    -0.000753454
     -0.00099046    -0.000919885
    -0.000353912    -0.000314389
     -5.8006e-05    -5.17366e-05
    -0.000199624    -0.000280703
     -3.4296e-05    -2.54224e-05
      -9.551e-06    -7.51005e-06
    -0.000129355    -0.000157306
     -1.0267e-05    -8.12012e-06
       -2.03e-05    -1.54698e-05
    -0.000423327    -0.000531361
    -0.000848749    -0.000702643
      -7.979e-05    -0.000130744
     -4.9441e-05    -3.94738e-05
    -0.000133558    -0.000106985
     -2.1804e-05    -1.86386e-05
     -6.3733e-05    -7.16005e-05
    -0.000750552    -0.000865683
     -0.00041904    -0.000427283
      -4.495e-05    -4.03548e-05
     -0.00105057      -0.0010065
     -8.9557e-05    -0.000165064
    -0.000390816    -0.000505225
     -1.9002e-05    -1.72515e-05
    -0.000152659    -0.000166814
    -0.000251868    -0.000304196
    -0.000108595    -0.000177527
    -0.000116672    -0.000115708
     -0.00014434    -0.000228602
     -3.6556e-05    -2.97147e-05
     -1.7724e-05    -1.34373e-05
     -2.4243e-05     -1.8948e-05
     -3.5159e-05    -2.65526e-05
     -1.5034e-05      -1.181e-05
     -2.7159e-05     -1.9057e-05
    -0.000913458    -0.000802525
    -0.000118453    -0.000128027
     -3.3407e-05    -2.51089e-05
     -3.7776e-05    -2.81266e-05
     -7.8977e-05    -0.000137044
     -1.2384e-05    -9.62875e-06
     -7.6786e-05    -0.000127032
     -2.3109e-05    -1.96816e-05
     -2.2249e-05     -1.8868e-05
     -1.3071e-05    -9.66355e-06
    -0.000237932    -0.000223043
     -2.7492e-05    -2.87923e-05
     -1.3287e-05    -1.14243e-05
     -1.7783e-05    -1.63755e-05
     -2.3718e-05    -2.19049e-05
      -8.537e-06    -7.12791e-06
     -1.4227e-05    -1.27175e-05
    -0.000107947    -9.36015e-05
     -8.4191e-05    -0.000158034
     -7.2474e-05    -5.78709e-05
     -3.4842e-05    -2.65525e-05
    -0.000333191    -0.000281134
    -0.000146605    -0.000118208
     -2.4003e-05    -1.85806e-05
    -0.000223744    -0.000217014
    -0.000175541    -0.000212679
     -1.5812e-05     -1.4232e-05
    -0.000120237     -9.5431e-05
      -9.437e-06    -7.66385e-06
     -1.5184e-05    -1.08808e-05
     -7.2344e-05    -5.36997e-05
    -0.000669625    -0.000585629
     -8.3755e-05    -0.000130273
    -0.000683036    -0.000767052
    -0.000183226    -0.000187471
      -4.901e-05    -4.55419e-05
    -0.000500984    -0.000484291
      -6.394e-05    -0.000113712
     -3.4027e-05    -3.68929e-05
     -3.8567e-05    -4.07838e-05
     -2.1187e-05    -1.51521e-05
    -0.000147726     -0.00011778
    -0.000294499    -0.000385398
     -4.0677e-05    -3.07206e-05
     -5.7539e-05    -5.09206e-05
     -5.3699e-05    -7.57178e-05
     -2.7561e-05     -2.2849e-05
     -4.0394e-05    -3.46402e-05
     -0.00101267     -0.00123133
     -2.8448e-05    -2.52709e-05
     -4.1028e-05    -4.67984e-05
     -4.5839e-05    -3.65566e-05
    -0.000673724    -0.000639956
     -3.2013e-05    -3.36713e-05
    -0.000187669    -0.000269786
    -0.000205756    -0.000216285
    -0.000202531    -0.000242464
     -7.1207e-05    -5.45464e-05
      -1.262e-05    -1.01532e-05
        -1.6e-05    -1.44736e-05
     -3.1336e-05    -2.48844e-05
     -1.4952e-05    -1.19739e-05
    -0.000489333    -0.000594935
    -0.000422736    -0.000348791
     -3.8428e-05    -4.68394e-05
     -1.8613e-05    -1.61126e-05
     -2.1198e-05    -1.71464e-05
    -0.000475408    -0.000398355
      -8.773e-06    -7.58596e-06
     -5.6287e-05    -6.81712e-05
     -5.7219e-05    -8.23438e-05
     -1.1551e-05    -9.19648e-06
     -2.5172e-05    -2.51086e-05
     -1.3682e-05    -1.00442e-05
     -1.3271e-05    -1.02468e-05
     -2.7779e-05    -2.18445e-05
    -0.000932674     -0.00112608
     -4.9263e-05    -4.39925e-05
     -5.3205e-05    -4.63012e-05
    -0.000143664    -0.000131286
     -6.0222e-05    -4.39112e-05
     -8.0285e-05    -9.21529e-05
    -0.000199963    -0.000197995
     -1.1327e-05     -1.0046e-05
      -1.929e-05    -1.72869e-05
    -0.000123562    -0.000120967
     -0.00168969     -0.00155689
     -3.5362e-05    -2.81506e-05
    -0.000150033    -0.000130275
      -5.398e-05      -4.108e-05
     -5.4576e-05    -4.07476e-05
     -9.2561e-05    -6.85469e-05
     -1.9187e-05    -1.54572e-05
    -0.000731967    -0.000720097
     -5.3238e-05    -4.33574e-05
      -4.081e-05    -3.71318e-05
     -0.00107684     -0.00119662
     -2.6971e-05    -2.70635e-05
     -9.2966e-05    -8.65611e-05
    -0.000266961    -0.000229908
    -0.000683573    -0.000667413
     -2.9482e-05    -3.24731e-05
     -3.3506e-05    -2.76301e-05
     -5.4731e-05    -5.37579e-05
      -9.596e-06    -8.32041e-06
     -3.4012e-05    -3.66148e-05
    -0.000358014    -0.000384667
     -2.3419e-05    -1.88054e-05
     -2.6579e-05    -1.90735e-05
     -1.3089e-05    -1.18089e-05
    -0.000291869     -0.00024475
      -1.472e-05    -1.25205e-05
      -3.325e-05    -3.12037e-05
     -1.9073e-05    -1.55399e-05
     -0.00112576     -0.00105605
     -1.0732e-05    -8.94511e-06
    -0.000246913    -0.000332288
     -2.2698e-05    -2.18169e-05
    -0.000567848    -0.000594247
    -0.000709616    -0.000583299
    -0.000133994     -0.00012079
     -4.8344e-05     -4.2492e-05
     -2.7448e-05     -2.0067e-05
    -0.000399173    -0.000358586
     -0.00059137     -0.00065115
     -3.6732e-05    -3.87818e-05
     -5.6879e-05    -8.44206e-05
     -2.9175e-05    -3.01503e-05
     -3.2573e-05    -2.58829e-05
    -0.000439006    -0.000527698
     -2.0345e-05    -1.93163e-05
     -3.6763e-05    -3.20059e-05
    -0.000216302    -0.000245788
     -4.3979e-05    -3.43764e-05
     -2.8752e-05     -2.3577e-05
     -1.1097e-05     -9.3415e-06
     -4.0389e-05    -3.21205e-05
    -0.000329718    -0.000455939
     -9.0973e-05    -7.59743e-05
      -2.914e-05    -2.25636e-05
    -0.000118912    -0.000219465
    -0.000203126    -0.000332194
     -5.5896e-05    -8.16303e-05
     -0.00010469    -9.86028e-05
     -2.3758e-05    -2.07242e-05
    -0.000135706    -0.000106661
     -7.4662e-05    -0.000122554
     -2.8144e-05    -2.10084e-05
    -0.000670238    -0.000648568
     -2.0527e-05    -1.51854e-05
     -3.7108e-05      -2.752e-05
     -3.4145e-05     -3.4342e-05
    -0.000792267    -0.000748014
     -2.9653e-05    -2.54084e-05
     -0.00014726    -0.000127004
     -6.4732e-05    -6.28092e-05
    -0.000536009    -0.000476893
      -6.878e-05    -0.000116043
    -0.000298442    -0.000284951
     -5.5529e-05    -4.22667e-05
     -0.00120403     -0.00113491
       -3.15e-05    -2.76231e-05
      -7.872e-05     -7.0548e-05
    -0.000189903    -0.000169481
    -0.000253122    -0.000371128
    -0.000585991    -0.000584012
    -0.000112889    -0.000120674
     -3.7664e-05    -2.79914e-05
     -2.4915e-05    -2.02176e-05
     -1.3279e-05    -1.17132e-05
     -6.6173e-05    -0.000115148
      -0.0009714    -0.000836021
     -8.8163e-05    -0.000168769
    -0.000247069    -0.000347508
    -0.000423633    -0.000444423
    -0.000373157    -0.000406708
    -0.000243632     -0.00024965
     -1.4406e-05    -1.08282e-05
    -0.000477131    -0.000435892
      -5.855e-05    -8.61141e-05
     -9.5754e-05     -7.9937e-05
     -0.00010173    -0.000150629
      -1.073e-05    -8.43669e-06
     -3.9862e-05     -4.4875e-05
     -0.00014576    -0.000147542
     -0.00149413     -0.00141989
     -0.00014416    -0.000134397
     -4.1242e-05     -3.1781e-05
    -0.000290101    -0.000311435
     -0.00010988    -8.62755e-05
     -3.4566e-05    -3.34035e-05
     -1.2617e-05    -1.07881e-05
     -3.9799e-05    -5.01315e-05
     -2.4285e-05     -1.7598e-05
      -7.703e-06    -6.54469e-06
     -1.3656e-05    -1.21003e-05
     -0.00028894    -0.000324135
    -0.000162245    -0.000147928
     -1.2283e-05    -9.86867e-06
     -5.8152e-05    -4.88348e-05
      -2.716e-05    -2.43631e-05
    -0.000208974    -0.000164724
     -3.8212e-05     -2.8531e-05
     -7.1992e-05    -6.26963e-05
      -5.322e-05    -4.37717e-05
     -9.4975e-05    -0.000163527
    -0.000102621    -0.000106258
     -7.4562e-05    -6.44345e-05
    -0.000162984    -0.000137798
     -5.8166e-05      -5.533e-05
     -3.3751e-05    -2.61838e-05
      -0.0012668     -0.00139866
     -1.9588e-05    -1.71023e-05
    -0.000120361    -0.000107844
      -1.899e-05    -1.70729e-05
    -0.000222623    -0.000176057
     -9.1281e-05    -8.56971e-05
     -2.8712e-05    -2.19016e-05
     -5.4584e-05    -4.41972e-05
     -3.3115e-05      -3.618e-05
      -9.222e-06    -7.77416e-06
    -0.000654603    -0.000616402
     -1.0111e-05    -8.84503e-06
    -0.000215874    -0.000182612
     -3.6652e-05    -2.85354e-05
    -0.000162184    -0.000259564
     -9.4993e-05    -8.47354e-05
     -7.8416e-05    -6.39239e-05
     -9.1678e-05     -8.8715e-05
     -1.4241e-05    -1.05052e-05
     -3.7204e-05    -3.84553e-05
     -1.4614e-05    -1.16608e-05
     -4.2931e-05    -3.59742e-05
     -5.1508e-05    -4.14687e-05
    -0.000635383    -0.000524571
    -0.000366839    -0.000464722
    -0.000101561    -8.07132e-05
    -0.000730449    -0.000719337
     -4.1766e-05    -3.26494e-05
     -1.4988e-05    -1.13456e-05
    -0.000130465    -0.000147807
    -0.000164912    -0.000138923
     -1.0773e-05    -9.09053e-06
      -3.378e-05    -2.50568e-05
     -0.00028066    -0.000292859
    -0.000387952    -0.000377721
    -0.000150268    -0.000136743
     -3.3009e-05    -2.69194e-05
     -8.0895e-05    -0.000118208
     -5.5456e-05    -4.13374e-05
     -1.9536e-05    -1.75864e-05
       -8.39e-06    -7.14133e-06
     -7.8012e-05     -5.8754e-05
     -1.8026e-05    -1.35262e-05
    -0.000149612    -0.000114417
    -0.000142684    -0.000124214
     -8.7597e-05    -7.91379e-05
     -1.5638e-05    -1.38708e-05
     -0.00019798    -0.000326225
     -2.0721e-05    -1.64002e-05
    -0.000482331    -0.000409572
     -2.6892e-05    -2.52834e-05
      -0.0014312     -0.00168125
     -1.4168e-05    -1.27926e-05
    -0.000407805    -0.000352445
     -9.9171e-05    -0.000169664
     -4.7836e-05     -5.2649e-05
    -0.000119207    -0.000172669
     -1.3337e-05     -1.2009e-05
     -8.4155e-05    -0.000151105
    -0.000143371    -0.000216833
     -5.4494e-05    -6.77976e-05
     -2.7183e-05    -2.32089e-05
     -5.9599e-05    -5.58776e-05
    -0.000160763    -0.000195119
    -0.000152899    -0.000116231
    -0.000343997    -0.000430289
     -1.6616e-05     -1.2432e-05
      -5.223e-05    -6.66453e-05
    -0.000141594    -0.000118459
    -0.000158072    -0.000143346
    -0.000206592    -0.000338439
     -4.0911e-05    -3.08046e-05
    -0.000365829    -0.000452277
     -3.6565e-05    -3.47101e-05
    -0.000372982    -0.000453584
    -0.000111167    -0.000115264
    -0.000281244    -0.000360265
     -8.7827e-05    -0.000163465
     -2.2461e-05    -1.75573e-05
    -0.000114298    -9.70742e-05
    -0.000469911     -0.00051943
     -2.9749e-05    -3.02871e-05
     -4.6968e-05    -3.97652e-05
    -0.000194738    -0.000315585
    -0.000164731    -0.000145881
     -1.4924e-05    -1.13581e-05
     -7.8409e-05    -9.97841e-05
    -0.000801335    -0.000815655
     -0.00103961    -0.000882176
    -0.000139949    -0.000130788
    -0.000165672    -0.000130098
      -3.861e-05    -2.91063e-05
     -6.6551e-05    -6.22014e-05
      -1.777e-05    -1.46565e-05
      -1.281e-05    -1.08585e-05
     -7.5833e-05    -6.81906e-05
     -2.2885e-05    -2.27423e-05
     -0.00121093      -0.0010118
     -4.2901e-05      -4.091e-05
    -0.000149023    -0.000129127
    -0.000110644    -0.000133936
     -1.0779e-05    -9.08474e-06
     -3.4195e-05    -3.52047e-05
     -8.9365e-05    -7.22898e-05
    -0.000221193    -0.000325541
     -3.0925e-05    -2.53201e-05
     -1.5894e-05    -1.24285e-05
    -0.000119953    -9.90811e-05
     -0.00013009    -0.000112629
    -0.000470245    -0.000501219
     -3.6204e-05     -3.2162e-05
      -9.189e-06    -7.43162e-06
     -1.5164e-05    -1.13969e-05
     -6.7098e-05    -5.50523e-05
    -0.000280473    -0.000329308
    -0.000726185    -0.000661915
     -8.1844e-05    -0.000151554
     -3.7248e-05    -3.20613e-05
     -1.2736e-05    -9.48359e-06
     -1.1878e-05     -9.6494e-06
     -2.0079e-05    -1.40351e-05
     -7.3704e-05    -7.56835e-05
    -0.000139024    -0.000150394
     -7.2089e-05    -0.000119649
     -1.5919e-05    -1.21568e-05
      -9.421e-06    -8.01948e-06
     -1.8866e-05    -1.44183e-05
    -0.000138344    -0.000121566
    -0.000130875    -0.000127447
     -4.2195e-05    -3.10817e-05
      -5.616e-05    -5.57872e-05
    -0.000309106     -0.00029218
     -0.00173971     -0.00173262
    -0.000227131    -0.000259703
     -1.4745e-05    -1.13034e-05
     -9.2185e-05    -0.000175635
    -0.000393486    -0.000375872
     -5.5362e-05    -4.10621e-05
     -5.7694e-05    -4.27758e-05
      -8.186e-06    -6.80317e-06
     -1.6248e-05    -1.16788e-05
     -4.2956e-05    -4.96208e-05
     -2.2202e-05    -2.15971e-05
     -3.6325e-05    -3.36059e-05
     -7.6652e-05     -7.2871e-05
     -3.6869e-05    -2.86217e-05
     -0.00155094     -0.00156578
     -9.2247e-05    -7.67716e-05
    -0.000115612     -9.0617e-05
    -0.000288716    -0.000384981
    -0.000106084    -8.83676e-05
    -0.000258188    -0.000241567
     -8.1887e-05    -6.40232e-05
     -5.4894e-05    -7.13194e-05
    -0.000251037    -0.000362323
     -0.00046105    -0.000415848
    -0.000114597    -0.000107843
     -0.00014004    -0.000164061
      -3.865e-05    -2.93458e-05
     -2.4879e-05     -2.3426e-05
     -1.9732e-05    -1.63082e-05
     -8.2633e-05    -6.22518e-05
    -0.000343631    -0.000437338
     -2.2438e-05    -1.64261e-05
     -0.00182678     -0.00171566
    -0.000134876    -0.000136924
     -5.8113e-05    -4.74954e-05
    -0.000910159    -0.000981135
     -1.8541e-05    -1.45216e-05
      -1.872e-05    -1.46657e-05
     -3.0142e-05    -2.61139e-05
     -9.2575e-05    -0.000149941
     -2.6879e-05    -2.04689e-05
     -2.1881e-05    -1.76708e-05
      -9.987e-06    -8.45947e-06
     -1.2834e-05    -1.05959e-05
    -0.000394726     -0.00032859
    -0.000280605    -0.000327959
    -0.000330282    -0.000379544
     -4.3924e-05    -5.99464e-05
     -3.7655e-05    -3.82543e-05
    -0.000111822    -0.000204235
       -3.69e-05    -2.74582e-05
    -0.000131468    -0.000104853
      -7.984e-06    -6.67548e-06
     -7.8891e-05    -0.000110167
     -5.9538e-05    -8.78476e-05
     -9.5922e-05    -0.000160549
    -0.000614335    -0.000719796
    -0.000122659     -0.00010635
      -1.996e-05    -1.47711e-05
     -8.6339e-05    -6.55936e-05
    -0.000126195    -0.000118391
     -2.3305e-05    -2.31667e-05
     -4.5221e-05    -4.76163e-05
    -0.000134215    -0.000104428
      -7.103e-05    -8.32926e-05
     -9.3748e-05    -7.70951e-05
     -4.5325e-05    -3.68081e-05
    -0.000113544     -0.00020989
     -1.3295e-05    -9.86089e-06
      -6.102e-05    -8.59067e-05
     -7.3393e-05    -6.09239e-05
      -6.413e-05    -0.000102448
     -2.8989e-05    -2.98768e-05
      -5.755e-05    -4.37073e-05
      -1.077e-05    -8.91724e-06
     -7.0419e-05    -6.10492e-05
    -0.000105898    -0.000100087
    -0.000179823    -0.000239018
    -0.000690266    -0.000687649
    -0.000328993    -0.000268208
     -1.0053e-05      -8.215e-06
    -0.000452949     -0.00049989
     -4.1238e-05    -3.02945e-05
     -2.0768e-05    -1.99682e-05
    -0.000147199    -0.000158836
     -5.6604e-05    -5.11495e-05
     -2.2934e-05    -1.99212e-05
     -5.5476e-05    -5.06731e-05
     -6.2015e-05    -9.34501e-05
     -1.1016e-05    -9.58125e-06
    -0.000675001    -0.000669759
     -1.0846e-05    -9.21058e-06
     -1.5854e-05    -1.28053e-05
     -1.5592e-05    -1.38775e-05
    -0.000291881    -0.000333188
     -3.7444e-05    -4.23716e-05
     -5.4893e-05    -4.23814e-05
      -5.021e-05    -7.27446e-05
     -6.2902e-05    -5.15607e-05
     -0.00026067    -0.000269002
    -0.000113024    -9.46724e-05
     -4.0137e-05    -3.53761e-05
     -2.0894e-05    -1.62071e-05
     -7.1886e-05    -8.57605e-05
    -0.000465435    -0.000560437
     -1.4909e-05    -1.11043e-05
     -5.1492e-05     -4.4468e-05
    -0.000768983    -0.000685352
     -2.3558e-05    -1.77895e-05
     -4.1942e-05    -3.50288e-05
    -0.000737688    -0.000748522
     -9.6765e-05    -8.89157e-05
     -5.4484e-05    -8.39567e-05
     -1.6816e-05    -1.41747e-05
    -0.000249749    -0.000212672
    -0.000548135    -0.000571129
     -3.6744e-05    -4.12773e-05
     -1.5463e-05    -1.12046e-05
    -0.000785561    -0.000756253
     -7.3371e-05    -6.25374e-05
     -7.0292e-05    -0.000116285
     -3.9039e-05    -3.04062e-05
    -0.000272995    -0.000229279
     -8.3751e-05    -8.16483e-05
    -0.000118278    -0.000224854
    -0.000381052    -0.000457681
     -6.5363e-05    -0.000100882
     -6.9706e-05    -5.04948e-05
