QM Energy	FF Energy
     -3.7131e-05    -2.79635e-05
     -2.4323e-05    -2.16915e-05
    -0.000221613    -0.000362151
     -4.6429e-05    -5.95338e-05
    -0.000498922    -0.000454263
     -5.4991e-05    -6.35422e-05
      -4.086e-05    -3.36546e-05
    -0.000859281    -0.000783182
     -7.6954e-05    -6.62672e-05
     -7.0725e-05    -0.000113392
     -3.5261e-05    -2.91807e-05
     -6.5205e-05    -0.000122272
    -0.000188882    -0.000173884
    -0.000165002    -0.000147329
    -0.000573322    -0.000571564
     -7.3332e-05    -6.65426e-05
     -1.6151e-05    -1.35197e-05
    -0.000419579    -0.000408478
     -6.1255e-05    -4.75878e-05
      -9.318e-06    -7.48373e-06
      -9.758e-06    -8.44551e-06
    -0.000809685    -0.000785146
     -1.2126e-05    -1.01878e-05
     -1.3998e-05    -1.18875e-05
    -0.000389971    -0.000353961
     -9.3188e-05    -0.000131195
     -1.6899e-05    -1.54022e-05
     -9.1062e-05     -9.7193e-05
       -2.88e-05    -2.41366e-05
      -3.775e-05    -3.06057e-05
    -0.000103707    -8.22763e-05
    -0.000475884    -0.000531246
      -0.0014753     -0.00123087
     -5.4409e-05    -5.07543e-05
    -0.000165126    -0.000138606
     -7.2493e-05    -0.000119993
    -0.000111143    -0.000103592
     -9.2032e-05    -0.000170936
    -0.000106859    -0.000100994
     -5.9793e-05    -8.23222e-05
    -0.000231634    -0.000258677
     -2.8659e-05    -2.20702e-05
    -0.000346899    -0.000313593
     -3.7826e-05    -2.88741e-05
    -0.000200358    -0.000297773
     -1.8867e-05    -1.64938e-05
    -0.000339181    -0.000356785
     -1.8169e-05    -1.64543e-05
     -6.8797e-05    -9.01641e-05
    -0.000114497    -0.000122816
    -0.000217737    -0.000212418
     -4.1035e-05    -4.66931e-05
     -8.5171e-05    -8.42511e-05
     -2.2893e-05    -1.72683e-05
     -2.7082e-05    -2.42922e-05
     -3.2385e-05    -2.55966e-05
     -0.00153297     -0.00121824
      -3.118e-05    -3.31933e-05
     -4.7509e-05    -5.37268e-05
    -0.000167009    -0.000145842
    -0.000138195    -0.000210054
    -0.000150193    -0.000158694
    -0.000135285    -0.000136154
    -0.000227106    -0.000287892
    -0.000611486    -0.000645651
    -0.000238725     -0.00025045
    -0.000105227    -0.000108367
     -5.4477e-05    -7.62564e-05
     -5.2611e-05     -4.3058e-05
     -0.00142705      -0.0011918
    -0.000698862     -0.00068649
     -5.9152e-05    -5.91252e-05
    -0.000245773    -0.000306136
    -0.000610072    -0.000706012
     -6.5447e-05    -4.98837e-05
    -0.000431451    -0.000400697
     -2.8352e-05    -2.77341e-05
     -9.4501e-05    -8.92214e-05
     -1.2238e-05    -1.02241e-05
    -0.000175476    -0.000148601
    -0.000236197    -0.000238726
     -1.2578e-05    -1.07286e-05
     -1.5796e-05    -1.28869e-05
     -4.4587e-05    -6.07722e-05
    -0.000126819    -0.000102422
     -2.7708e-05    -2.68083e-05
     -2.9039e-05     -2.6759e-05
     -2.5894e-05    -1.96074e-05
     -2.6827e-05    -2.22231e-05
    -0.000164595    -0.000184766
     -1.2797e-05     -1.1314e-05
    -0.000208157    -0.000272023
     -7.8813e-05    -0.000119306
    -0.000139555    -0.000125579
     -7.2376e-05    -0.000124756
     -4.7015e-05    -4.17708e-05
     -4.3967e-05    -3.89133e-05
     -0.00111484    -0.000941252
     -1.3806e-05    -1.08382e-05
     -1.2568e-05    -1.08918e-05
     -1.6703e-05    -1.40004e-05
     -1.1817e-05    -1.01019e-05
     -3.6036e-05    -2.84896e-05
     -1.5819e-05    -1.34045e-05
    -0.000122413    -0.000147558
     -7.4136e-05    -6.41642e-05
     -2.3674e-05    -2.10245e-05
    -0.000109495    -9.35993e-05
     -2.0798e-05    -1.62425e-05
     -3.3537e-05     -2.6774e-05
     -6.2552e-05    -4.87706e-05
     -9.4459e-05    -9.09794e-05
     -0.00013347    -0.000252475
    -0.000269768    -0.000236452
     -1.3119e-05    -1.11926e-05
     -3.3029e-05    -2.57435e-05
     -0.00010724    -0.000141635
     -1.1839e-05    -9.55385e-06
    -0.000222616    -0.000369313
    -0.000185943     -0.00017096
      -6.322e-05    -8.96883e-05
    -0.000381772    -0.000411006
     -3.1524e-05    -2.36618e-05
     -3.3633e-05    -2.57682e-05
    -0.000541361    -0.000591812
      -1.314e-05    -1.20134e-05
     -6.5534e-05    -9.48244e-05
    -0.000229513     -0.00027765
     -4.3734e-05    -5.36257e-05
     -2.5919e-05     -2.3117e-05
    -0.000386716    -0.000420175
     -0.00032181    -0.000296044
     -0.00104361    -0.000867368
     -1.3396e-05    -1.11064e-05
    -0.000129092    -0.000121163
      -8.238e-06    -6.81184e-06
     -2.0293e-05    -1.76997e-05
     -7.4805e-05    -6.80539e-05
    -0.000364059    -0.000410971
     -2.7125e-05    -2.21283e-05
     -1.3591e-05    -1.19329e-05
    -0.000482849     -0.00046681
     -8.5607e-05    -8.61189e-05
    -0.000839574    -0.000843246
    -0.000390927    -0.000467536
     -7.7717e-05    -6.85761e-05
     -1.5356e-05    -1.20478e-05
    -0.000108255    -0.000180379
    -0.000189099    -0.000177199
        -8.5e-06    -7.29704e-06
    -0.000271063    -0.000301275
     -1.9002e-05    -1.77748e-05
     -5.6617e-05    -4.86572e-05
    -0.000652082    -0.000597132
     -6.3462e-05    -7.93763e-05
    -0.000158728    -0.000212607
     -6.0408e-05    -6.07625e-05
     -2.2924e-05    -1.79564e-05
     -1.5442e-05    -1.24934e-05
     -1.7122e-05    -1.45475e-05
    -0.000848676    -0.000945752
     -1.1598e-05    -9.07598e-06
      -4.041e-05    -3.59554e-05
    -0.000138117    -0.000131604
     -7.7394e-05    -0.000112497
      -7.356e-05    -6.05072e-05
    -0.000106471     -0.00018612
     -3.1595e-05    -3.21377e-05
    -0.000236474     -0.00039388
     -5.1594e-05    -4.71581e-05
    -0.000971014    -0.000818203
     -1.0329e-05    -8.90603e-06
     -1.2732e-05    -1.08686e-05
     -5.6204e-05    -8.02366e-05
     -4.1136e-05    -4.23996e-05
     -6.9252e-05    -0.000122255
     -3.7312e-05    -4.09479e-05
      -2.836e-05     -2.4525e-05
    -0.000446891    -0.000455274
     -0.00021313    -0.000273009
    -0.000660013    -0.000666868
    -0.000149142    -0.000211366
    -0.000212938    -0.000308329
    -0.000626911    -0.000562121
    -0.000207412    -0.000209115
     -0.00024602    -0.000375806
     -4.4173e-05    -4.17753e-05
    -0.000125915    -0.000146197
    -0.000493844    -0.000480545
     -2.0837e-05    -1.82788e-05
     -0.00128089     -0.00119745
    -0.000253509    -0.000375692
      -1.829e-05    -1.79422e-05
    -0.000313091    -0.000290155
     -7.2053e-05    -7.57248e-05
    -0.000306392    -0.000317061
     -5.1585e-05    -7.19475e-05
     -1.1727e-05    -9.33122e-06
     -3.0455e-05    -2.78076e-05
     -9.4402e-05    -0.000103812
     -6.6289e-05    -0.000120221
     -4.2597e-05    -3.25303e-05
    -0.000141163    -0.000251188
     -2.1476e-05    -1.83606e-05
    -0.000211457    -0.000351937
    -0.000583266    -0.000620572
    -0.000118535    -0.000141452
     -1.4045e-05    -1.23897e-05
     -0.00110359    -0.000929969
     -0.00056155    -0.000485785
     -1.5225e-05    -1.37666e-05
    -0.000447798    -0.000389185
     -3.1204e-05    -3.29431e-05
    -0.000949211    -0.000844104
    -0.000315855    -0.000301944
       -9.64e-06    -8.20604e-06
     -6.5513e-05    -0.000103775
     -3.3803e-05    -3.67777e-05
    -0.000118025    -9.81403e-05
    -0.000669001    -0.000841938
     -3.0356e-05    -2.71745e-05
    -0.000400661    -0.000433346
    -0.000963896    -0.000814929
    -0.000314918    -0.000320177
      -2.344e-05     -1.9212e-05
     -1.9499e-05    -1.74491e-05
    -0.000826322    -0.000728007
    -0.000117779     -0.00010703
     -8.2596e-05    -0.000153021
    -0.000141798     -0.00014168
     -7.0818e-05    -0.000117423
      -1.641e-05    -1.45618e-05
    -0.000135794    -0.000266783
     -9.2669e-05    -7.44977e-05
     -4.5566e-05    -4.01441e-05
    -0.000104854    -8.64855e-05
     -1.6761e-05    -1.54965e-05
    -0.000182977    -0.000226141
    -0.000409605    -0.000457249
     -3.2013e-05    -2.49977e-05
       -8.76e-05    -7.39978e-05
    -0.000116051    -9.27032e-05
     -1.2292e-05     -1.0089e-05
    -0.000193712    -0.000290764
    -0.000402309    -0.000351761
     -1.7922e-05    -1.47705e-05
     -8.5928e-05    -8.51745e-05
    -0.000119721     -0.00021556
    -0.000765739    -0.000731075
     -0.00083139     -0.00101349
      -3.632e-05    -3.59119e-05
     -2.8542e-05    -2.22927e-05
    -0.000391512    -0.000459936
    -0.000599008    -0.000644284
     -1.9519e-05    -1.89984e-05
    -0.000250351    -0.000352034
     -8.8162e-05    -8.13362e-05
     -8.5804e-05    -7.75877e-05
     -3.2596e-05    -3.05725e-05
    -0.000170307    -0.000268599
     -3.7807e-05    -3.52278e-05
     -3.7909e-05    -3.76493e-05
     -5.7268e-05    -5.26569e-05
     -1.3327e-05     -1.0857e-05
     -4.4705e-05    -3.40719e-05
     -1.2543e-05    -1.09284e-05
     -4.0016e-05    -4.57174e-05
      -3.231e-05    -2.56238e-05
     -4.8588e-05    -3.74693e-05
     -1.0262e-05    -8.40611e-06
     -5.6582e-05    -4.78437e-05
    -0.000211582    -0.000218677
     -7.0531e-05    -6.17197e-05
     -1.6027e-05    -1.53617e-05
    -0.000781847    -0.000775101
     -5.3279e-05      -4.455e-05
     -1.8659e-05    -1.37075e-05
    -0.000246792    -0.000237052
     -7.3233e-05    -8.06974e-05
     -1.7415e-05    -1.58532e-05
     -1.2801e-05    -9.99586e-06
    -0.000129429     -0.00011884
     -0.00115375     -0.00134262
     -0.00136921     -0.00126213
    -0.000356141    -0.000362794
     -6.6339e-05    -8.04055e-05
    -0.000117275    -0.000107241
     -0.00019585    -0.000169821
    -0.000136536    -0.000124223
     -8.5678e-05    -0.000103659
    -0.000179686    -0.000171556
    -0.000650206    -0.000754003
     -5.4991e-05    -4.30499e-05
    -0.000202047    -0.000165995
     -2.3154e-05    -2.12517e-05
     -1.6152e-05     -1.3899e-05
     -7.0931e-05     -6.0531e-05
    -0.000105029    -9.18924e-05
    -0.000808018    -0.000677491
     -9.3546e-05    -0.000178945
    -0.000228992    -0.000231471
     -3.2753e-05    -3.68247e-05
      -1.335e-05    -1.04117e-05
     -1.3494e-05    -1.04841e-05
     -1.3352e-05    -1.15949e-05
     -0.00022368    -0.000353959
     -1.0942e-05    -9.40552e-06
    -0.000127337     -0.00018896
     -0.00155446     -0.00168958
     -2.7626e-05    -2.87849e-05
    -0.000134214    -0.000132165
    -0.000334867    -0.000428772
     -1.5772e-05    -1.43235e-05
     -8.2577e-05    -7.23521e-05
    -0.000213743    -0.000239744
    -0.000700691    -0.000687572
    -0.000723188    -0.000931345
    -0.000205227    -0.000272652
     -6.8962e-05    -0.000124514
    -0.000388494    -0.000402046
     -6.0875e-05    -8.56761e-05
      -3.386e-05    -3.00122e-05
    -0.000130851    -0.000234947
     -1.9844e-05    -1.96934e-05
      -5.029e-05    -4.56199e-05
     -3.9133e-05    -3.47463e-05
    -0.000101581    -0.000112235
     -5.0512e-05     -6.7717e-05
    -0.000937026    -0.000818988
    -0.000558454    -0.000622216
    -0.000239601    -0.000236886
     -0.00125431     -0.00139659
     -2.6608e-05    -2.38045e-05
      -4.647e-05    -3.80356e-05
     -3.2725e-05    -2.88635e-05
    -0.000334725    -0.000351381
     -3.2188e-05    -3.01083e-05
      -9.777e-06    -8.56748e-06
     -3.4045e-05    -3.49612e-05
     -1.5324e-05    -1.38196e-05
     -3.5322e-05     -3.8729e-05
      -2.205e-05    -1.85871e-05
     -9.1349e-05    -9.40856e-05
     -2.9797e-05    -2.25711e-05
     -1.6397e-05    -1.28276e-05
     -1.5632e-05    -1.25129e-05
      -2.033e-05    -1.75433e-05
    -0.000204236    -0.000200658
     -1.3345e-05    -1.09367e-05
    -0.000428803    -0.000388585
      -2.196e-05    -2.11921e-05
     -2.8174e-05    -2.92695e-05
     -2.0447e-05    -1.93605e-05
     -6.1079e-05    -5.21196e-05
     -3.5784e-05    -3.65644e-05
      -7.911e-05    -0.000137391
      -9.045e-06    -7.84847e-06
     -1.8249e-05    -1.56596e-05
    -0.000148075    -0.000186113
     -3.5499e-05    -2.91247e-05
     -1.8044e-05    -1.47737e-05
     -0.00024445    -0.000224191
     -1.6187e-05     -1.4448e-05
     -1.3952e-05    -1.09697e-05
     -2.2392e-05    -1.94409e-05
     -1.2603e-05    -1.00931e-05
    -0.000987619    -0.000853842
    -0.000199737    -0.000225051
     -2.2047e-05    -2.10982e-05
     -2.7017e-05    -2.36139e-05
     -1.8866e-05    -1.51133e-05
    -0.000741539    -0.000758225
     -0.00108424    -0.000935161
    -0.000332789    -0.000293628
    -0.000113383     -0.00011453
    -0.000118409    -0.000109686
    -0.000318073    -0.000278175
     -0.00013533    -0.000254966
    -0.000728038     -0.00069439
     -1.3209e-05    -1.07606e-05
    -0.000142115    -0.000154194
    -0.000123142    -0.000190286
     -6.4418e-05    -9.36353e-05
     -2.2754e-05    -1.78787e-05
    -0.000344226    -0.000433798
     -1.3894e-05    -1.10628e-05
    -0.000139597    -0.000130846
    -0.000121148    -0.000238291
    -0.000185867    -0.000314481
    -0.000111804    -0.000212793
     -8.0872e-05    -7.16138e-05
    -0.000321432    -0.000418193
      -1.546e-05    -1.25422e-05
      -0.0005846    -0.000507803
     -1.6357e-05     -1.3726e-05
    -0.000171852    -0.000188389
      -8.977e-06    -7.53519e-06
    -0.000263578    -0.000324237
    -0.000103912    -8.88526e-05
    -0.000119459    -0.000101709
     -5.9803e-05    -9.25293e-05
    -0.000265924    -0.000254476
     -4.2146e-05    -4.08348e-05
    -0.000464472    -0.000404149
     -0.00183791     -0.00147797
     -3.3521e-05    -3.92545e-05
     -2.5773e-05    -2.00662e-05
     -2.5391e-05    -1.95946e-05
    -0.000303946    -0.000394039
     -2.4871e-05    -2.07774e-05
     -7.2639e-05    -0.000122395
    -0.000511412    -0.000527921
      -8.517e-06    -7.17173e-06
    -0.000103799    -0.000127673
    -0.000193266      -0.0002037
     -1.3576e-05    -1.20008e-05
    -0.000193014    -0.000189068
     -1.0112e-05    -8.41564e-06
     -1.4642e-05    -1.35702e-05
     -7.9311e-05     -8.0148e-05
    -0.000108106    -9.10584e-05
     -4.3788e-05       -3.39e-05
     -0.00032284    -0.000350366
     -4.9598e-05    -5.16656e-05
     -3.3426e-05    -3.15082e-05
      -8.961e-05    -9.06354e-05
    -0.000781371    -0.000740995
     -6.8149e-05    -6.49324e-05
    -0.000206745    -0.000345317
    -0.000413371    -0.000408382
     -4.8037e-05    -3.75775e-05
     -0.00026711    -0.000380311
     -8.4117e-05     -7.3623e-05
     -0.00207878     -0.00193765
     -4.1481e-05    -3.64676e-05
     -4.2898e-05    -5.25512e-05
      -9.161e-05    -0.000170017
    -0.000168484    -0.000204684
     -2.5334e-05    -2.13598e-05
    -0.000155502    -0.000149788
    -0.000442652    -0.000542996
     -1.4387e-05    -1.30083e-05
     -2.1416e-05    -1.84125e-05
     -3.9668e-05     -3.5218e-05
     -2.2117e-05     -2.1088e-05
    -0.000223718    -0.000234831
     -9.9658e-05    -9.67315e-05
    -0.000499551    -0.000554877
    -0.000157357    -0.000278783
    -0.000937441     -0.00077895
     -1.0357e-05    -8.84284e-06
     -3.5744e-05    -3.20325e-05
    -0.000106168    -8.53279e-05
     -1.9896e-05    -1.60764e-05
    -0.000778973    -0.000674362
     -5.9143e-05    -8.75366e-05
    -0.000330287    -0.000313565
    -0.000834595    -0.000715944
     -1.4668e-05    -1.19515e-05
     -3.3931e-05    -3.07716e-05
     -2.0119e-05    -1.64194e-05
     -2.1565e-05    -1.69756e-05
     -9.0179e-05    -0.000113219
     -5.8376e-05     -6.7709e-05
    -0.000203344    -0.000183863
     -8.7303e-05     -0.00017076
      -1.118e-05    -9.13782e-06
     -5.6031e-05    -4.86126e-05
    -0.000269802    -0.000284764
     -4.4167e-05    -3.38513e-05
    -0.000719614    -0.000814219
     -9.9569e-05    -0.000165127
     -0.00073274    -0.000624082
    -0.000850025    -0.000747381
    -0.000188345    -0.000230689
    -0.000147655    -0.000165142
     -1.4762e-05    -1.18442e-05
     -2.3048e-05    -1.83525e-05
     -2.8791e-05    -2.58871e-05
    -0.000787689    -0.000664806
     -3.5085e-05    -3.66725e-05
     -1.7693e-05    -1.44253e-05
    -0.000200913    -0.000188415
     -3.2991e-05    -3.57613e-05
    -0.000124206    -0.000237249
     -2.8703e-05    -2.36475e-05
    -0.000189786    -0.000199036
     -0.00115516    -0.000934902
     -0.00040277    -0.000384645
     -3.3248e-05    -3.55746e-05
    -0.000829393    -0.000742231
     -0.00099046    -0.000924703
    -0.000353912    -0.000327645
     -5.8006e-05    -5.29997e-05
    -0.000199624    -0.000279956
     -3.4296e-05    -2.66588e-05
      -9.551e-06    -7.74991e-06
    -0.000129355    -0.000165903
     -1.0267e-05     -8.3714e-06
       -2.03e-05    -1.70751e-05
    -0.000423327    -0.000573192
    -0.000848749    -0.000710409
      -7.979e-05    -0.000141497
     -4.9441e-05    -4.20549e-05
    -0.000133558    -0.000118277
     -2.1804e-05    -1.92149e-05
     -6.3733e-05    -7.19391e-05
    -0.000750552    -0.000909798
     -0.00041904    -0.000448877
      -4.495e-05    -4.07082e-05
     -0.00105057    -0.000948313
     -8.9557e-05    -0.000176684
    -0.000390816    -0.000534521
     -1.9002e-05    -1.75872e-05
    -0.000152659    -0.000165659
    -0.000251868    -0.000317454
    -0.000108595    -0.000179984
    -0.000116672    -0.000132403
     -0.00014434    -0.000243696
     -3.6556e-05    -3.31025e-05
     -1.7724e-05    -1.47644e-05
     -2.4243e-05    -1.96002e-05
     -3.5159e-05    -2.93463e-05
     -1.5034e-05    -1.30347e-05
     -2.7159e-05    -2.03383e-05
    -0.000913458    -0.000801153
    -0.000118453    -0.000144797
     -3.3407e-05    -2.69618e-05
     -3.7776e-05    -3.02803e-05
     -7.8977e-05    -0.000140345
     -1.2384e-05     -1.0274e-05
     -7.6786e-05    -0.000136245
     -2.3109e-05    -2.01897e-05
     -2.2249e-05      -1.929e-05
     -1.3071e-05    -1.01349e-05
    -0.000237932    -0.000229906
     -2.7492e-05    -2.93349e-05
     -1.3287e-05    -1.15631e-05
     -1.7783e-05    -1.64211e-05
     -2.3718e-05    -2.20301e-05
      -8.537e-06    -7.25851e-06
     -1.4227e-05    -1.27488e-05
    -0.000107947    -0.000108596
     -8.4191e-05    -0.000168479
     -7.2474e-05    -6.55751e-05
     -3.4842e-05    -2.93484e-05
    -0.000333191    -0.000290302
    -0.000146605    -0.000125498
     -2.4003e-05    -1.94331e-05
    -0.000223744    -0.000244751
    -0.000175541    -0.000227411
     -1.5812e-05    -1.43231e-05
    -0.000120237    -0.000103767
      -9.437e-06    -7.78805e-06
     -1.5184e-05    -1.13461e-05
     -7.2344e-05    -5.73605e-05
    -0.000669625    -0.000591617
     -8.3755e-05    -0.000130679
    -0.000683036    -0.000788504
    -0.000183226    -0.000212856
      -4.901e-05    -4.73885e-05
    -0.000500984    -0.000509606
      -6.394e-05    -0.000119634
     -3.4027e-05    -3.88172e-05
     -3.8567e-05    -4.08531e-05
     -2.1187e-05    -1.58917e-05
    -0.000147726    -0.000128387
    -0.000294499    -0.000414354
     -4.0677e-05    -3.29854e-05
     -5.7539e-05    -5.83037e-05
     -5.3699e-05    -7.45625e-05
     -2.7561e-05     -2.3587e-05
     -4.0394e-05    -3.65694e-05
     -0.00101267     -0.00127809
     -2.8448e-05     -2.5514e-05
     -4.1028e-05    -4.94045e-05
     -4.5839e-05    -3.87284e-05
    -0.000673724    -0.000653292
     -3.2013e-05    -3.48756e-05
    -0.000187669    -0.000270016
    -0.000205756    -0.000213433
    -0.000202531    -0.000244141
     -7.1207e-05    -5.86243e-05
      -1.262e-05    -1.04026e-05
        -1.6e-05    -1.44025e-05
     -3.1336e-05    -2.59623e-05
     -1.4952e-05     -1.2309e-05
    -0.000489333    -0.000593547
    -0.000422736    -0.000353142
     -3.8428e-05     -4.8204e-05
     -1.8613e-05    -1.61377e-05
     -2.1198e-05    -1.79188e-05
    -0.000475408    -0.000420795
      -8.773e-06    -7.59092e-06
     -5.6287e-05    -6.86868e-05
     -5.7219e-05    -8.18112e-05
     -1.1551e-05    -9.48415e-06
     -2.5172e-05    -2.59225e-05
     -1.3682e-05     -1.0753e-05
     -1.3271e-05    -1.05467e-05
     -2.7779e-05     -2.2883e-05
    -0.000932674     -0.00117711
     -4.9263e-05    -4.54845e-05
     -5.3205e-05    -4.97137e-05
    -0.000143664    -0.000150317
     -6.0222e-05    -4.70841e-05
     -8.0285e-05    -9.42007e-05
    -0.000199963    -0.000217942
     -1.1327e-05    -1.00385e-05
      -1.929e-05     -1.7663e-05
    -0.000123562    -0.000126851
     -0.00168969     -0.00153217
     -3.5362e-05    -3.24226e-05
    -0.000150033    -0.000148125
      -5.398e-05    -4.38995e-05
     -5.4576e-05    -4.35441e-05
     -9.2561e-05    -7.41362e-05
     -1.9187e-05     -1.5944e-05
    -0.000731967    -0.000694499
     -5.3238e-05    -4.49405e-05
      -4.081e-05    -3.85716e-05
     -0.00107684     -0.00115495
     -2.6971e-05    -2.72069e-05
     -9.2966e-05    -8.78032e-05
    -0.000266961    -0.000240269
    -0.000683573    -0.000670583
     -2.9482e-05    -3.34541e-05
     -3.3506e-05    -3.14144e-05
     -5.4731e-05    -5.40672e-05
      -9.596e-06    -8.30683e-06
     -3.4012e-05    -3.83505e-05
    -0.000358014    -0.000421508
     -2.3419e-05    -1.99155e-05
     -2.6579e-05      -1.999e-05
     -1.3089e-05    -1.17367e-05
    -0.000291869    -0.000254155
      -1.472e-05    -1.26211e-05
      -3.325e-05    -3.21582e-05
     -1.9073e-05    -1.73449e-05
     -0.00112576    -0.000956162
     -1.0732e-05    -8.98579e-06
    -0.000246913    -0.000358502
     -2.2698e-05    -2.21617e-05
    -0.000567848    -0.000602478
    -0.000709616    -0.000612361
    -0.000133994    -0.000125077
     -4.8344e-05    -4.73961e-05
     -2.7448e-05    -2.17824e-05
    -0.000399173    -0.000364983
     -0.00059137    -0.000646696
     -3.6732e-05    -3.88103e-05
     -5.6879e-05    -8.41123e-05
     -2.9175e-05    -3.03278e-05
     -3.2573e-05    -2.74174e-05
    -0.000439006    -0.000509526
     -2.0345e-05    -1.94247e-05
     -3.6763e-05    -3.38637e-05
    -0.000216302    -0.000251654
     -4.3979e-05    -3.65283e-05
     -2.8752e-05     -2.4468e-05
     -1.1097e-05    -9.50663e-06
     -4.0389e-05    -3.33096e-05
    -0.000329718    -0.000470231
     -9.0973e-05    -8.76357e-05
      -2.914e-05     -2.4517e-05
    -0.000118912    -0.000228801
    -0.000203126    -0.000361283
     -5.5896e-05    -8.63993e-05
     -0.00010469    -0.000103254
     -2.3758e-05    -2.11489e-05
    -0.000135706     -0.00011632
     -7.4662e-05     -0.00011937
     -2.8144e-05     -2.3154e-05
    -0.000670238    -0.000653004
     -2.0527e-05    -1.59955e-05
     -3.7108e-05    -2.92113e-05
     -3.4145e-05    -3.41485e-05
    -0.000792267    -0.000759923
     -2.9653e-05    -2.60625e-05
     -0.00014726    -0.000132316
     -6.4732e-05    -6.83805e-05
    -0.000536009    -0.000487977
      -6.878e-05    -0.000118165
    -0.000298442    -0.000312884
     -5.5529e-05    -4.48543e-05
     -0.00120403     -0.00113723
       -3.15e-05    -2.80974e-05
      -7.872e-05    -7.27087e-05
    -0.000189903    -0.000186273
    -0.000253122    -0.000351803
    -0.000585991    -0.000619628
    -0.000112889    -0.000127992
     -3.7664e-05    -3.10669e-05
     -2.4915e-05    -2.09015e-05
     -1.3279e-05    -1.19577e-05
     -6.6173e-05    -0.000122678
      -0.0009714    -0.000829614
     -8.8163e-05    -0.000168556
    -0.000247069    -0.000379815
    -0.000423633    -0.000451142
    -0.000373157    -0.000426633
    -0.000243632    -0.000265346
     -1.4406e-05     -1.1766e-05
    -0.000477131    -0.000420929
      -5.855e-05    -8.52511e-05
     -9.5754e-05    -9.04592e-05
     -0.00010173    -0.000157828
      -1.073e-05    -8.69562e-06
     -3.9862e-05    -4.44198e-05
     -0.00014576    -0.000154534
     -0.00149413     -0.00137249
     -0.00014416    -0.000144897
     -4.1242e-05    -3.50598e-05
    -0.000290101     -0.00032672
     -0.00010988    -9.64012e-05
     -3.4566e-05    -3.54794e-05
     -1.2617e-05    -1.09558e-05
     -3.9799e-05    -5.22725e-05
     -2.4285e-05      -1.851e-05
      -7.703e-06    -6.57871e-06
     -1.3656e-05    -1.20924e-05
     -0.00028894    -0.000322213
    -0.000162245    -0.000151517
     -1.2283e-05    -1.02217e-05
     -5.8152e-05    -5.11124e-05
      -2.716e-05    -2.58954e-05
    -0.000208974    -0.000175523
     -3.8212e-05    -3.13409e-05
     -7.1992e-05    -6.44206e-05
      -5.322e-05    -5.05004e-05
     -9.4975e-05     -0.00017197
    -0.000102621    -0.000113622
     -7.4562e-05    -6.79041e-05
    -0.000162984     -0.00015146
     -5.8166e-05    -5.63674e-05
     -3.3751e-05     -2.8262e-05
      -0.0012668     -0.00142024
     -1.9588e-05    -1.79452e-05
    -0.000120361    -0.000117751
      -1.899e-05    -1.75851e-05
    -0.000222623     -0.00018665
     -9.1281e-05    -8.84987e-05
     -2.8712e-05     -2.4564e-05
     -5.4584e-05    -4.83342e-05
     -3.3115e-05    -3.79992e-05
      -9.222e-06     -7.9101e-06
    -0.000654603     -0.00059383
     -1.0111e-05    -8.92125e-06
    -0.000215874    -0.000196632
     -3.6652e-05    -3.21836e-05
    -0.000162184    -0.000271435
     -9.4993e-05    -9.43719e-05
     -7.8416e-05    -6.85807e-05
     -9.1678e-05    -9.16695e-05
     -1.4241e-05    -1.10851e-05
     -3.7204e-05    -4.03143e-05
     -1.4614e-05     -1.2032e-05
     -4.2931e-05    -3.74718e-05
     -5.1508e-05     -4.5054e-05
    -0.000635383    -0.000553828
    -0.000366839    -0.000456177
    -0.000101561    -8.47586e-05
    -0.000730449    -0.000736661
     -4.1766e-05    -3.70219e-05
     -1.4988e-05    -1.23111e-05
    -0.000130465    -0.000158555
    -0.000164912    -0.000146622
     -1.0773e-05    -9.27627e-06
      -3.378e-05    -2.62769e-05
     -0.00028066    -0.000292104
    -0.000387952    -0.000409854
    -0.000150268    -0.000156588
     -3.3009e-05    -3.04326e-05
     -8.0895e-05    -0.000124118
     -5.5456e-05    -4.58338e-05
     -1.9536e-05    -1.79936e-05
       -8.39e-06     -7.2149e-06
     -7.8012e-05    -6.38524e-05
     -1.8026e-05    -1.40593e-05
    -0.000149612    -0.000124756
    -0.000142684    -0.000141257
     -8.7597e-05    -8.28165e-05
     -1.5638e-05    -1.41464e-05
     -0.00019798    -0.000324546
     -2.0721e-05     -1.7578e-05
    -0.000482331    -0.000430101
     -2.6892e-05    -2.53676e-05
      -0.0014312     -0.00170394
     -1.4168e-05     -1.2706e-05
    -0.000407805    -0.000369822
     -9.9171e-05     -0.00017746
     -4.7836e-05    -5.53208e-05
    -0.000119207    -0.000180736
     -1.3337e-05    -1.21351e-05
     -8.4155e-05    -0.000158805
    -0.000143371     -0.00021345
     -5.4494e-05    -6.94924e-05
     -2.7183e-05    -2.41127e-05
     -5.9599e-05    -6.16267e-05
    -0.000160763     -0.00021024
    -0.000152899    -0.000123938
    -0.000343997    -0.000438563
     -1.6616e-05    -1.29184e-05
      -5.223e-05    -7.00046e-05
    -0.000141594    -0.000132042
    -0.000158072    -0.000147737
    -0.000206592    -0.000336307
     -4.0911e-05    -3.39515e-05
    -0.000365829    -0.000463053
     -3.6565e-05    -3.54468e-05
    -0.000372982    -0.000455564
    -0.000111167     -0.00011495
    -0.000281244    -0.000354979
     -8.7827e-05    -0.000164529
     -2.2461e-05    -1.82287e-05
    -0.000114298    -0.000108789
    -0.000469911    -0.000497828
     -2.9749e-05      -3.038e-05
     -4.6968e-05    -4.15704e-05
    -0.000194738     -0.00032616
    -0.000164731    -0.000157469
     -1.4924e-05    -1.24303e-05
     -7.8409e-05    -9.77488e-05
    -0.000801335    -0.000742698
     -0.00103961    -0.000881697
    -0.000139949     -0.00013281
    -0.000165672    -0.000141652
      -3.861e-05    -3.15221e-05
     -6.6551e-05    -6.56526e-05
      -1.777e-05    -1.63246e-05
      -1.281e-05    -1.09895e-05
     -7.5833e-05    -7.92929e-05
     -2.2885e-05    -2.29963e-05
     -0.00121093    -0.000968609
     -4.2901e-05    -4.19177e-05
    -0.000149023    -0.000140035
    -0.000110644    -0.000134782
     -1.0779e-05    -9.15918e-06
     -3.4195e-05    -3.72434e-05
     -8.9365e-05    -8.17285e-05
    -0.000221193    -0.000341029
     -3.0925e-05    -2.61979e-05
     -1.5894e-05    -1.28704e-05
    -0.000119953    -0.000106678
     -0.00013009    -0.000118571
    -0.000470245     -0.00048653
     -3.6204e-05    -3.35903e-05
      -9.189e-06    -7.59633e-06
     -1.5164e-05    -1.22356e-05
     -6.7098e-05     -5.7117e-05
    -0.000280473    -0.000336879
    -0.000726185    -0.000673404
     -8.1844e-05    -0.000150404
     -3.7248e-05    -3.49618e-05
     -1.2736e-05    -9.91653e-06
     -1.1878e-05     -9.8886e-06
     -2.0079e-05     -1.4657e-05
     -7.3704e-05    -7.52006e-05
    -0.000139024    -0.000169724
     -7.2089e-05    -0.000127569
     -1.5919e-05    -1.25009e-05
      -9.421e-06    -8.02548e-06
     -1.8866e-05    -1.49094e-05
    -0.000138344    -0.000138286
    -0.000130875    -0.000132725
     -4.2195e-05    -3.39867e-05
      -5.616e-05    -5.76754e-05
    -0.000309106    -0.000323309
     -0.00173971     -0.00165958
    -0.000227131    -0.000281634
     -1.4745e-05    -1.16768e-05
     -9.2185e-05    -0.000178774
    -0.000393486    -0.000402721
     -5.5362e-05    -4.48777e-05
     -5.7694e-05    -4.65873e-05
      -8.186e-06    -6.88778e-06
     -1.6248e-05    -1.23818e-05
     -4.2956e-05    -5.03405e-05
     -2.2202e-05    -2.15759e-05
     -3.6325e-05    -3.46266e-05
     -7.6652e-05    -7.52734e-05
     -3.6869e-05    -2.98959e-05
     -0.00155094     -0.00152765
     -9.2247e-05    -8.76987e-05
    -0.000115612    -9.79899e-05
    -0.000288716     -0.00040636
    -0.000106084    -0.000100583
    -0.000258188    -0.000250905
     -8.1887e-05    -7.12952e-05
     -5.4894e-05    -7.11812e-05
    -0.000251037    -0.000363211
     -0.00046105    -0.000435785
    -0.000114597    -0.000109195
     -0.00014004    -0.000180693
      -3.865e-05      -3.135e-05
     -2.4879e-05    -2.46239e-05
     -1.9732e-05    -1.69528e-05
     -8.2633e-05    -6.87816e-05
    -0.000343631    -0.000437813
     -2.2438e-05    -1.75794e-05
     -0.00182678     -0.00166514
    -0.000134876    -0.000139216
     -5.8113e-05    -5.46576e-05
    -0.000910159     -0.00101184
     -1.8541e-05    -1.57836e-05
      -1.872e-05    -1.59871e-05
     -3.0142e-05    -2.64249e-05
     -9.2575e-05    -0.000152245
     -2.6879e-05    -2.28533e-05
     -2.1881e-05    -1.82175e-05
      -9.987e-06    -8.52884e-06
     -1.2834e-05    -1.09033e-05
    -0.000394726    -0.000346444
    -0.000280605    -0.000318591
    -0.000330282    -0.000408265
     -4.3924e-05    -6.24076e-05
     -3.7655e-05    -3.92848e-05
    -0.000111822     -0.00020781
       -3.69e-05    -2.93897e-05
    -0.000131468    -0.000113972
      -7.984e-06    -6.72207e-06
     -7.8891e-05    -0.000112685
     -5.9538e-05    -8.79118e-05
     -9.5922e-05    -0.000172826
    -0.000614335    -0.000767645
    -0.000122659    -0.000121996
      -1.996e-05    -1.54326e-05
     -8.6339e-05    -7.06589e-05
    -0.000126195    -0.000119352
     -2.3305e-05     -2.3145e-05
     -4.5221e-05    -4.81041e-05
    -0.000134215    -0.000114769
      -7.103e-05    -8.40092e-05
     -9.3748e-05    -7.96245e-05
     -4.5325e-05    -3.88784e-05
    -0.000113544     -0.00022259
     -1.3295e-05    -1.02706e-05
      -6.102e-05    -9.04907e-05
     -7.3393e-05    -6.34091e-05
      -6.413e-05    -0.000102922
     -2.8989e-05    -2.96935e-05
      -5.755e-05     -4.8891e-05
      -1.077e-05    -9.08641e-06
     -7.0419e-05    -6.37157e-05
    -0.000105898    -0.000108409
    -0.000179823    -0.000237312
    -0.000690266    -0.000641279
    -0.000328993    -0.000276808
     -1.0053e-05    -8.45863e-06
    -0.000452949    -0.000502024
     -4.1238e-05    -3.20504e-05
     -2.0768e-05    -1.99222e-05
    -0.000147199    -0.000162496
     -5.6604e-05    -5.35295e-05
     -2.2934e-05    -2.04024e-05
     -5.5476e-05    -5.13409e-05
     -6.2015e-05     -9.3215e-05
     -1.1016e-05    -9.54777e-06
    -0.000675001    -0.000678809
     -1.0846e-05    -9.21424e-06
     -1.5854e-05    -1.31976e-05
     -1.5592e-05    -1.39241e-05
    -0.000291881    -0.000361774
     -3.7444e-05    -4.28228e-05
     -5.4893e-05    -4.48902e-05
      -5.021e-05    -7.46541e-05
     -6.2902e-05    -5.99156e-05
     -0.00026067    -0.000272896
    -0.000113024    -0.000107306
     -4.0137e-05    -3.58835e-05
     -2.0894e-05    -1.69051e-05
     -7.1886e-05    -8.61463e-05
    -0.000465435     -0.00051829
     -1.4909e-05    -1.17547e-05
     -5.1492e-05    -4.67961e-05
    -0.000768983    -0.000662721
     -2.3558e-05    -1.84921e-05
     -4.1942e-05    -3.64513e-05
    -0.000737688    -0.000786507
     -9.6765e-05    -9.68341e-05
     -5.4484e-05    -8.77777e-05
     -1.6816e-05    -1.43293e-05
    -0.000249749    -0.000228322
    -0.000548135    -0.000590316
     -3.6744e-05    -4.07807e-05
     -1.5463e-05    -1.18473e-05
    -0.000785561    -0.000751674
     -7.3371e-05    -7.18485e-05
     -7.0292e-05    -0.000117484
     -3.9039e-05    -3.45531e-05
    -0.000272995    -0.000246134
     -8.3751e-05    -8.70531e-05
    -0.000118278    -0.000225693
    -0.000381052     -0.00044403
     -6.5363e-05    -0.000101407
     -6.9706e-05     -5.4387e-05
