QM Energy	FF Energy
      -4.099e-06    -4.97043e-06
      -7.788e-06    -9.07664e-06
     -0.00120634     -0.00110599
     -8.7364e-05    -9.50075e-05
    -0.000458233    -0.000422645
     -8.1813e-05    -8.25713e-05
      -4.227e-06     -6.5202e-06
      -0.0013741     -0.00143273
     -2.9748e-05    -3.43922e-05
    -0.000188512    -0.000251538
     -1.1249e-05    -1.24666e-05
    -0.000350655    -0.000311573
     -9.0833e-05    -8.61075e-05
     -9.7291e-05    -9.90622e-05
    -0.000709468    -0.000648038
     -3.5203e-05    -3.96633e-05
       -2.85e-07    -8.91199e-07
    -0.000248705    -0.000213133
     -1.0566e-05    -1.46375e-05
      -1.756e-06    -1.97978e-06
      -1.505e-06    -1.93994e-06
    -0.000616722    -0.000502342
      -2.067e-06    -2.36405e-06
      -5.176e-06    -5.60276e-06
    -0.000292874     -0.00028273
    -0.000241857    -0.000240035
      -6.301e-06      -8.719e-06
     -1.1633e-05    -2.12513e-05
      -6.671e-06    -8.02526e-06
      -5.818e-06    -7.86562e-06
     -2.3284e-05    -2.86308e-05
     -0.00145286     -0.00141526
     -0.00086592    -0.000970441
     -1.3304e-05    -1.60532e-05
     -5.1105e-05    -6.81395e-05
    -0.000213118    -0.000276106
     -6.2586e-05    -6.89328e-05
    -0.000371219    -0.000460104
     -1.4018e-05    -2.15418e-05
     -9.6516e-05    -0.000146003
    -0.000313905    -0.000327478
       -3.72e-06     -5.6711e-06
    -0.000253775    -0.000241878
      -3.137e-06    -4.16312e-06
    -0.000395142    -0.000370279
      -2.383e-06    -3.01411e-06
     -7.8234e-05    -8.01774e-05
      -6.291e-06    -8.98648e-06
     -0.00013901    -0.000149759
    -0.000101742    -0.000100552
     -0.00012714    -0.000141361
     -6.2532e-05    -6.13135e-05
     -5.2966e-05    -5.96489e-05
       -2.18e-06    -2.79579e-06
     -1.0419e-05    -1.24877e-05
      -6.877e-06    -7.89398e-06
    -0.000772366      -0.0011362
     -2.4191e-05    -3.44322e-05
     -7.5078e-05    -7.35997e-05
     -8.0999e-05    -8.60836e-05
    -0.000457549    -0.000422448
    -0.000121751    -0.000136321
     -1.6418e-05    -2.22785e-05
    -0.000473495    -0.000459697
    -0.000285463    -0.000294781
     -0.00014413    -0.000152582
    -0.000112835    -0.000115097
    -0.000125943    -0.000140596
     -1.2386e-05    -1.56962e-05
    -0.000735404    -0.000663578
     -0.00129035      -0.0013276
      -8.744e-06    -1.34249e-05
    -0.000311431    -0.000304816
    -0.000397892    -0.000377978
      -7.112e-06     -9.5574e-06
    -0.000316668    -0.000280194
     -2.6428e-05    -2.70671e-05
     -4.0784e-05    -4.92284e-05
      -2.002e-06    -2.71619e-06
     -6.8161e-05    -7.32776e-05
    -0.000216349    -0.000214777
      -2.296e-06     -3.0565e-06
      -3.678e-06    -4.38966e-06
    -0.000108062    -0.000107707
     -3.0046e-05     -4.3405e-05
     -2.1146e-05    -2.25609e-05
     -1.1749e-05    -1.31844e-05
       -2.75e-06    -3.52317e-06
      -1.188e-06    -2.60689e-06
     -0.00021235    -0.000214788
      -4.668e-06    -5.76437e-06
    -0.000243878    -0.000245881
    -0.000244588      -0.0002354
     -8.5805e-05    -8.85442e-05
    -0.000260676    -0.000292529
     -2.6711e-05    -2.85719e-05
     -1.1358e-05    -1.41685e-05
     -0.00143159     -0.00149671
       -1.46e-06    -1.89007e-06
      -3.011e-06    -3.33466e-06
      -5.858e-06    -6.52192e-06
      -2.203e-06    -2.48423e-06
      -7.491e-06    -8.35361e-06
      -2.742e-06    -3.22603e-06
    -0.000224063    -0.000213101
     -2.6498e-05    -3.06091e-05
     -1.0134e-05    -1.15499e-05
     -3.5201e-05    -4.14148e-05
      -1.788e-06     -2.5152e-06
      -5.974e-06    -8.96843e-06
       -8.03e-06    -9.45662e-06
     -1.4502e-05    -2.02796e-05
    -0.000730216    -0.000798458
    -0.000164347    -0.000159707
      -1.513e-06    -1.78784e-06
      -5.052e-06    -7.95608e-06
    -0.000241902    -0.000239929
      -1.948e-06     -2.3256e-06
     -0.00112936     -0.00101682
      -5.947e-05    -6.94195e-05
    -0.000171563    -0.000162468
    -0.000588298     -0.00054758
      -2.459e-06    -3.19579e-06
      -4.163e-06    -6.35708e-06
     -0.00111516     -0.00118154
      -8.313e-06    -8.55413e-06
    -0.000118983    -0.000183465
    -0.000326262    -0.000303158
     -8.1476e-05    -8.31382e-05
      -6.046e-06    -7.44158e-06
    -0.000471774    -0.000477926
    -0.000191611    -0.000179852
     -0.00102439    -0.000919683
      -1.537e-06    -1.84186e-06
     -5.0776e-05     -5.6433e-05
      -1.719e-06    -2.01046e-06
     -1.1112e-05    -1.21189e-05
     -3.0367e-05    -3.22045e-05
    -0.000387091    -0.000361208
      -6.166e-06    -7.19006e-06
       -5.14e-06    -6.00546e-06
    -0.000549602    -0.000525969
     -8.0771e-05    -8.11706e-05
    -0.000491789    -0.000524103
    -0.000826092    -0.000850893
     -2.3885e-05    -3.07012e-05
      -1.597e-06    -1.99177e-06
    -0.000387014    -0.000406622
     -5.6498e-05    -6.81545e-05
      -2.328e-06    -2.47809e-06
    -0.000434053    -0.000408289
       -2.03e-07    -1.21711e-06
     -1.9797e-05    -2.27529e-05
    -0.000688417    -0.000633281
     -8.9651e-05    -8.83406e-05
    -0.000280835    -0.000262922
     -5.9715e-05    -6.14591e-05
      -2.238e-06    -2.89834e-06
        -1.7e-06     -2.0443e-06
      -3.633e-06    -4.36801e-06
    -0.000943934    -0.000895911
       -9.31e-07    -1.15825e-06
      -3.007e-06    -5.56733e-06
     -8.9742e-05    -9.65819e-05
    -0.000208084    -0.000199676
     -1.4797e-05    -1.83878e-05
     -0.00041957    -0.000449202
     -3.1313e-05    -3.13613e-05
     -0.00117978     -0.00106455
      -2.436e-05    -2.78709e-05
    -0.000591371    -0.000636493
       -8.07e-07    -1.87047e-06
      -2.665e-06    -3.82233e-06
    -0.000131449    -0.000149622
     -4.1491e-05    -4.69896e-05
    -0.000283187    -0.000294503
     -5.3768e-05    -5.32675e-05
     -1.0051e-05    -1.20554e-05
    -0.000190715    -0.000175933
    -0.000247294    -0.000253563
    -0.000951238     -0.00111407
    -0.000314624    -0.000292504
    -0.000688834    -0.000671664
    -0.000424457    -0.000387539
    -0.000132119    -0.000141397
     -0.00116926     -0.00123515
     -3.2594e-05    -3.61738e-05
     -0.00020895    -0.000201057
    -0.000463316    -0.000459045
       -4.36e-06    -5.43308e-06
     -0.00109966     -0.00111782
    -0.000979064     -0.00099965
     -1.5337e-05    -1.64002e-05
    -0.000225638    -0.000223281
     -8.2385e-05    -8.82842e-05
    -0.000120351    -0.000118225
    -0.000125099    -0.000124566
      -1.312e-06    -1.52485e-06
     -2.0647e-05    -2.17632e-05
     -3.1374e-05    -4.02512e-05
    -0.000314595    -0.000297523
      -3.891e-06    -6.78995e-06
    -0.000671672    -0.000644804
      -8.585e-06    -9.63836e-06
     -0.00114344     -0.00104976
    -0.000175727    -0.000154493
    -0.000200597    -0.000198158
      -3.812e-06    -5.25171e-06
    -0.000611621    -0.000800764
    -0.000425309    -0.000379296
      -4.236e-06    -6.53595e-06
    -0.000221592    -0.000193037
     -2.7854e-05    -3.54241e-05
     -0.00113978     -0.00125813
      -0.0001344    -0.000144973
      -2.164e-06    -2.41167e-06
    -0.000196429    -0.000219861
     -2.9493e-05    -4.02981e-05
      -3.565e-05    -4.80681e-05
    -0.000355335    -0.000414283
      -3.872e-06    -5.40535e-06
    -0.000248469    -0.000228771
    -0.000902984    -0.000791672
    -0.000343551    -0.000342109
      -5.241e-06     -6.5763e-06
      -9.157e-06    -1.07572e-05
    -0.000823397    -0.000755511
     -2.9186e-05    -3.54321e-05
    -0.000380321    -0.000366897
    -0.000117635    -0.000122338
    -0.000286179    -0.000252354
       -1.65e-07    -7.61112e-07
    -0.000804156    -0.000725807
     -1.5301e-05    -2.26508e-05
      -1.316e-05    -1.48489e-05
     -3.3047e-05    -3.76512e-05
       -2.21e-07    -1.06648e-06
     -0.00037502    -0.000354714
    -0.000497792    -0.000451505
      -4.571e-06    -6.99622e-06
     -1.3857e-05     -2.0477e-05
      -3.149e-05    -3.48995e-05
      -1.793e-06    -2.27394e-06
    -0.000696529    -0.000639327
    -0.000258787    -0.000255148
      -4.387e-06    -5.52931e-06
     -7.6112e-05    -8.21042e-05
    -0.000419221    -0.000378377
    -0.000852018    -0.000768209
     -0.00126333     -0.00135486
     -2.6863e-05    -2.79982e-05
      -1.732e-06    -2.84657e-06
    -0.000771131    -0.000747405
    -0.000291516    -0.000281526
     -1.9034e-05    -1.90659e-05
    -0.000289759    -0.000294953
     -6.1446e-05    -6.40656e-05
     -4.0953e-05    -4.63034e-05
     -1.4779e-05    -1.65322e-05
    -0.000544045    -0.000508587
      -6.278e-06    -8.57654e-06
     -2.9496e-05    -3.12945e-05
     -3.3115e-05    -3.66843e-05
      -2.046e-06    -2.39093e-06
      -7.849e-06    -9.15378e-06
      -3.415e-06    -4.46837e-06
     -5.5101e-05    -6.11631e-05
      -5.576e-06    -6.93455e-06
      -7.548e-06    -9.53691e-06
      -2.088e-06    -2.49471e-06
     -1.9548e-05    -2.37881e-05
     -9.5374e-05    -0.000100811
     -3.6104e-05    -3.80558e-05
     -1.3128e-05    -1.31251e-05
    -0.000854833    -0.000762807
     -1.8514e-05    -2.08713e-05
      -1.094e-06    -1.60398e-06
     -8.2732e-05    -0.000105446
     -9.7162e-05    -0.000103862
       -6.88e-07    -1.55752e-06
       -7.72e-07    -1.13681e-06
     -8.2586e-05    -8.69828e-05
    -0.000881557    -0.000936858
    -0.000752277    -0.000656674
      -0.0003899    -0.000392023
    -0.000111384    -0.000109749
      -6.814e-05    -7.38844e-05
    -0.000108887    -0.000108693
     -6.5853e-05    -8.87754e-05
     -0.00012445    -0.000121612
    -0.000125126    -0.000131474
     -0.00104555     -0.00100879
      -6.456e-06    -8.14762e-06
       -6.94e-05     -7.2051e-05
     -1.4202e-05    -1.48271e-05
      -2.157e-06    -2.62498e-06
     -2.3757e-05    -2.73828e-05
     -2.3912e-05    -3.12393e-05
    -0.000616521    -0.000562358
    -0.000444075    -0.000482957
    -0.000125376    -0.000133733
     -4.5135e-05    -4.83432e-05
      -1.128e-06    -1.48272e-06
       -8.05e-07    -1.28869e-06
      -2.674e-06    -3.51934e-06
     -0.00101715     -0.00101947
      -1.955e-06    -2.96035e-06
    -0.000341771    -0.000319848
    -0.000669983    -0.000520985
     -3.0634e-05    -3.27926e-05
    -0.000106889    -0.000120658
     -0.00129861     -0.00120613
        -2.9e-07    -1.00863e-06
     -3.9359e-05    -4.39978e-05
    -0.000271699    -0.000303813
     -0.00113135     -0.00117972
    -0.000351879    -0.000435038
    -0.000375467    -0.000351129
    -0.000308804     -0.00029597
    -0.000104595    -0.000108892
    -0.000106193    -0.000155178
      -7.957e-06    -9.99421e-06
    -0.000524014    -0.000469344
     -1.6971e-05    -1.86451e-05
     -1.4324e-05    -1.79346e-05
      -1.414e-05    -1.57732e-05
    -0.000109304    -0.000119336
     -9.9185e-05    -0.000117753
      -0.0010954     -0.00105956
     -0.00101514     -0.00108447
    -0.000142413    -0.000134338
    -0.000842319    -0.000794052
     -1.1046e-05    -1.25869e-05
     -1.1565e-05    -1.37762e-05
     -1.2167e-05    -1.41114e-05
    -0.000264158    -0.000249285
     -2.0914e-05    -2.32786e-05
       -6.51e-07    -1.72304e-06
     -3.6619e-05    -3.63619e-05
        -2.3e-08    -6.24063e-07
     -2.7528e-05    -4.21763e-05
      -3.015e-06    -4.55864e-06
     -1.5992e-05    -2.28948e-05
       -3.34e-06    -4.19938e-06
       -1.66e-06    -2.19178e-06
      -1.562e-06    -2.09327e-06
      -1.887e-06    -2.71197e-06
      -9.205e-05    -9.17441e-05
      -2.108e-06    -2.66253e-06
    -0.000303199    -0.000316616
     -1.0005e-05    -1.46897e-05
     -2.4811e-05    -2.95103e-05
     -1.2476e-05    -1.43269e-05
     -1.0023e-05    -1.40924e-05
     -3.1385e-05    -3.24611e-05
    -0.000296543    -0.000321747
       -8.08e-07    -1.69545e-06
      -2.331e-06    -2.88109e-06
    -0.000309321    -0.000297502
      -8.357e-06    -1.00705e-05
      -2.025e-06    -3.19442e-06
     -7.1501e-05    -8.96235e-05
      -4.986e-06    -7.10606e-06
      -1.544e-06    -1.95739e-06
        -2.6e-07    -1.13689e-06
      -1.177e-06    -1.40613e-06
     -0.00112473     -0.00107824
    -0.000144813    -0.000150379
      -9.243e-06    -1.41462e-05
     -1.0901e-05    -1.22406e-05
      -2.004e-06    -2.99386e-06
    -0.000299976    -0.000285539
     -0.00136318     -0.00138746
     -0.00020962     -0.00021103
     -0.00010932    -0.000112039
     -5.4687e-05    -6.34979e-05
    -0.000199855    -0.000191489
    -0.000813444    -0.000800069
    -0.000992863     -0.00105586
      -1.206e-06    -1.41759e-06
     -5.8996e-05    -6.69189e-05
    -0.000277425    -0.000259823
    -0.000122138    -0.000179433
      -1.794e-06    -2.84748e-06
     -0.00013747    -0.000184938
      -1.331e-06     -1.5624e-06
     -7.0943e-05    -8.02265e-05
    -0.000695324    -0.000660074
     -0.00107604     -0.00103554
    -0.000620311    -0.000545288
     -1.2555e-05    -1.77607e-05
     -0.00133094     -0.00121826
        -7.1e-07    -1.29137e-06
    -0.000399187    -0.000401493
      -1.895e-06    -2.86408e-06
    -0.000235087    -0.000229865
      -2.341e-06    -2.73688e-06
    -0.000508684     -0.00050075
     -4.6975e-05    -5.16331e-05
     -5.7857e-05    -6.07427e-05
    -0.000177566    -0.000185234
    -0.000180634    -0.000190615
      -5.578e-06      -8.639e-06
    -0.000315805    -0.000292381
     -0.00106667     -0.00085394
     -6.0004e-05    -5.82849e-05
      -4.863e-06    -5.56568e-06
       -2.94e-06    -3.78268e-06
    -0.000666959    -0.000626512
      -6.272e-06    -7.66697e-06
    -0.000261942    -0.000271261
    -0.000709011    -0.000655174
      -1.273e-06    -1.76545e-06
     -0.00018971     -0.00019946
     -3.2678e-05    -4.02003e-05
      -3.626e-06    -4.73986e-06
    -0.000185994    -0.000180647
      -1.872e-06    -2.46207e-06
      -9.828e-06    -1.01853e-05
     -7.4417e-05    -8.27602e-05
     -3.7299e-05    -4.17024e-05
      -6.676e-06    -9.01603e-06
    -0.000175177    -0.000198344
     -5.3477e-05    -5.62865e-05
     -2.4296e-05    -2.54464e-05
     -1.2417e-05    -1.82395e-05
    -0.000926045     -0.00118122
     -2.8774e-05    -3.47053e-05
     -0.00101762    -0.000969622
    -0.000422887     -0.00044707
      -7.951e-06    -1.14249e-05
    -0.000302418    -0.000311445
     -3.5757e-05    -4.15556e-05
     -0.00120236     -0.00145864
     -1.1102e-05    -1.35845e-05
     -8.3453e-05     -7.9727e-05
    -0.000489309     -0.00042472
    -0.000286659    -0.000306153
      -4.546e-06    -5.54609e-06
     -5.5931e-05     -5.9739e-05
     -0.00102354     -0.00100035
      -2.799e-06    -5.17038e-06
      -3.717e-06     -4.5505e-06
      -2.921e-06    -4.45192e-06
      -3.464e-06    -1.00108e-05
    -0.000231306    -0.000249093
       -8.05e-05    -8.74008e-05
    -0.000877913    -0.000968785
    -0.000751885    -0.000759099
    -0.000749681    -0.000680364
      -3.258e-06    -3.49293e-06
      -7.906e-06    -9.67874e-06
     -2.4396e-05    -3.54427e-05
       -4.64e-06    -5.88453e-06
    -0.000685032    -0.000632049
    -0.000138836    -0.000175261
    -0.000256547    -0.000255385
    -0.000727579    -0.000650305
      -2.442e-06    -2.92081e-06
      -8.225e-06    -1.03302e-05
      -3.244e-06    -3.92309e-06
       -7.42e-07    -1.19974e-06
    -0.000173111    -0.000178523
     -9.7223e-05    -9.40359e-05
     -9.9766e-05    -0.000104616
    -0.000452144    -0.000414043
      -3.002e-06    -3.43111e-06
       -1.63e-05    -2.04394e-05
      -6.695e-05    -7.36873e-05
      -5.233e-06    -8.56437e-06
    -0.000477936    -0.000436452
    -0.000349415    -0.000371763
    -0.000451095    -0.000457774
     -0.00049375    -0.000651431
    -0.000352382    -0.000333741
     -8.6404e-05    -9.37175e-05
      -1.505e-06    -1.81139e-06
      -3.349e-06    -4.16397e-06
     -1.0973e-05    -1.24066e-05
    -0.000452181    -0.000394729
     -3.4906e-05    -4.04383e-05
      -4.727e-06    -5.45815e-06
     -0.00011087     -0.00014456
     -3.4105e-05    -4.07491e-05
    -0.000814702     -0.00070313
      -2.525e-06    -3.49106e-06
      -4.931e-05    -5.96457e-05
    -0.000710154    -0.000716514
    -0.000396722    -0.000391807
     -2.1099e-05    -3.56189e-05
    -0.000733978    -0.000691477
    -0.000587973    -0.000433784
    -0.000193728    -0.000199935
     -2.5389e-05    -2.97783e-05
    -0.000564841    -0.000531554
      -4.805e-06    -6.77451e-06
      -1.934e-06    -2.24133e-06
    -0.000271681    -0.000257391
      -1.776e-06    -2.16191e-06
       -7.76e-07    -1.53025e-06
    -0.000374078    -0.000393947
    -0.000609588    -0.000578371
    -0.000315293    -0.000283883
     -1.8236e-05    -2.18315e-05
     -3.6529e-05    -3.84136e-05
      -7.259e-06    -8.17469e-06
     -7.9198e-05    -8.18614e-05
    -0.000482177      -0.0004887
    -0.000245952    -0.000242299
     -1.6609e-05    -2.04087e-05
     -0.00082749    -0.000920491
    -0.000476595    -0.000454271
    -0.000984694    -0.000934653
     -1.1718e-05    -1.30089e-05
    -0.000169932    -0.000191572
    -0.000560864    -0.000523055
    -0.000442162    -0.000397807
     -4.0776e-05    -5.27137e-05
    -0.000546355     -0.00050229
      -8.556e-06     -1.1356e-05
       -8.01e-07    -1.62546e-06
       -5.05e-06    -6.66519e-06
      -4.536e-06    -7.01495e-06
        1.31e-07    -3.19685e-07
       -2.21e-06    -2.81099e-06
    -0.000973585    -0.000976299
     -7.6907e-05    -8.73138e-05
      -7.102e-06     -8.6171e-06
      -8.142e-06    -9.70158e-06
    -0.000303848    -0.000339855
      -2.172e-06    -2.73833e-06
    -0.000313564    -0.000291594
     -1.0557e-05    -1.22574e-05
      -3.802e-06    -4.71875e-06
      -1.068e-06    -1.41327e-06
    -0.000127182    -0.000151775
      -3.043e-05    -3.45756e-05
      -4.282e-06    -4.99373e-06
      -5.588e-06    -8.68244e-06
     -1.1587e-05     -1.3538e-05
      -2.631e-06    -2.76521e-06
      -3.434e-06    -5.50293e-06
     -1.1761e-05    -1.71023e-05
    -0.000513873    -0.000473612
      -9.773e-06    -1.38966e-05
      -5.229e-06    -7.75462e-06
     -0.00013755    -0.000150155
     -6.2262e-05    -6.94375e-05
      -6.647e-06    -7.57472e-06
     -6.3171e-05    -7.86999e-05
    -0.000287911    -0.000273102
      -5.597e-06    -7.67644e-06
     -3.3158e-05    -4.23145e-05
      -1.789e-06    -2.25933e-06
       -9.81e-07    -1.25204e-06
     -1.2409e-05    -1.83429e-05
    -0.000413324    -0.000388653
    -0.000257753    -0.000269664
    -0.000622968    -0.000589842
     -6.2976e-05    -7.99134e-05
     -4.1742e-05    -4.49059e-05
     -0.00026152    -0.000233945
    -0.000337258    -0.000301153
     -5.3713e-05    -5.32266e-05
     -3.7909e-05    -4.07164e-05
       -2.17e-06    -2.57012e-06
     -5.7563e-05    -6.27903e-05
    -0.000554263    -0.000517449
     -1.1642e-05     -1.2875e-05
     -1.1893e-05    -1.67003e-05
    -0.000117835    -0.000136206
     -1.0191e-05     -1.1668e-05
     -2.3614e-05    -2.74957e-05
    -0.000657511     -0.00074899
      -7.252e-06    -9.07618e-06
     -6.7109e-05    -6.76835e-05
     -1.8132e-05    -2.01287e-05
     -0.00031378    -0.000280871
     -3.7747e-05    -4.08554e-05
    -0.000575476    -0.000560359
    -0.000189835    -0.000223425
    -0.000360278    -0.000357105
     -1.9935e-05    -2.51827e-05
      -1.228e-06    -1.45703e-06
      -3.448e-06    -6.16905e-06
      -9.291e-06    -1.06839e-05
      -1.549e-06    -1.87157e-06
    -0.000507836     -0.00053743
     -0.00016692    -0.000173237
     -7.5916e-05    -7.93265e-05
       -5.33e-06    -6.96641e-06
      -8.438e-06    -9.36773e-06
    -0.000371979    -0.000334592
       -9.41e-07    -1.74843e-06
      -9.726e-05    -9.95693e-05
    -0.000118947    -0.000154713
      -3.192e-06    -3.56906e-06
     -2.8137e-05    -2.90701e-05
       -5.24e-07    -9.34193e-07
      -1.163e-06    -1.37333e-06
      -4.751e-06    -5.85948e-06
    -0.000490444    -0.000565552
     -2.7933e-05     -3.1922e-05
     -3.4734e-05    -3.84501e-05
     -2.8956e-05    -3.86145e-05
      -7.062e-06    -1.17095e-05
    -0.000120902    -0.000118929
     -7.5976e-05    -9.06323e-05
      -1.816e-06    -3.22055e-06
      -8.821e-06    -9.43855e-06
    -0.000129729    -0.000131256
     -0.00131003     -0.00120177
       -5.95e-07    -2.00781e-06
     -2.4443e-05    -3.04002e-05
      -1.022e-05    -1.59075e-05
     -1.1942e-05    -1.46421e-05
     -2.5952e-05    -2.79251e-05
      -3.514e-06    -4.16724e-06
    -0.000547971    -0.000585689
     -1.7464e-05    -2.40348e-05
     -3.1027e-05    -3.40943e-05
      -0.0007554    -0.000814353
     -1.6498e-05    -2.31793e-05
     -3.7503e-05    -4.61076e-05
    -0.000152492    -0.000165078
      -0.0011775     -0.00117792
     -4.7401e-05    -4.45322e-05
      -1.722e-06     -3.6622e-06
     -3.6694e-05    -4.16799e-05
       -7.01e-07    -1.69139e-06
      -4.852e-05    -4.96037e-05
    -0.000183031    -0.000194651
      -9.705e-06    -1.07125e-05
        -2.7e-06    -3.56167e-06
      -1.078e-06    -3.17198e-06
    -0.000111607    -0.000126225
      -4.143e-06    -5.38299e-06
     -2.7845e-05    -3.02253e-05
       -1.42e-07    -9.40832e-07
    -0.000744527     -0.00105755
      -1.726e-06    -2.49801e-06
     -0.00050306    -0.000468027
     -1.7299e-05    -1.97954e-05
     -0.00126844     -0.00127539
    -0.000628383    -0.000556655
     -6.7714e-05    -7.64509e-05
      -1.855e-05    -2.29349e-05
      -3.448e-06    -4.75534e-06
    -0.000234161    -0.000249752
     -0.00119122     -0.00122714
     -3.6492e-05    -3.98178e-05
    -0.000138021    -0.000167597
      -2.516e-05    -3.13824e-05
     -1.2521e-05    -1.38485e-05
    -0.000669454    -0.000713705
     -1.0563e-05    -1.45605e-05
     -2.4975e-05    -2.65422e-05
    -0.000306883    -0.000308615
     -1.1915e-05    -1.39228e-05
      -6.166e-06    -7.57075e-06
      -3.284e-06     -3.9729e-06
      -9.547e-06    -1.15494e-05
    -0.000823392    -0.000787565
      -8.832e-06    -1.39235e-05
      -8.019e-06    -9.71812e-06
    -0.000697979     -0.00069904
    -0.000715185    -0.000650525
    -0.000176884    -0.000171281
     -8.9104e-05    -9.69732e-05
      -4.936e-06    -6.04751e-06
     -4.8795e-05    -5.47251e-05
    -0.000230101    -0.000254618
      -1.597e-06    -2.28513e-06
     -0.00100053    -0.000985753
      -2.691e-06    -3.23615e-06
       -6.16e-06    -8.01015e-06
     -2.6833e-05    -3.29326e-05
    -0.000366268    -0.000296486
      -5.519e-06    -7.02897e-06
     -6.9996e-05    -7.86486e-05
     -5.3961e-05    -5.80049e-05
    -0.000478678    -0.000448181
     -0.00025551    -0.000273203
     -8.7091e-05    -9.34528e-05
      -1.288e-05    -1.56649e-05
    -0.000978745    -0.000806159
      -6.686e-06    -8.53337e-06
     -4.5663e-05    -5.10709e-05
     -4.8596e-05    -6.16488e-05
    -0.000732657    -0.000757014
    -0.000198166    -0.000176548
    -0.000164793    -0.000160194
      -2.939e-06    -4.65464e-06
      -6.959e-06    -8.49271e-06
      -6.789e-06    -7.11461e-06
    -0.000334831    -0.000297915
    -0.000846108    -0.000782337
    -0.000418193    -0.000453802
     -0.00131016     -0.00119004
    -0.000247633    -0.000273016
    -0.000556863    -0.000514843
     -0.00015207    -0.000165439
       -4.56e-07    -1.01734e-06
    -0.000222579    -0.000286401
    -0.000151026    -0.000164432
     -1.4139e-05     -2.1585e-05
    -0.000322018    -0.000308469
      -2.066e-06    -2.34089e-06
     -4.7639e-05    -5.59905e-05
    -0.000176086    -0.000176125
     -0.00112704     -0.00115448
    -0.000122619    -0.000123284
      -8.998e-06    -1.18573e-05
    -0.000376113    -0.000356755
     -1.8003e-05     -2.0627e-05
     -3.8459e-05    -3.86991e-05
       -1.28e-06    -1.51718e-06
     -9.2346e-05    -9.12926e-05
        -2.5e-06    -3.59308e-06
      -1.282e-06    -1.75536e-06
      -2.234e-06    -4.14166e-06
     -0.00035103    -0.000372772
     -8.4969e-05    -9.60395e-05
      -3.801e-06    -4.17104e-06
     -1.7447e-05    -2.10263e-05
       -1.95e-05     -2.0599e-05
     -6.0122e-05    -6.47699e-05
      -6.224e-06    -7.52736e-06
     -3.8082e-05    -4.33679e-05
      -4.232e-06    -7.46086e-06
    -0.000464014    -0.000415182
     -8.8961e-05    -9.85902e-05
     -4.3152e-05    -4.97298e-05
     -4.4891e-05    -5.51352e-05
     -3.2244e-05    -3.68108e-05
       -8.08e-06    -1.13799e-05
     -0.00084591      -0.0007886
     -1.4256e-05    -1.47354e-05
     -8.4576e-05    -8.48195e-05
     -1.0566e-05     -1.2004e-05
     -9.0195e-05    -9.48583e-05
     -5.6476e-05       -6.31e-05
       -8.61e-07    -2.02111e-06
      -1.416e-05     -2.0345e-05
     -5.2876e-05    -5.24459e-05
      -3.103e-06    -3.50541e-06
    -0.000438922    -0.000491428
      -3.238e-06    -3.83255e-06
     -9.1404e-05    -0.000100033
      -2.922e-06    -4.67492e-06
    -0.000607992    -0.000552208
     -4.8401e-05    -5.07873e-05
     -3.5917e-05    -4.02035e-05
     -8.0335e-05    -8.78101e-05
      -1.268e-06    -1.70443e-06
     -4.7297e-05    -4.85709e-05
      -4.352e-06    -4.99134e-06
     -1.0731e-05    -1.31705e-05
     -2.2098e-05     -2.3651e-05
     -0.00054541    -0.000482702
     -0.00117273      -0.0011291
     -3.1388e-05    -4.11354e-05
      -0.0011763     -0.00116061
      -3.202e-06    -5.85768e-06
      -1.225e-06    -2.02206e-06
    -0.000200263    -0.000191657
     -5.3461e-05    -7.12015e-05
      -3.639e-06    -3.83737e-06
      -5.319e-06    -8.14969e-06
    -0.000277864    -0.000286198
    -0.000112316    -0.000113575
     -2.8191e-05    -3.71168e-05
      -2.637e-06    -4.42151e-06
    -0.000244325     -0.00023686
      -7.916e-06    -9.13921e-06
     -1.1559e-05    -1.31211e-05
      -2.111e-06    -2.47456e-06
     -1.7342e-05    -2.27563e-05
      -2.891e-06    -4.01913e-06
     -3.2111e-05    -3.31642e-05
     -2.0541e-05    -2.86264e-05
     -5.9169e-05    -6.60116e-05
      -8.055e-06    -8.75695e-06
    -0.000975079    -0.000954965
      -7.022e-06    -8.10952e-06
     -0.00034969    -0.000313948
     -1.5732e-05    -1.85753e-05
     -0.00101403     -0.00118496
      -1.237e-06     -3.6592e-06
    -0.000271686    -0.000239023
    -0.000480362    -0.000431075
     -8.1136e-05    -7.82094e-05
    -0.000386887    -0.000352753
      -5.965e-06    -6.70777e-06
    -0.000412962    -0.000395115
     -0.00043486    -0.000412133
    -0.000107499    -0.000112466
     -1.1626e-05    -1.28627e-05
     -4.1368e-05     -4.3664e-05
    -0.000290117    -0.000271132
      -4.013e-05    -4.67682e-05
    -0.000498891     -0.00049853
       -2.57e-06     -3.5244e-06
     -0.00011686    -0.000116711
     -2.3986e-05    -3.27175e-05
     -9.2654e-05    -0.000101324
     -0.00104601     -0.00109483
       -6.24e-06    -9.13713e-06
     -0.00130052      -0.0012266
     -2.9583e-05    -3.27212e-05
    -0.000895837    -0.000870942
      -9.886e-05    -0.000116209
    -0.000602137    -0.000601319
    -0.000379898    -0.000436931
      -3.456e-06    -4.16573e-06
     -2.3994e-05      -3.289e-05
    -0.000696766    -0.000713011
     -2.6541e-05    -2.97802e-05
     -1.5759e-05    -1.86104e-05
    -0.000985304    -0.000952974
    -0.000124832    -0.000120978
       -1.56e-07    -6.73019e-07
    -0.000132794    -0.000139946
     -0.00070829     -0.00093481
    -0.000747148     -0.00061577
     -7.0481e-05    -8.18698e-05
     -4.3188e-05    -4.48439e-05
       -9.72e-06    -1.16544e-05
     -6.2036e-05    -6.36506e-05
        -4.1e-08    -8.34581e-07
      -2.486e-06    -2.96369e-06
      -8.218e-06    -1.57899e-05
     -1.7255e-05    -2.14597e-05
     -0.00134636     -0.00162037
     -2.8105e-05    -3.03301e-05
     -9.2183e-05    -9.54579e-05
    -0.000184216    -0.000184931
      -2.109e-06    -2.58562e-06
     -4.1153e-05    -4.19838e-05
     -1.2109e-05    -1.81165e-05
    -0.000834064    -0.000763839
      -5.465e-06    -6.93756e-06
      -2.419e-06    -2.97727e-06
     -6.5454e-05    -6.96955e-05
     -6.5722e-05    -7.27352e-05
    -0.000551218    -0.000593916
     -2.5911e-05    -2.78959e-05
      -2.288e-06    -2.65596e-06
      -1.977e-06    -2.74934e-06
     -2.2286e-05    -2.99165e-05
    -0.000581342    -0.000552301
    -0.000351372    -0.000280698
    -0.000333598    -0.000380284
     -1.8805e-05    -2.19484e-05
      -1.134e-06    -1.47787e-06
      -1.346e-06     -1.5692e-06
      -1.256e-06    -1.76657e-06
     -5.9896e-05     -6.8158e-05
     -8.5239e-05    -9.68379e-05
     -0.00031297    -0.000278663
       -1.57e-06     -1.8619e-06
          -9e-07    -1.72075e-06
      -2.084e-06    -2.74632e-06
     -2.7528e-05    -3.38209e-05
    -0.000121567    -0.000125249
      -7.347e-06    -9.56397e-06
     -5.2807e-05    -5.45509e-05
     -7.4054e-05    -7.78409e-05
    -0.000813895    -0.000689768
    -0.000181826    -0.000190762
      -2.146e-06     -2.7449e-06
    -0.000476495    -0.000487509
    -0.000108632    -0.000114012
     -1.2019e-05    -1.42182e-05
     -1.2593e-05    -1.56467e-05
      -1.672e-06    -2.12026e-06
       -9.85e-07    -1.32008e-06
     -6.8088e-05    -6.81925e-05
     -1.2575e-05       -1.69e-05
     -2.8313e-05    -3.10287e-05
      -5.572e-05    -6.14835e-05
      -8.455e-06    -1.00046e-05
    -0.000674318    -0.000528858
     -1.3774e-05    -1.77817e-05
     -4.9845e-05    -5.30708e-05
     -0.00135633     -0.00130926
     -1.4204e-05    -2.06248e-05
    -0.000218886    -0.000223584
      -1.685e-05     -2.1351e-05
    -0.000103966     -0.00011777
     -0.00110118    -0.000998042
    -0.000327824    -0.000282671
      -5.183e-05     -6.2324e-05
    -0.000148461    -0.000151736
      -8.417e-06    -1.00802e-05
     -2.2038e-05    -2.29298e-05
      -7.321e-06     -8.0875e-06
     -1.6884e-05     -1.8122e-05
     -0.00129885     -0.00120555
       -2.84e-06    -3.91025e-06
     -0.00117914    -0.000967681
    -0.000122794    -0.000136358
      -4.464e-06    -7.24424e-06
    -0.000630634     -0.00056492
      -3.774e-06    -5.01032e-06
      -3.052e-06    -4.06422e-06
      -8.821e-06    -1.09143e-05
     -0.00033844     -0.00033448
        -9.4e-07    -1.95207e-06
      -4.061e-06    -4.87208e-06
      -2.286e-06    -2.92783e-06
      -4.441e-06    -4.78794e-06
    -0.000265068    -0.000255436
     -0.00042262    -0.000432013
    -0.000400111    -0.000372143
    -0.000125627    -0.000119448
     -4.2661e-05    -4.43828e-05
    -0.000540984    -0.000537743
       -8.01e-06    -9.37338e-06
     -6.3567e-05     -6.7226e-05
      -1.105e-06    -1.61983e-06
    -0.000221475    -0.000202844
    -0.000140166     -0.00017122
    -0.000396259     -0.00036291
    -0.000380928    -0.000409882
     -1.5791e-05     -2.2891e-05
       -2.44e-06    -3.44441e-06
     -2.8487e-05    -3.16302e-05
     -7.5026e-05     -9.6385e-05
     -1.6506e-05    -2.00617e-05
     -5.0184e-05     -5.6636e-05
     -2.5163e-05    -2.86894e-05
    -0.000113013    -0.000121968
     -3.0194e-05    -4.32856e-05
     -1.6962e-05    -1.91731e-05
    -0.000735975    -0.000665032
       -1.56e-06    -1.81808e-06
    -0.000170952    -0.000168374
      -2.654e-05     -3.4279e-05
    -0.000194258     -0.00022334
     -1.6395e-05    -2.56253e-05
      -6.964e-06    -8.69641e-06
      -2.505e-06    -2.83701e-06
     -4.2102e-05    -4.59593e-05
     -9.8451e-05    -9.80868e-05
     -0.00041436     -0.00042141
    -0.000499274    -0.000612067
    -0.000148154    -0.000158555
      -2.085e-06    -2.53944e-06
    -0.000864009    -0.000850529
      -8.222e-06    -9.54902e-06
       -9.75e-06      -1.413e-05
    -0.000180806    -0.000182948
      -4.162e-05    -4.60753e-05
     -1.1637e-05    -1.33038e-05
     -2.0276e-05    -2.49672e-05
    -0.000143731    -0.000186868
        -1.6e-06    -2.69912e-06
     -0.00121184     -0.00121675
      -1.682e-06    -2.36523e-06
      -1.951e-06    -2.34963e-06
      -3.814e-06    -5.96989e-06
     -0.00022015    -0.000225447
     -4.3715e-05    -5.45318e-05
     -1.6525e-05    -1.88518e-05
    -0.000154695    -0.000149536
      -3.718e-06    -6.82993e-06
     -0.00033464    -0.000335076
     -1.7606e-05     -2.4487e-05
     -1.6153e-05    -1.93257e-05
      -2.788e-06    -3.42397e-06
    -0.000117425    -0.000121176
    -0.000763286    -0.000890349
      -1.922e-06    -2.47808e-06
     -3.3697e-05    -3.61447e-05
    -0.000373182    -0.000381165
      -3.207e-06    -3.86417e-06
     -1.0266e-05    -1.27051e-05
    -0.000227388    -0.000182814
      -7.655e-05    -7.79245e-05
     -0.00019657    -0.000192669
      -4.813e-06    -5.95596e-06
    -0.000107102    -0.000113124
    -0.000558205    -0.000514248
     -2.8988e-05    -4.64049e-05
      -1.109e-06    -1.73754e-06
    -0.000432622    -0.000412166
     -1.0457e-05     -1.5835e-05
    -0.000226137    -0.000267151
      -1.961e-06    -4.17595e-06
    -0.000197176    -0.000189023
     -7.2461e-05    -7.92746e-05
    -0.000572361    -0.000673025
     -0.00074807    -0.000748638
    -0.000175096    -0.000214402
      -8.676e-06    -1.28664e-05
