QM Energy	FF Energy
      -4.099e-06    -4.96878e-06
      -7.788e-06    -9.07164e-06
     -0.00120634     -0.00110599
     -8.7364e-05    -9.50034e-05
    -0.000458233    -0.000422635
     -8.1813e-05    -8.25663e-05
      -4.227e-06    -6.51902e-06
      -0.0013741     -0.00143273
     -2.9748e-05    -3.43766e-05
    -0.000188512    -0.000251537
     -1.1249e-05    -1.24677e-05
    -0.000350655    -0.000311572
     -9.0833e-05    -8.61091e-05
     -9.7291e-05    -9.90632e-05
    -0.000709468    -0.000648042
     -3.5203e-05    -3.96677e-05
       -2.85e-07    -8.86451e-07
    -0.000248705    -0.000213131
     -1.0566e-05    -1.46357e-05
      -1.756e-06    -1.97842e-06
      -1.505e-06     -1.9393e-06
    -0.000616722    -0.000502341
      -2.067e-06    -2.36525e-06
      -5.176e-06    -5.60361e-06
    -0.000292874    -0.000282714
    -0.000241857    -0.000240034
      -6.301e-06    -8.71886e-06
     -1.1633e-05     -2.1227e-05
      -6.671e-06    -8.02483e-06
      -5.818e-06      -7.866e-06
     -2.3284e-05    -2.86316e-05
     -0.00145286     -0.00141527
     -0.00086592     -0.00097043
     -1.3304e-05    -1.60478e-05
     -5.1105e-05    -6.81386e-05
    -0.000213118    -0.000276108
     -6.2586e-05     -6.8928e-05
    -0.000371219    -0.000460108
     -1.4018e-05    -2.15389e-05
     -9.6516e-05    -0.000146002
    -0.000313905    -0.000327474
       -3.72e-06    -5.67089e-06
    -0.000253775    -0.000241889
      -3.137e-06    -4.16373e-06
    -0.000395142     -0.00037028
      -2.383e-06    -3.01406e-06
     -7.8234e-05    -8.01886e-05
      -6.291e-06    -8.98614e-06
     -0.00013901    -0.000149759
    -0.000101742    -0.000100553
     -0.00012714    -0.000141363
     -6.2532e-05    -6.13129e-05
     -5.2966e-05    -5.96371e-05
       -2.18e-06     -2.7968e-06
     -1.0419e-05    -1.24868e-05
      -6.877e-06    -7.90089e-06
    -0.000772366      -0.0011362
     -2.4191e-05    -3.44344e-05
     -7.5078e-05    -7.35939e-05
     -8.0999e-05    -8.60772e-05
    -0.000457549    -0.000422449
    -0.000121751    -0.000136323
     -1.6418e-05     -2.2273e-05
    -0.000473495    -0.000459747
    -0.000285463    -0.000294817
     -0.00014413    -0.000152579
    -0.000112835    -0.000115105
    -0.000125943    -0.000140597
     -1.2386e-05    -1.56949e-05
    -0.000735404    -0.000663564
     -0.00129035      -0.0013276
      -8.744e-06    -1.34303e-05
    -0.000311431    -0.000304809
    -0.000397892    -0.000377934
      -7.112e-06    -9.55726e-06
    -0.000316668     -0.00028019
     -2.6428e-05     -2.7063e-05
     -4.0784e-05    -4.92193e-05
      -2.002e-06    -2.71575e-06
     -6.8161e-05    -7.32769e-05
    -0.000216349    -0.000214774
      -2.296e-06    -3.05673e-06
      -3.678e-06    -4.38923e-06
    -0.000108062     -0.00010771
     -3.0046e-05    -4.34058e-05
     -2.1146e-05    -2.25593e-05
     -1.1749e-05    -1.31868e-05
       -2.75e-06    -3.52296e-06
      -1.188e-06    -2.59407e-06
     -0.00021235    -0.000214784
      -4.668e-06    -5.76493e-06
    -0.000243878    -0.000245889
    -0.000244588    -0.000235401
     -8.5805e-05    -8.85395e-05
    -0.000260676    -0.000292532
     -2.6711e-05     -2.8566e-05
     -1.1358e-05    -1.41684e-05
     -0.00143159     -0.00149671
       -1.46e-06    -1.89055e-06
      -3.011e-06    -3.32757e-06
      -5.858e-06    -6.52303e-06
      -2.203e-06    -2.48476e-06
      -7.491e-06    -8.35364e-06
      -2.742e-06    -3.22594e-06
    -0.000224063    -0.000213103
     -2.6498e-05    -3.06069e-05
     -1.0134e-05    -1.15513e-05
     -3.5201e-05    -4.14153e-05
      -1.788e-06    -2.51445e-06
      -5.974e-06     -8.9698e-06
       -8.03e-06    -9.45894e-06
     -1.4502e-05    -2.02924e-05
    -0.000730216    -0.000798461
    -0.000164347    -0.000159736
      -1.513e-06    -1.78862e-06
      -5.052e-06     -7.9574e-06
    -0.000241902    -0.000239929
      -1.948e-06    -2.32689e-06
     -0.00112936     -0.00101682
      -5.947e-05    -6.94037e-05
    -0.000171563    -0.000162469
    -0.000588298    -0.000547583
      -2.459e-06    -3.19554e-06
      -4.163e-06    -6.35814e-06
     -0.00111516     -0.00118155
      -8.313e-06    -8.55421e-06
    -0.000118983    -0.000183467
    -0.000326262    -0.000303167
     -8.1476e-05      -8.314e-05
      -6.046e-06    -7.44488e-06
    -0.000471774    -0.000477925
    -0.000191611    -0.000179836
     -0.00102439    -0.000919678
      -1.537e-06    -1.84196e-06
     -5.0776e-05    -5.64322e-05
      -1.719e-06    -2.00939e-06
     -1.1112e-05    -1.21167e-05
     -3.0367e-05    -3.21999e-05
    -0.000387091      -0.0003612
      -6.166e-06     -7.1907e-06
       -5.14e-06     -6.0054e-06
    -0.000549602    -0.000525985
     -8.0771e-05    -8.11701e-05
    -0.000491789    -0.000524164
    -0.000826092    -0.000850897
     -2.3885e-05    -3.07043e-05
      -1.597e-06    -1.99161e-06
    -0.000387014    -0.000406621
     -5.6498e-05    -6.81571e-05
      -2.328e-06    -2.47698e-06
    -0.000434053    -0.000408287
       -2.03e-07    -1.22127e-06
     -1.9797e-05    -2.27555e-05
    -0.000688417    -0.000633276
     -8.9651e-05    -8.83338e-05
    -0.000280835    -0.000262927
     -5.9715e-05     -6.1457e-05
      -2.238e-06    -2.89759e-06
        -1.7e-06    -2.04677e-06
      -3.633e-06    -4.36845e-06
    -0.000943934    -0.000895901
       -9.31e-07    -1.15731e-06
      -3.007e-06    -5.56955e-06
     -8.9742e-05    -9.65828e-05
    -0.000208084    -0.000199677
     -1.4797e-05    -1.83863e-05
     -0.00041957    -0.000449205
     -3.1313e-05    -3.13503e-05
     -0.00117978     -0.00106457
      -2.436e-05    -2.78773e-05
    -0.000591371    -0.000636488
       -8.07e-07    -1.86846e-06
      -2.665e-06    -3.82219e-06
    -0.000131449    -0.000149623
     -4.1491e-05    -4.69906e-05
    -0.000283187    -0.000294502
     -5.3768e-05    -5.32698e-05
     -1.0051e-05     -1.2058e-05
    -0.000190715    -0.000175904
    -0.000247294    -0.000253616
    -0.000951238     -0.00111406
    -0.000314624    -0.000292498
    -0.000688834     -0.00067166
    -0.000424457    -0.000387429
    -0.000132119    -0.000141399
     -0.00116926     -0.00123517
     -3.2594e-05    -3.61736e-05
     -0.00020895    -0.000201062
    -0.000463316    -0.000459036
       -4.36e-06    -5.43384e-06
     -0.00109966     -0.00111769
    -0.000979064    -0.000999652
     -1.5337e-05    -1.63993e-05
    -0.000225638    -0.000223269
     -8.2385e-05    -8.82826e-05
    -0.000120351    -0.000118225
    -0.000125099    -0.000124566
      -1.312e-06    -1.52479e-06
     -2.0647e-05    -2.17641e-05
     -3.1374e-05    -4.02506e-05
    -0.000314595    -0.000297525
      -3.891e-06    -6.78992e-06
    -0.000671672    -0.000644807
      -8.585e-06    -9.63744e-06
     -0.00114344     -0.00104977
    -0.000175727    -0.000154488
    -0.000200597    -0.000198163
      -3.812e-06    -5.25383e-06
    -0.000611621    -0.000800756
    -0.000425309    -0.000379296
      -4.236e-06    -6.53604e-06
    -0.000221592     -0.00019303
     -2.7854e-05     -3.5424e-05
     -0.00113978     -0.00125813
      -0.0001344    -0.000144901
      -2.164e-06    -2.40948e-06
    -0.000196429    -0.000219862
     -2.9493e-05    -4.02982e-05
      -3.565e-05    -4.80674e-05
    -0.000355335    -0.000414259
      -3.872e-06    -5.40565e-06
    -0.000248469    -0.000228777
    -0.000902984    -0.000791677
    -0.000343551    -0.000342094
      -5.241e-06    -6.57884e-06
      -9.157e-06    -1.07567e-05
    -0.000823397    -0.000755459
     -2.9186e-05    -3.54317e-05
    -0.000380321      -0.0003669
    -0.000117635    -0.000122335
    -0.000286179    -0.000252363
       -1.65e-07    -7.62051e-07
    -0.000804156    -0.000725806
     -1.5301e-05    -2.26504e-05
      -1.316e-05    -1.48487e-05
     -3.3047e-05     -3.7653e-05
       -2.21e-07    -1.06614e-06
     -0.00037502     -0.00035471
    -0.000497792    -0.000451504
      -4.571e-06      -6.996e-06
     -1.3857e-05    -2.04752e-05
      -3.149e-05    -3.48992e-05
      -1.793e-06    -2.27386e-06
    -0.000696529    -0.000639332
    -0.000258787    -0.000255138
      -4.387e-06    -5.53087e-06
     -7.6112e-05    -8.21002e-05
    -0.000419221    -0.000378378
    -0.000852018    -0.000768212
     -0.00126333     -0.00135488
     -2.6863e-05     -2.7996e-05
      -1.732e-06    -2.84652e-06
    -0.000771131    -0.000747402
    -0.000291516    -0.000281535
     -1.9034e-05    -1.90663e-05
    -0.000289759     -0.00029496
     -6.1446e-05    -6.40653e-05
     -4.0953e-05    -4.63047e-05
     -1.4779e-05    -1.65338e-05
    -0.000544045    -0.000508595
      -6.278e-06       -8.58e-06
     -2.9496e-05     -3.1295e-05
     -3.3115e-05    -3.66914e-05
      -2.046e-06    -2.39101e-06
      -7.849e-06    -9.15401e-06
      -3.415e-06     -4.4687e-06
     -5.5101e-05    -6.11695e-05
      -5.576e-06    -6.93426e-06
      -7.548e-06    -9.53644e-06
      -2.088e-06    -2.49428e-06
     -1.9548e-05    -2.37954e-05
     -9.5374e-05    -0.000100807
     -3.6104e-05    -3.80552e-05
     -1.3128e-05    -1.31234e-05
    -0.000854833    -0.000762797
     -1.8514e-05    -2.08727e-05
      -1.094e-06    -1.60391e-06
     -8.2732e-05     -0.00010545
     -9.7162e-05    -0.000103861
       -6.88e-07    -1.55872e-06
       -7.72e-07    -1.13601e-06
     -8.2586e-05    -8.69787e-05
    -0.000881557    -0.000936803
    -0.000752277    -0.000656675
      -0.0003899    -0.000392051
    -0.000111384    -0.000109747
      -6.814e-05    -7.38903e-05
    -0.000108887    -0.000108689
     -6.5853e-05    -8.87734e-05
     -0.00012445     -0.00012161
    -0.000125126    -0.000131478
     -0.00104555     -0.00100879
      -6.456e-06    -8.14722e-06
       -6.94e-05    -7.20499e-05
     -1.4202e-05    -1.48289e-05
      -2.157e-06    -2.62479e-06
     -2.3757e-05    -2.73819e-05
     -2.3912e-05    -3.12959e-05
    -0.000616521    -0.000562352
    -0.000444075    -0.000482959
    -0.000125376    -0.000133732
     -4.5135e-05    -4.83403e-05
      -1.128e-06    -1.48449e-06
       -8.05e-07    -1.28844e-06
      -2.674e-06    -3.51869e-06
     -0.00101715     -0.00101948
      -1.955e-06    -2.95987e-06
    -0.000341771    -0.000319835
    -0.000669983    -0.000520903
     -3.0634e-05    -3.27929e-05
    -0.000106889    -0.000120658
     -0.00129861     -0.00120614
        -2.9e-07    -1.00845e-06
     -3.9359e-05    -4.39846e-05
    -0.000271699    -0.000303814
     -0.00113135     -0.00117972
    -0.000351879    -0.000435043
    -0.000375467    -0.000351131
    -0.000308804    -0.000295972
    -0.000104595    -0.000108913
    -0.000106193    -0.000155181
      -7.957e-06    -9.99125e-06
    -0.000524014    -0.000469349
     -1.6971e-05    -1.86463e-05
     -1.4324e-05    -1.79361e-05
      -1.414e-05    -1.57727e-05
    -0.000109304    -0.000119338
     -9.9185e-05    -0.000117754
      -0.0010954     -0.00105956
     -0.00101514     -0.00108448
    -0.000142413    -0.000134343
    -0.000842319    -0.000794094
     -1.1046e-05    -1.25866e-05
     -1.1565e-05    -1.37643e-05
     -1.2167e-05     -1.4118e-05
    -0.000264158    -0.000249285
     -2.0914e-05    -2.32771e-05
       -6.51e-07     -1.7229e-06
     -3.6619e-05    -3.63569e-05
        -2.3e-08    -6.24239e-07
     -2.7528e-05    -4.21773e-05
      -3.015e-06    -4.55801e-06
     -1.5992e-05    -2.28843e-05
       -3.34e-06    -4.20079e-06
       -1.66e-06    -2.19096e-06
      -1.562e-06    -2.09555e-06
      -1.887e-06    -2.70998e-06
      -9.205e-05    -9.17417e-05
      -2.108e-06    -2.66347e-06
    -0.000303199    -0.000316607
     -1.0005e-05    -1.46906e-05
     -2.4811e-05    -2.95105e-05
     -1.2476e-05    -1.43263e-05
     -1.0023e-05    -1.40984e-05
     -3.1385e-05    -3.24618e-05
    -0.000296543    -0.000321747
       -8.08e-07    -1.69562e-06
      -2.331e-06    -2.88133e-06
    -0.000309321    -0.000297504
      -8.357e-06    -1.00689e-05
      -2.025e-06    -3.19979e-06
     -7.1501e-05    -8.96218e-05
      -4.986e-06    -7.10558e-06
      -1.544e-06    -1.95876e-06
        -2.6e-07    -1.13736e-06
      -1.177e-06    -1.40598e-06
     -0.00112473     -0.00107823
    -0.000144813    -0.000150396
      -9.243e-06    -1.41452e-05
     -1.0901e-05    -1.22403e-05
      -2.004e-06    -2.99525e-06
    -0.000299976    -0.000285537
     -0.00136318     -0.00138747
     -0.00020962    -0.000211028
     -0.00010932    -0.000112043
     -5.4687e-05     -6.3505e-05
    -0.000199855    -0.000191486
    -0.000813444    -0.000800071
    -0.000992863     -0.00105586
      -1.206e-06    -1.41769e-06
     -5.8996e-05    -6.69335e-05
    -0.000277425    -0.000259819
    -0.000122138    -0.000179434
      -1.794e-06    -2.84734e-06
     -0.00013747    -0.000184918
      -1.331e-06    -1.56156e-06
     -7.0943e-05    -8.02271e-05
    -0.000695324    -0.000660078
     -0.00107604     -0.00103554
    -0.000620311    -0.000545292
     -1.2555e-05    -1.77581e-05
     -0.00133094     -0.00121826
        -7.1e-07    -1.29167e-06
    -0.000399187    -0.000401486
      -1.895e-06    -2.86409e-06
    -0.000235087    -0.000229864
      -2.341e-06    -2.73349e-06
    -0.000508684    -0.000500772
     -4.6975e-05    -5.16357e-05
     -5.7857e-05    -6.07423e-05
    -0.000177566    -0.000185234
    -0.000180634    -0.000190623
      -5.578e-06    -8.64163e-06
    -0.000315805    -0.000292378
     -0.00106667    -0.000853928
     -6.0004e-05    -5.82854e-05
      -4.863e-06    -5.56581e-06
       -2.94e-06     -3.7858e-06
    -0.000666959    -0.000626512
      -6.272e-06    -7.66705e-06
    -0.000261942    -0.000271267
    -0.000709011    -0.000655167
      -1.273e-06    -1.76567e-06
     -0.00018971     -0.00019946
     -3.2678e-05    -4.02062e-05
      -3.626e-06     -4.7408e-06
    -0.000185994    -0.000180644
      -1.872e-06    -2.46238e-06
      -9.828e-06    -1.01859e-05
     -7.4417e-05    -8.27591e-05
     -3.7299e-05    -4.17013e-05
      -6.676e-06    -9.01661e-06
    -0.000175177    -0.000198355
     -5.3477e-05    -5.62835e-05
     -2.4296e-05    -2.54419e-05
     -1.2417e-05     -1.8224e-05
    -0.000926045     -0.00118122
     -2.8774e-05    -3.47125e-05
     -0.00101762    -0.000969624
    -0.000422887    -0.000447077
      -7.951e-06    -1.14239e-05
    -0.000302418    -0.000311428
     -3.5757e-05     -4.1557e-05
     -0.00120236     -0.00145859
     -1.1102e-05    -1.35738e-05
     -8.3453e-05    -7.97304e-05
    -0.000489309     -0.00042473
    -0.000286659    -0.000306151
      -4.546e-06    -5.54204e-06
     -5.5931e-05    -5.97415e-05
     -0.00102354     -0.00100034
      -2.799e-06    -5.16968e-06
      -3.717e-06    -4.55144e-06
      -2.921e-06    -4.45528e-06
      -3.464e-06    -1.00115e-05
    -0.000231306    -0.000249093
       -8.05e-05    -8.73995e-05
    -0.000877913    -0.000968785
    -0.000751885      -0.0007591
    -0.000749681    -0.000680366
      -3.258e-06    -3.49415e-06
      -7.906e-06    -9.68338e-06
     -2.4396e-05    -3.54442e-05
       -4.64e-06    -5.88681e-06
    -0.000685032    -0.000632065
    -0.000138836    -0.000175263
    -0.000256547    -0.000255377
    -0.000727579    -0.000650295
      -2.442e-06    -2.92119e-06
      -8.225e-06    -1.03292e-05
      -3.244e-06    -3.92319e-06
       -7.42e-07    -1.19993e-06
    -0.000173111    -0.000178521
     -9.7223e-05    -9.40368e-05
     -9.9766e-05    -0.000104586
    -0.000452144    -0.000414041
      -3.002e-06    -3.43135e-06
       -1.63e-05    -2.04383e-05
      -6.695e-05    -7.36844e-05
      -5.233e-06     -8.5642e-06
    -0.000477936    -0.000436456
    -0.000349415    -0.000371764
    -0.000451095    -0.000457769
     -0.00049375     -0.00065142
    -0.000352382    -0.000333741
     -8.6404e-05    -9.37236e-05
      -1.505e-06    -1.81326e-06
      -3.349e-06     -4.1639e-06
     -1.0973e-05    -1.24109e-05
    -0.000452181    -0.000394726
     -3.4906e-05    -4.04373e-05
      -4.727e-06    -5.45853e-06
     -0.00011087    -0.000144559
     -3.4105e-05    -4.07497e-05
    -0.000814702    -0.000703134
      -2.525e-06     -3.4891e-06
      -4.931e-05     -5.9635e-05
    -0.000710154    -0.000716496
    -0.000396722    -0.000391797
     -2.1099e-05    -3.56218e-05
    -0.000733978    -0.000691466
    -0.000587973    -0.000433783
    -0.000193728    -0.000199933
     -2.5389e-05     -2.9787e-05
    -0.000564841    -0.000531557
      -4.805e-06    -6.77141e-06
      -1.934e-06    -2.24233e-06
    -0.000271681     -0.00025739
      -1.776e-06    -2.16203e-06
       -7.76e-07    -1.52651e-06
    -0.000374078    -0.000393943
    -0.000609588    -0.000578364
    -0.000315293    -0.000283881
     -1.8236e-05    -2.18507e-05
     -3.6529e-05    -3.84111e-05
      -7.259e-06    -8.17823e-06
     -7.9198e-05    -8.18783e-05
    -0.000482177    -0.000488694
    -0.000245952    -0.000242306
     -1.6609e-05    -2.04017e-05
     -0.00082749    -0.000920433
    -0.000476595    -0.000454271
    -0.000984694    -0.000934657
     -1.1718e-05    -1.30093e-05
    -0.000169932    -0.000191571
    -0.000560864    -0.000523054
    -0.000442162     -0.00039781
     -4.0776e-05    -5.27083e-05
    -0.000546355    -0.000502294
      -8.556e-06    -1.13702e-05
       -8.01e-07    -1.63349e-06
       -5.05e-06    -6.66399e-06
      -4.536e-06    -7.01501e-06
        1.31e-07    -3.20162e-07
       -2.21e-06    -2.81081e-06
    -0.000973585    -0.000976288
     -7.6907e-05    -8.73152e-05
      -7.102e-06    -8.61779e-06
      -8.142e-06    -9.69712e-06
    -0.000303848    -0.000339855
      -2.172e-06    -2.73726e-06
    -0.000313564    -0.000291594
     -1.0557e-05    -1.22573e-05
      -3.802e-06    -4.71356e-06
      -1.068e-06    -1.41737e-06
    -0.000127182    -0.000151773
      -3.043e-05    -3.45757e-05
      -4.282e-06      -4.994e-06
      -5.588e-06      -8.682e-06
     -1.1587e-05    -1.35353e-05
      -2.631e-06    -2.76903e-06
      -3.434e-06    -5.50272e-06
     -1.1761e-05    -1.70928e-05
    -0.000513873    -0.000473615
      -9.773e-06    -1.38861e-05
      -5.229e-06    -7.75369e-06
     -0.00013755    -0.000150152
     -6.2262e-05    -6.94397e-05
      -6.647e-06     -7.5746e-06
     -6.3171e-05    -7.87032e-05
    -0.000287911    -0.000273122
      -5.597e-06    -7.67659e-06
     -3.3158e-05    -4.23162e-05
      -1.789e-06    -2.26495e-06
       -9.81e-07    -1.25214e-06
     -1.2409e-05    -1.83442e-05
    -0.000413324    -0.000388626
    -0.000257753    -0.000269668
    -0.000622968    -0.000589903
     -6.2976e-05    -7.99059e-05
     -4.1742e-05    -4.49062e-05
     -0.00026152    -0.000233941
    -0.000337258     -0.00030115
     -5.3713e-05    -5.32264e-05
     -3.7909e-05    -4.07197e-05
       -2.17e-06    -2.57022e-06
     -5.7563e-05    -6.27949e-05
    -0.000554263    -0.000517457
     -1.1642e-05    -1.28748e-05
     -1.1893e-05    -1.66961e-05
    -0.000117835    -0.000136204
     -1.0191e-05    -1.16696e-05
     -2.3614e-05    -2.74969e-05
    -0.000657511     -0.00074901
      -7.252e-06    -9.07587e-06
     -6.7109e-05    -6.76834e-05
     -1.8132e-05    -2.01289e-05
     -0.00031378    -0.000280868
     -3.7747e-05    -4.08555e-05
    -0.000575476    -0.000560355
    -0.000189835    -0.000223428
    -0.000360278    -0.000357121
     -1.9935e-05    -2.51804e-05
      -1.228e-06    -1.45686e-06
      -3.448e-06    -6.16737e-06
      -9.291e-06    -1.06817e-05
      -1.549e-06    -1.86595e-06
    -0.000507836    -0.000537441
     -0.00016692    -0.000173225
     -7.5916e-05    -7.93283e-05
       -5.33e-06     -6.9661e-06
      -8.438e-06    -9.36811e-06
    -0.000371979    -0.000334592
       -9.41e-07    -1.74813e-06
      -9.726e-05    -9.95699e-05
    -0.000118947    -0.000154716
      -3.192e-06    -3.56901e-06
     -2.8137e-05      -2.907e-05
       -5.24e-07    -9.36896e-07
      -1.163e-06    -1.37325e-06
      -4.751e-06    -5.85605e-06
    -0.000490444     -0.00056555
     -2.7933e-05    -3.19242e-05
     -3.4734e-05    -3.84469e-05
     -2.8956e-05    -3.86135e-05
      -7.062e-06    -1.17091e-05
    -0.000120902    -0.000118928
     -7.5976e-05    -9.06356e-05
      -1.816e-06    -3.22075e-06
      -8.821e-06    -9.43419e-06
    -0.000129729    -0.000131253
     -0.00131003     -0.00120176
       -5.95e-07    -1.99943e-06
     -2.4443e-05    -3.04035e-05
      -1.022e-05    -1.59068e-05
     -1.1942e-05    -1.46402e-05
     -2.5952e-05    -2.79251e-05
      -3.514e-06    -4.16822e-06
    -0.000547971    -0.000585688
     -1.7464e-05    -2.40343e-05
     -3.1027e-05    -3.40943e-05
      -0.0007554    -0.000814335
     -1.6498e-05    -2.31786e-05
     -3.7503e-05    -4.61014e-05
    -0.000152492    -0.000165061
      -0.0011775     -0.00117792
     -4.7401e-05    -4.45337e-05
      -1.722e-06    -3.66332e-06
     -3.6694e-05    -4.16783e-05
       -7.01e-07    -1.69145e-06
      -4.852e-05    -4.96037e-05
    -0.000183031    -0.000194655
      -9.705e-06    -1.07121e-05
        -2.7e-06    -3.56135e-06
      -1.078e-06    -3.17198e-06
    -0.000111607    -0.000126222
      -4.143e-06    -5.38307e-06
     -2.7845e-05    -3.02249e-05
       -1.42e-07    -9.43429e-07
    -0.000744527     -0.00105753
      -1.726e-06    -2.49703e-06
     -0.00050306    -0.000468019
     -1.7299e-05    -1.97963e-05
     -0.00126844     -0.00127538
    -0.000628383    -0.000556705
     -6.7714e-05    -7.64515e-05
      -1.855e-05    -2.29381e-05
      -3.448e-06    -4.75723e-06
    -0.000234161    -0.000249751
     -0.00119122     -0.00122718
     -3.6492e-05    -3.98166e-05
    -0.000138021    -0.000167601
      -2.516e-05    -3.13813e-05
     -1.2521e-05    -1.38488e-05
    -0.000669454     -0.00071369
     -1.0563e-05    -1.45604e-05
     -2.4975e-05    -2.65434e-05
    -0.000306883    -0.000308623
     -1.1915e-05    -1.39135e-05
      -6.166e-06    -7.57103e-06
      -3.284e-06    -3.97477e-06
      -9.547e-06    -1.15487e-05
    -0.000823392    -0.000787566
      -8.832e-06    -1.39177e-05
      -8.019e-06    -9.71837e-06
    -0.000697979    -0.000699043
    -0.000715185    -0.000650529
    -0.000176884    -0.000171279
     -8.9104e-05    -9.69736e-05
      -4.936e-06    -6.04707e-06
     -4.8795e-05     -5.4731e-05
    -0.000230101     -0.00025462
      -1.597e-06    -2.28672e-06
     -0.00100053     -0.00098575
      -2.691e-06    -3.23633e-06
       -6.16e-06    -8.01129e-06
     -2.6833e-05    -3.29322e-05
    -0.000366268    -0.000296483
      -5.519e-06     -7.0309e-06
     -6.9996e-05    -7.86451e-05
     -5.3961e-05    -5.79997e-05
    -0.000478678    -0.000448192
     -0.00025551    -0.000273205
     -8.7091e-05    -9.34458e-05
      -1.288e-05    -1.56644e-05
    -0.000978745    -0.000806154
      -6.686e-06    -8.53494e-06
     -4.5663e-05    -5.10718e-05
     -4.8596e-05     -6.1645e-05
    -0.000732657    -0.000757013
    -0.000198166    -0.000176549
    -0.000164793    -0.000160192
      -2.939e-06    -4.65437e-06
      -6.959e-06    -8.49192e-06
      -6.789e-06    -7.11862e-06
    -0.000334831    -0.000297916
    -0.000846108    -0.000782323
    -0.000418193    -0.000453805
     -0.00131016     -0.00119004
    -0.000247633    -0.000273029
    -0.000556863    -0.000514841
     -0.00015207    -0.000165411
       -4.56e-07    -1.01687e-06
    -0.000222579    -0.000286392
    -0.000151026    -0.000164433
     -1.4139e-05    -2.15882e-05
    -0.000322018    -0.000308475
      -2.066e-06    -2.34146e-06
     -4.7639e-05    -5.59906e-05
    -0.000176086    -0.000176128
     -0.00112704     -0.00115464
    -0.000122619    -0.000123286
      -8.998e-06     -1.1853e-05
    -0.000376113    -0.000356742
     -1.8003e-05    -2.06272e-05
     -3.8459e-05    -3.87011e-05
       -1.28e-06    -1.51715e-06
     -9.2346e-05    -9.12935e-05
        -2.5e-06    -3.59322e-06
      -1.282e-06    -1.75523e-06
      -2.234e-06    -4.14169e-06
     -0.00035103    -0.000372766
     -8.4969e-05    -9.60381e-05
      -3.801e-06    -4.17387e-06
     -1.7447e-05    -2.10274e-05
       -1.95e-05    -2.05991e-05
     -6.0122e-05    -6.47683e-05
      -6.224e-06      -7.525e-06
     -3.8082e-05     -4.3368e-05
      -4.232e-06    -7.46071e-06
    -0.000464014    -0.000415183
     -8.8961e-05    -9.86169e-05
     -4.3152e-05    -4.97313e-05
     -4.4891e-05    -5.51469e-05
     -3.2244e-05    -3.68094e-05
       -8.08e-06    -1.13826e-05
     -0.00084591    -0.000788584
     -1.4256e-05    -1.47347e-05
     -8.4576e-05    -8.48188e-05
     -1.0566e-05    -1.20023e-05
     -9.0195e-05    -9.48605e-05
     -5.6476e-05    -6.31079e-05
       -8.61e-07    -2.02165e-06
      -1.416e-05    -2.03434e-05
     -5.2876e-05     -5.2447e-05
      -3.103e-06    -3.50529e-06
    -0.000438922    -0.000491422
      -3.238e-06    -3.83103e-06
     -9.1404e-05    -0.000100036
      -2.922e-06    -4.67448e-06
    -0.000607992    -0.000552195
     -4.8401e-05    -5.07823e-05
     -3.5917e-05    -4.02014e-05
     -8.0335e-05    -8.78065e-05
      -1.268e-06    -1.70424e-06
     -4.7297e-05    -4.85688e-05
      -4.352e-06      -4.993e-06
     -1.0731e-05    -1.31586e-05
     -2.2098e-05    -2.36502e-05
     -0.00054541    -0.000482682
     -0.00117273      -0.0011291
     -3.1388e-05     -4.1137e-05
      -0.0011763     -0.00116062
      -3.202e-06     -5.8558e-06
      -1.225e-06    -2.02204e-06
    -0.000200263    -0.000191655
     -5.3461e-05    -7.12001e-05
      -3.639e-06    -3.83428e-06
      -5.319e-06    -8.15001e-06
    -0.000277864    -0.000286205
    -0.000112316    -0.000113549
     -2.8191e-05    -3.71246e-05
      -2.637e-06     -4.4243e-06
    -0.000244325    -0.000236857
      -7.916e-06    -9.14116e-06
     -1.1559e-05    -1.31204e-05
      -2.111e-06    -2.47653e-06
     -1.7342e-05    -2.27558e-05
      -2.891e-06    -4.01977e-06
     -3.2111e-05    -3.31619e-05
     -2.0541e-05    -2.86058e-05
     -5.9169e-05    -6.60135e-05
      -8.055e-06    -8.75708e-06
    -0.000975079    -0.000954973
      -7.022e-06    -8.10666e-06
     -0.00034969    -0.000313964
     -1.5732e-05    -1.85742e-05
     -0.00101403     -0.00118499
      -1.237e-06    -3.65959e-06
    -0.000271686    -0.000239019
    -0.000480362    -0.000431076
     -8.1136e-05    -7.82094e-05
    -0.000386887    -0.000352753
      -5.965e-06    -6.70909e-06
    -0.000412962    -0.000395117
     -0.00043486    -0.000412133
    -0.000107499    -0.000112466
     -1.1626e-05    -1.28632e-05
     -4.1368e-05    -4.36624e-05
    -0.000290117    -0.000271139
      -4.013e-05    -4.67681e-05
    -0.000498891    -0.000498541
       -2.57e-06    -3.52396e-06
     -0.00011686    -0.000116713
     -2.3986e-05    -3.27083e-05
     -9.2654e-05    -0.000101318
     -0.00104601     -0.00109483
       -6.24e-06    -9.16377e-06
     -0.00130052      -0.0012266
     -2.9583e-05    -3.27211e-05
    -0.000895837    -0.000870942
      -9.886e-05    -0.000116208
    -0.000602137    -0.000601311
    -0.000379898    -0.000436935
      -3.456e-06    -4.16546e-06
     -2.3994e-05    -3.28582e-05
    -0.000696766    -0.000713001
     -2.6541e-05    -2.97857e-05
     -1.5759e-05    -1.86113e-05
    -0.000985304    -0.000952976
    -0.000124832    -0.000120976
       -1.56e-07    -6.72334e-07
    -0.000132794    -0.000139945
     -0.00070829    -0.000934808
    -0.000747148    -0.000615761
     -7.0481e-05    -8.18536e-05
     -4.3188e-05    -4.48429e-05
       -9.72e-06    -1.16536e-05
     -6.2036e-05    -6.36511e-05
        -4.1e-08    -8.31172e-07
      -2.486e-06    -2.96251e-06
      -8.218e-06    -1.57983e-05
     -1.7255e-05    -2.14596e-05
     -0.00134636     -0.00162037
     -2.8105e-05    -3.03299e-05
     -9.2183e-05    -9.54563e-05
    -0.000184216    -0.000184931
      -2.109e-06     -2.5854e-06
     -4.1153e-05    -4.19843e-05
     -1.2109e-05    -1.80901e-05
    -0.000834064    -0.000763816
      -5.465e-06    -6.93632e-06
      -2.419e-06    -2.98201e-06
     -6.5454e-05    -6.97152e-05
     -6.5722e-05    -7.27391e-05
    -0.000551218    -0.000593919
     -2.5911e-05    -2.78958e-05
      -2.288e-06    -2.65485e-06
      -1.977e-06    -2.75075e-06
     -2.2286e-05    -2.99158e-05
    -0.000581342    -0.000552297
    -0.000351372    -0.000280699
    -0.000333598    -0.000380286
     -1.8805e-05    -2.19459e-05
      -1.134e-06    -1.47758e-06
      -1.346e-06    -1.56909e-06
      -1.256e-06    -1.76751e-06
     -5.9896e-05     -6.8159e-05
     -8.5239e-05    -9.68293e-05
     -0.00031297    -0.000278662
       -1.57e-06    -1.86299e-06
          -9e-07    -1.72103e-06
      -2.084e-06    -2.74628e-06
     -2.7528e-05     -3.3835e-05
    -0.000121567    -0.000125266
      -7.347e-06    -9.56212e-06
     -5.2807e-05    -5.45565e-05
     -7.4054e-05    -7.78616e-05
    -0.000813895    -0.000689884
    -0.000181826    -0.000190766
      -2.146e-06    -2.74494e-06
    -0.000476495     -0.00048751
    -0.000108632    -0.000113982
     -1.2019e-05    -1.42182e-05
     -1.2593e-05    -1.56466e-05
      -1.672e-06    -2.11891e-06
       -9.85e-07    -1.32019e-06
     -6.8088e-05    -6.81928e-05
     -1.2575e-05    -1.68998e-05
     -2.8313e-05      -3.103e-05
      -5.572e-05    -6.14863e-05
      -8.455e-06    -1.00045e-05
    -0.000674318    -0.000528817
     -1.3774e-05    -1.77881e-05
     -4.9845e-05    -5.30696e-05
     -0.00135633     -0.00130927
     -1.4204e-05    -2.06285e-05
    -0.000218886    -0.000223581
      -1.685e-05    -2.13723e-05
    -0.000103966    -0.000117771
     -0.00110118    -0.000998039
    -0.000327824    -0.000282668
      -5.183e-05    -6.23225e-05
    -0.000148461    -0.000151729
      -8.417e-06    -1.00869e-05
     -2.2038e-05    -2.29314e-05
      -7.321e-06    -8.08811e-06
     -1.6884e-05    -1.81217e-05
     -0.00129885     -0.00120555
       -2.84e-06    -3.90696e-06
     -0.00117914    -0.000967648
    -0.000122794    -0.000136372
      -4.464e-06    -7.24506e-06
    -0.000630634    -0.000564917
      -3.774e-06    -5.00928e-06
      -3.052e-06    -4.06402e-06
      -8.821e-06     -1.0914e-05
     -0.00033844    -0.000334481
        -9.4e-07    -1.95739e-06
      -4.061e-06    -4.87426e-06
      -2.286e-06    -2.92808e-06
      -4.441e-06    -4.78823e-06
    -0.000265068    -0.000255428
     -0.00042262    -0.000432025
    -0.000400111    -0.000372137
    -0.000125627     -0.00011945
     -4.2661e-05    -4.43816e-05
    -0.000540984    -0.000537743
       -8.01e-06    -9.37305e-06
     -6.3567e-05    -6.71872e-05
      -1.105e-06    -1.61956e-06
    -0.000221475    -0.000202844
    -0.000140166    -0.000171222
    -0.000396259    -0.000362911
    -0.000380928    -0.000409901
     -1.5791e-05    -2.29038e-05
       -2.44e-06    -3.44554e-06
     -2.8487e-05    -3.16285e-05
     -7.5026e-05    -9.63846e-05
     -1.6506e-05    -2.00622e-05
     -5.0184e-05    -5.66375e-05
     -2.5163e-05    -2.86914e-05
    -0.000113013    -0.000121968
     -3.0194e-05    -4.32842e-05
     -1.6962e-05    -1.91749e-05
    -0.000735975    -0.000665032
       -1.56e-06    -1.81793e-06
    -0.000170952    -0.000168372
      -2.654e-05    -3.42667e-05
    -0.000194258    -0.000223342
     -1.6395e-05    -2.56248e-05
      -6.964e-06    -8.69537e-06
      -2.505e-06    -2.83633e-06
     -4.2102e-05    -4.59588e-05
     -9.8451e-05    -9.80871e-05
     -0.00041436    -0.000421413
    -0.000499274    -0.000612058
    -0.000148154    -0.000158546
      -2.085e-06     -2.5395e-06
    -0.000864009    -0.000850533
      -8.222e-06    -9.54899e-06
       -9.75e-06    -1.41302e-05
    -0.000180806    -0.000182949
      -4.162e-05    -4.60788e-05
     -1.1637e-05    -1.33037e-05
     -2.0276e-05    -2.49683e-05
    -0.000143731    -0.000186868
        -1.6e-06    -2.69932e-06
     -0.00121184     -0.00121676
      -1.682e-06    -2.36067e-06
      -1.951e-06    -2.34367e-06
      -3.814e-06     -5.9702e-06
     -0.00022015    -0.000225425
     -4.3715e-05     -5.4534e-05
     -1.6525e-05    -1.88517e-05
    -0.000154695    -0.000149531
      -3.718e-06    -6.81276e-06
     -0.00033464    -0.000335069
     -1.7606e-05    -2.44878e-05
     -1.6153e-05    -1.93252e-05
      -2.788e-06    -3.42429e-06
    -0.000117425    -0.000121175
    -0.000763286    -0.000890347
      -1.922e-06    -2.47825e-06
     -3.3697e-05    -3.61445e-05
    -0.000373182    -0.000381157
      -3.207e-06    -3.86469e-06
     -1.0266e-05    -1.27058e-05
    -0.000227388    -0.000182805
      -7.655e-05     -7.7925e-05
     -0.00019657     -0.00019267
      -4.813e-06     -5.9557e-06
    -0.000107102    -0.000113128
    -0.000558205    -0.000514258
     -2.8988e-05    -4.64049e-05
      -1.109e-06    -1.73696e-06
    -0.000432622    -0.000412179
     -1.0457e-05    -1.58432e-05
    -0.000226137     -0.00026715
      -1.961e-06    -4.17429e-06
    -0.000197176    -0.000189025
     -7.2461e-05    -7.92815e-05
    -0.000572361    -0.000673026
     -0.00074807    -0.000748633
    -0.000175096    -0.000214402
      -8.676e-06    -1.28664e-05
