QM Energy	FF Energy
     -0.00197443     -0.00185134
      -0.0146435      -0.0145642
     -0.00319096     -0.00296861
     -0.00701076     -0.00704766
     -0.00158819     -0.00143617
     -0.00240291     -0.00214394
     -0.00851363      -0.0075273
     -0.00775786     -0.00764282
     -0.00109252     -0.00106381
     -0.00150851     -0.00140867
     -0.00306009     -0.00264086
     -0.00425801     -0.00419659
      -0.0109669      -0.0114621
      -0.0189717      -0.0190541
    -0.000809382    -0.000745905
     -0.00205175     -0.00195809
     -0.00155522      -0.0014693
     -0.00798456     -0.00784336
     -0.00654589      -0.0062625
     -0.00494598      -0.0046145
     -0.00946507     -0.00970999
     -0.00732485     -0.00694054
      -0.0110532      -0.0112259
     -0.00567463     -0.00569622
     -0.00386593     -0.00362887
     -0.00114113      -0.0010428
     -0.00195865     -0.00170511
     -0.00149331     -0.00143836
     -0.00806336     -0.00799471
     -0.00295678     -0.00280807
      -0.0045632     -0.00406416
     -0.00115625    -0.000989146
     -0.00139044     -0.00130541
     -0.00985245     -0.00945248
      -0.0047026     -0.00446422
     -0.00737806     -0.00673038
     -0.00510118     -0.00490209
     -0.00280622     -0.00284408
     -0.00268978     -0.00260665
     -0.00177705     -0.00162509
    -0.000827491    -0.000666282
     -0.00394111     -0.00364334
     -0.00424126      -0.0039419
     -0.00134439     -0.00122092
     -0.00794201     -0.00804781
     -0.00267801      -0.0025839
     -0.00137562     -0.00129249
     -0.00266948     -0.00249779
     -0.00836974     -0.00816354
     -0.00208142     -0.00199551
    -0.000981951    -0.000873681
     -0.00101477    -0.000922365
     -0.00383727     -0.00366125
     -0.00458037     -0.00461419
     -0.00760066     -0.00773981
     -0.00899455     -0.00882106
     -0.00860446     -0.00796085
      -0.0122754      -0.0120712
     -0.00207648     -0.00192524
     -0.00194848     -0.00191467
     -0.00321118      -0.0030786
     -0.00264809     -0.00244495
     -0.00418926     -0.00406097
     -0.00206448     -0.00192969
     -0.00379077     -0.00364971
     -0.00170056     -0.00163155
     -0.00398723     -0.00411571
    -0.000923712     -0.00082795
     -0.00664351     -0.00610128
     -0.00706843     -0.00691649
      -0.0176658      -0.0177484
     -0.00605124     -0.00555138
     -0.00196074     -0.00168092
     -0.00497275     -0.00455504
     -0.00240353     -0.00221141
     -0.00475196     -0.00467432
     -0.00859369     -0.00790684
     -0.00194514     -0.00177587
     -0.00214992     -0.00203162
     -0.00323494     -0.00313654
     -0.00657968     -0.00619486
     -0.00142413     -0.00147014
     -0.00132347     -0.00119545
     -0.00264827     -0.00246345
     -0.00417518     -0.00384374
     -0.00128767     -0.00114998
      -0.0054281     -0.00508834
     -0.00899239     -0.00868417
     -0.00687616     -0.00702945
      -0.0012386     -0.00116593
     -0.00279596     -0.00259457
     -0.00669926     -0.00659474
     -0.00126986     -0.00114151
     -0.00860729     -0.00830238
      -0.0031873     -0.00293386
     -0.00788136     -0.00799457
      -0.0106079      -0.0103917
     -0.00285566     -0.00282802
      -0.0136674      -0.0136548
     -0.00443451     -0.00383555
      -0.0174795      -0.0174176
     -0.00187261     -0.00170886
     -0.00142742     -0.00132781
     -0.00103073    -0.000939069
     -0.00325773     -0.00311025
     -0.00246566     -0.00236211
     -0.00104346    -0.000970052
     -0.00222823     -0.00204789
     -0.00972421     -0.00947544
     -0.00243597     -0.00219752
     -0.00172003      -0.0015828
     -0.00684601     -0.00685419
     -0.00161314     -0.00160205
    -0.000939304    -0.000870651
     -0.00804329     -0.00753551
      -0.0024681     -0.00233241
     -0.00755721     -0.00770823
     -0.00172782     -0.00162799
     -0.00153482     -0.00131042
       -0.010058     -0.00987764
      -0.0015535     -0.00154221
      -0.0016757     -0.00151032
     -0.00145905     -0.00133874
     -0.00318642     -0.00317813
     -0.00202286     -0.00169943
     -0.00168153     -0.00157528
    -0.000998878    -0.000889049
     -0.00180214      -0.0017829
      -0.0030864     -0.00292623
     -0.00207628     -0.00206348
     -0.00314513     -0.00276547
     -0.00390269     -0.00353452
     -0.00230084     -0.00217033
     -0.00413144     -0.00400115
     -0.00111923     -0.00102705
     -0.00394065      -0.0036543
     -0.00948552     -0.00918629
    -0.000736846    -0.000653175
       -0.014015      -0.0142701
     -0.00451237     -0.00445982
      -0.0110426      -0.0109427
     -0.00458891     -0.00420286
     -0.00580847     -0.00568858
      -0.0098223     -0.00885622
     -0.00111356    -0.000995542
     -0.00585524      -0.0058458
     -0.00560697     -0.00483916
     -0.00153463     -0.00133322
     -0.00313447     -0.00303339
     -0.00679226     -0.00708629
     -0.00228998     -0.00208392
     -0.00129436     -0.00130839
     -0.00116233     -0.00105705
     -0.00779669     -0.00767563
     -0.00226428     -0.00226093
     -0.00489773      -0.0047598
     -0.00119329     -0.00112001
     -0.00323953     -0.00298193
     -0.00582794     -0.00576069
     -0.00200231     -0.00180799
     -0.00171947     -0.00157074
    -0.000980529    -0.000925201
     -0.00406848     -0.00397796
     -0.00886416     -0.00907888
     -0.00454714     -0.00404368
     -0.00326455     -0.00301899
     -0.00930525     -0.00906478
     -0.00125501     -0.00113468
     -0.00231667     -0.00223788
     -0.00327136     -0.00326188
     -0.00326028     -0.00328963
     -0.00275844     -0.00275207
     -0.00452977     -0.00423148
     -0.00251803     -0.00236556
     -0.00166012     -0.00154807
     -0.00115104      -0.0011142
     -0.00484747     -0.00486636
     -0.00411446     -0.00423286
     -0.00841991     -0.00812733
     -0.00202904     -0.00197825
     -0.00253743     -0.00259191
     -0.00196778     -0.00185445
     -0.00125964     -0.00120298
     -0.00246206     -0.00248629
     -0.00526381     -0.00517566
     -0.00116631     -0.00106659
     -0.00321212     -0.00298858
     -0.00468165     -0.00481527
     -0.00870563     -0.00852055
     -0.00129038     -0.00123959
     -0.00487987     -0.00453737
      -0.0100255       -0.010276
     -0.00189891     -0.00178151
     -0.00272931     -0.00251652
     -0.00436615      -0.0043524
     -0.00162022     -0.00153434
     -0.00577495     -0.00526829
     -0.00733549     -0.00680642
      -0.0152975      -0.0157259
     -0.00345087     -0.00358235
     -0.00356671     -0.00364155
     -0.00219429     -0.00217952
     -0.00145564     -0.00138364
      -0.0026278      -0.0024087
     -0.00304068     -0.00297013
     -0.00446845     -0.00418106
     -0.00344825     -0.00323181
     -0.00633973     -0.00606213
     -0.00134848     -0.00124044
     -0.00227445     -0.00214454
     -0.00510262     -0.00451484
      -0.0029486     -0.00253003
     -0.00478491     -0.00480893
     -0.00203873     -0.00188794
     -0.00193014       -0.001928
     -0.00215227     -0.00195437
     -0.00903819     -0.00887282
      -0.0011647     -0.00115266
     -0.00256377     -0.00238028
     -0.00110422     -0.00106399
     -0.00416357     -0.00399838
     -0.00193993     -0.00188069
      -0.0112879      -0.0112684
     -0.00599474     -0.00596137
      -0.0144033       -0.014486
     -0.00202668     -0.00173263
     -0.00269447     -0.00262762
     -0.00136955     -0.00121385
     -0.00245097     -0.00237081
     -0.00417738     -0.00383207
     -0.00375302     -0.00364274
     -0.00557328     -0.00563878
     -0.00189306     -0.00173192
     -0.00340655     -0.00337182
     -0.00621265     -0.00587969
     -0.00172189     -0.00155948
     -0.00173676     -0.00165279
      -0.0077656     -0.00813082
     -0.00411405     -0.00391449
     -0.00214506     -0.00195939
     -0.00318663     -0.00282394
     -0.00258517     -0.00240542
       -0.003526     -0.00327988
     -0.00407948     -0.00386872
     -0.00178956     -0.00165652
     -0.00204865     -0.00206886
     -0.00108214    -0.000982481
     -0.00386165     -0.00394584
     -0.00153766     -0.00146631
      -0.0011232    -0.000918416
     -0.00502359      -0.0050834
     -0.00319064     -0.00304397
     -0.00518594     -0.00514289
     -0.00502528     -0.00494319
     -0.00137547     -0.00134655
     -0.00990415       -0.010133
     -0.00129684     -0.00117987
     -0.00793645     -0.00753629
     -0.00101984    -0.000904784
      -0.0120251      -0.0119811
     -0.00163614     -0.00139707
     -0.00597203     -0.00612889
     -0.00612184     -0.00538466
      -0.0129081      -0.0128444
     -0.00739779     -0.00758637
     -0.00879919      -0.0087675
     -0.00281165     -0.00258816
     -0.00191099     -0.00173975
      -0.0156664      -0.0151913
     -0.00375138     -0.00324869
      -0.0111161      -0.0107567
    -0.000880809    -0.000728107
     -0.00630963     -0.00615207
     -0.00473406     -0.00441155
    -0.000589915    -0.000502933
     -0.00533106     -0.00538174
      -0.0022977     -0.00201582
     -0.00278889     -0.00271188
     -0.00280463     -0.00285704
     -0.00143967     -0.00128383
      -0.0124137      -0.0127679
     -0.00172095      -0.0017189
      -0.0111501      -0.0113686
     -0.00441239     -0.00452403
     -0.00440186     -0.00429358
     -0.00743646     -0.00743095
    -0.000713468    -0.000627255
     -0.00154413     -0.00147399
      -0.0130461      -0.0129538
     -0.00116057     -0.00103141
      -0.0100923       -0.010106
      -0.0125171      -0.0124743
     -0.00667228      -0.0067756
     -0.00107255    -0.000964114
     -0.00729037     -0.00739975
     -0.00136654     -0.00124335
     -0.00123807     -0.00109634
    -0.000955258    -0.000834793
     -0.00609993     -0.00588899
      -0.0121767      -0.0124013
     -0.00912485     -0.00853395
      -0.0130184      -0.0126495
     -0.00142269     -0.00132942
     -0.00383475     -0.00394312
     -0.00168465     -0.00158963
    -0.000709966     -0.00064005
      -0.0101013     -0.00908431
     -0.00951313     -0.00923537
     -0.00458603     -0.00463683
     -0.00137397     -0.00129673
      -0.0141658      -0.0147635
     -0.00210032     -0.00193359
     -0.00129673     -0.00125056
     -0.00737061     -0.00683706
      -0.0110214      -0.0111362
    -0.000937499    -0.000863714
     -0.00680847     -0.00694729
     -0.00548071     -0.00567145
     -0.00118284     -0.00109145
     -0.00493477      -0.0046626
     -0.00168586     -0.00165089
     -0.00807282     -0.00794269
     -0.00696093     -0.00681464
     -0.00162814     -0.00155261
     -0.00242322     -0.00223001
     -0.00107494     -0.00101541
     -0.00202013     -0.00184498
     -0.00147774     -0.00134656
     -0.00546097     -0.00509239
      -0.0134353      -0.0130801
     -0.00135688     -0.00127791
     -0.00122502     -0.00112417
     -0.00388225     -0.00347606
     -0.00176037     -0.00181232
     -0.00800897     -0.00734683
     -0.00162752     -0.00137749
     -0.00104427    -0.000911368
      -0.0171348      -0.0176805
     -0.00110708       -0.001031
     -0.00126085     -0.00119306
     -0.00870716     -0.00838202
     -0.00228263     -0.00229321
     -0.00546728     -0.00542015
     -0.00488319     -0.00459932
      -0.0149326      -0.0150799
     -0.00290103     -0.00272128
     -0.00314847     -0.00311087
     -0.00458576     -0.00438283
    -0.000810958    -0.000746109
      -0.0111423      -0.0109703
     -0.00363773     -0.00325383
     -0.00163215     -0.00154568
     -0.00235069     -0.00217962
     -0.00180031     -0.00175213
     -0.00307701     -0.00294237
     -0.00714827     -0.00745194
     -0.00316921     -0.00296183
     -0.00114846      -0.0010528
     -0.00616809     -0.00579782
     -0.00333269     -0.00340984
     -0.00230505     -0.00207827
     -0.00187875     -0.00170081
      -0.0029078     -0.00293116
      -0.0016335     -0.00158912
     -0.00116596     -0.00111748
     -0.00106854    -0.000970381
     -0.00694421     -0.00704362
     -0.00509325     -0.00509479
     -0.00232269     -0.00234063
     -0.00317332     -0.00303233
    -0.000752007    -0.000663261
     -0.00466674     -0.00447623
     -0.00633323     -0.00597925
     -0.00150001     -0.00127124
    -0.000881031    -0.000814263
     -0.00138099     -0.00124717
    -0.000906635    -0.000801428
     -0.00758094     -0.00708029
     -0.00197317     -0.00166166
     -0.00671272     -0.00617334
     -0.00163672     -0.00138345
     -0.00786097      -0.0077302
     -0.00296726      -0.0027787
     -0.00432146     -0.00436061
     -0.00114921    -0.000991121
     -0.00548956     -0.00518415
     -0.00261211     -0.00251702
     -0.00500423     -0.00492982
     -0.00388653     -0.00401493
      -0.0074062     -0.00769452
     -0.00768652     -0.00759626
     -0.00113305     -0.00106559
      -0.0108484       -0.010632
     -0.00218138     -0.00223748
     -0.00300295     -0.00278959
     -0.00576209     -0.00557929
     -0.00317209     -0.00311263
     -0.00591692     -0.00547459
      -0.0032058     -0.00308554
     -0.00381544     -0.00355768
     -0.00164546     -0.00154628
     -0.00597664     -0.00516803
     -0.00221775     -0.00199196
     -0.00629989     -0.00604556
     -0.00372163     -0.00353088
      -0.0111991      -0.0109708
    -0.000956086    -0.000807082
     -0.00532704     -0.00497644
     -0.00127058     -0.00115536
     -0.00089673    -0.000803657
     -0.00720723     -0.00676524
      -0.0022961     -0.00236559
     -0.00305239     -0.00287452
     -0.00104635     -0.00100156
     -0.00103869    -0.000908149
     -0.00190205     -0.00194899
      -0.0038817     -0.00355653
     -0.00957188     -0.00950724
     -0.00452299      -0.0039884
     -0.00160215     -0.00152734
     -0.00406346     -0.00415916
      -0.0014398     -0.00130862
     -0.00259159     -0.00256457
      -0.0102334     -0.00989364
    -0.000482463    -0.000390344
     -0.00517775     -0.00518609
      -0.0036852      -0.0034336
       -0.004511     -0.00443216
     -0.00781452     -0.00756579
     -0.00236907     -0.00233375
     -0.00400842     -0.00377568
      -0.0012379     -0.00118357
     -0.00154753     -0.00154026
      -0.0028795      -0.0026542
     -0.00892183     -0.00831971
     -0.00513072     -0.00539476
     -0.00202444     -0.00208687
     -0.00376913     -0.00375693
     -0.00153919     -0.00141037
     -0.00134049     -0.00121012
     -0.00393152     -0.00393554
     -0.00637134     -0.00609015
     -0.00588777     -0.00556967
     -0.00152703     -0.00138855
     -0.00332468     -0.00314544
     -0.00216847     -0.00211231
     -0.00156168     -0.00146491
     -0.00264717      -0.0025026
     -0.00133003     -0.00120324
     -0.00512137     -0.00478479
     -0.00227556     -0.00213858
     -0.00192872     -0.00196314
     -0.00762134     -0.00756684
     -0.00103888    -0.000980533
      -0.0114041      -0.0116165
     -0.00451742     -0.00444249
      -0.0079257     -0.00756713
     -0.00711389     -0.00677847
     -0.00158485     -0.00145015
     -0.00447051     -0.00410816
     -0.00101324    -0.000982481
     -0.00795604     -0.00714845
     -0.00195513     -0.00190713
     -0.00485668     -0.00447706
     -0.00363597     -0.00351485
     -0.00438011     -0.00440034
     -0.00336977     -0.00316633
     -0.00429028     -0.00425124
      -0.0074159     -0.00706889
     -0.00571366     -0.00533867
     -0.00210071     -0.00210354
     -0.00600281     -0.00601467
     -0.00655493     -0.00620944
     -0.00317384     -0.00302408
      -0.0100757     -0.00978116
     -0.00328206     -0.00312716
     -0.00304823     -0.00313487
      -0.0167827      -0.0169644
     -0.00204981     -0.00187591
     -0.00370742     -0.00365911
     -0.00913458     -0.00915388
     -0.00271868     -0.00271709
      -0.0164067       -0.016422
    -0.000997507    -0.000935953
     -0.00167514     -0.00152779
     -0.00130486     -0.00122797
     -0.00550689     -0.00543106
     -0.00947212     -0.00872769
     -0.00332531     -0.00337721
     -0.00219488     -0.00207856
     -0.00976596     -0.00893409
     -0.00273161     -0.00280733
     -0.00144776     -0.00125258
     -0.00154527     -0.00142979
     -0.00136627     -0.00132904
     -0.00118727     -0.00109676
      -0.0122356      -0.0125454
      -0.0045065     -0.00454354
     -0.00128861     -0.00117559
     -0.00400157      -0.0036551
      -0.0115618      -0.0110194
     -0.00250498     -0.00238891
     -0.00600589     -0.00599893
     -0.00136577     -0.00130708
     -0.00633698     -0.00549664
      -0.0023863     -0.00231478
     -0.00129996     -0.00110667
     -0.00935996     -0.00948053
     -0.00473791     -0.00412637
     -0.00862168     -0.00906586
    -0.000692667    -0.000632037
     -0.00244195     -0.00251962
     -0.00271994      -0.0026788
     -0.00164971     -0.00141737
     -0.00588925     -0.00559054
      -0.0109931      -0.0102133
     -0.00422038     -0.00424742
     -0.00193677     -0.00183805
      -0.0027189     -0.00266168
     -0.00982058     -0.00951474
     -0.00111732     -0.00104171
      -0.0079736     -0.00745533
      -0.0102201     -0.00998323
     -0.00228647     -0.00222108
     -0.00974229     -0.00943742
     -0.00603171     -0.00616903
     -0.00427707     -0.00395843
     -0.00454261     -0.00467876
     -0.00562234     -0.00589118
      -0.0021474     -0.00195303
     -0.00101781    -0.000932914
     -0.00121628     -0.00108952
     -0.00153902     -0.00138469
     -0.00387093     -0.00374439
     -0.00290058     -0.00269584
      -0.0015468     -0.00143694
     -0.00122005     -0.00107513
      -0.0115995      -0.0111445
     -0.00633171     -0.00580907
     -0.00245409     -0.00229497
      -0.0185641      -0.0188457
      -0.0029194     -0.00272751
     -0.00145084     -0.00130085
     -0.00297434      -0.0025729
      -0.0128512       -0.012975
     -0.00472869     -0.00438892
     -0.00392798     -0.00360905
    -0.000728807    -0.000637277
      -0.0013679     -0.00138312
     -0.00395639     -0.00344549
     -0.00929897     -0.00911443
     -0.00457967      -0.0041185
    -0.000904273    -0.000788437
     -0.00161845     -0.00146447
     -0.00392114     -0.00363094
     -0.00256389     -0.00260548
     -0.00547248     -0.00524932
    -0.000860897    -0.000786899
     -0.00147299     -0.00140511
     -0.00119419     -0.00105583
    -0.000952194    -0.000843044
     -0.00186402     -0.00171033
     -0.00319516     -0.00326707
     -0.00724984     -0.00673487
     -0.00613711     -0.00630026
    -0.000774261    -0.000669611
     -0.00253181     -0.00236401
      -0.0126376      -0.0119298
     -0.00116859     -0.00111198
     -0.00118556     -0.00106241
     -0.00322768     -0.00300669
     -0.00286601     -0.00270824
     -0.00312168     -0.00310589
     -0.00187696     -0.00164897
     -0.00823211     -0.00761049
     -0.00269505     -0.00275208
     -0.00970752     -0.00950104
     -0.00306351     -0.00280972
    -0.000994952    -0.000913991
     -0.00710847     -0.00725849
     -0.00275411      -0.0026167
     -0.00157808     -0.00149263
      -0.0021117     -0.00182419
     -0.00113592     -0.00108473
     -0.00141337     -0.00138936
     -0.00196585     -0.00190065
     -0.00646489     -0.00590179
      -0.0133024      -0.0138654
     -0.00275718     -0.00271112
     -0.00395629     -0.00390562
     -0.00154848     -0.00143766
     -0.00824514      -0.0080225
     -0.00428705     -0.00418043
      -0.0136788      -0.0140073
     -0.00292999     -0.00262241
     -0.00102964     -0.00091979
     -0.00848052     -0.00832902
     -0.00197403     -0.00178287
      -0.0107909      -0.0104707
      -0.0010234    -0.000958733
     -0.00320785     -0.00316754
     -0.00549664     -0.00542728
     -0.00140521     -0.00139333
      -0.0173155      -0.0174931
      -0.0037754     -0.00352715
    -0.000938451    -0.000847734
     -0.00503424     -0.00479552
      -0.0138282       -0.014308
     -0.00504392     -0.00488114
     -0.00316926     -0.00294016
     -0.00111995     -0.00107049
     -0.00144897      -0.0014198
     -0.00161671     -0.00153783
    -0.000731668     -0.00065381
     -0.00121053     -0.00103922
      -0.0106325      -0.0102274
     -0.00372654     -0.00359038
     -0.00682395     -0.00619721
      -0.0016944      -0.0014815
      -0.0136716      -0.0136047
     -0.00303475     -0.00303546
     -0.00330891     -0.00337109
     -0.00067919    -0.000585355
       -0.000818    -0.000747626
       -0.001983     -0.00189572
     -0.00751115      -0.0075076
      -0.0013699     -0.00123689
     -0.00343522     -0.00356049
     -0.00312015     -0.00296762
     -0.00281333     -0.00289638
     -0.00127979     -0.00119703
     -0.00692497     -0.00638566
     -0.00884408     -0.00891017
     -0.00501063     -0.00487463
     -0.00228557     -0.00226601
     -0.00169177     -0.00152284
     -0.00634997     -0.00635573
      -0.0132893      -0.0129646
     -0.00256387      -0.0022832
     -0.00137009     -0.00124051
     -0.00290647     -0.00269107
      -0.0108523      -0.0104897
      -0.0052367      -0.0053093
      -0.0023055     -0.00221815
     -0.00965907     -0.00973919
     -0.00524695     -0.00536078
    -0.000737805    -0.000646756
     -0.00135858     -0.00132305
     -0.00116874     -0.00110965
    -0.000899283    -0.000741053
     -0.00187367     -0.00163403
     -0.00115859    -0.000977569
     -0.00709258     -0.00656882
     -0.00165501     -0.00160127
     -0.00239893     -0.00227797
     -0.00304186     -0.00291746
     -0.00237091     -0.00231502
     -0.00145252     -0.00135813
     -0.00770369     -0.00720321
     -0.00275149     -0.00248553
       -0.001036     -0.00101311
     -0.00623546     -0.00647034
     -0.00844707     -0.00838968
     -0.00155398     -0.00129715
     -0.00887607      -0.0088722
     -0.00101337    -0.000917501
     -0.00724162     -0.00709451
       -0.013532      -0.0137824
     -0.00802528     -0.00752425
     -0.00148109     -0.00142056
      -0.0018781     -0.00189969
     -0.00795454     -0.00799443
      -0.0027591     -0.00252676
      -0.0010309    -0.000926625
     -0.00203505     -0.00194449
     -0.00885445     -0.00892775
     -0.00814712      -0.0084541
     -0.00519734     -0.00503188
      -0.0041175     -0.00405539
      -0.0138256      -0.0134173
     -0.00553046     -0.00557398
     -0.00207029      -0.0018993
       -0.013942      -0.0138075
     -0.00532129     -0.00480438
     -0.00611021     -0.00638828
     -0.00149922     -0.00144271
     -0.00206007     -0.00196533
     -0.00285466     -0.00267374
      -0.0060561     -0.00589316
     -0.00902555     -0.00864068
      -0.0114707      -0.0113865
    -0.000881553    -0.000770609
    -0.000783379     -0.00071518
     -0.00851208     -0.00775584
     -0.00131053     -0.00119174
      -0.0176863      -0.0184887
      -0.0222574          -0.023
     -0.00627641     -0.00567066
     -0.00071779    -0.000586846
       -0.015084      -0.0142726
    -0.000822401    -0.000724331
     -0.00815324     -0.00851953
      -0.0166535      -0.0166693
      -0.0179428      -0.0185732
      -0.0031868     -0.00297231
     -0.00209739     -0.00199895
     -0.00562676     -0.00578423
     -0.00161838     -0.00167022
     -0.00294973     -0.00285165
     -0.00169674     -0.00175033
     -0.00136246     -0.00120838
     -0.00333439     -0.00334079
     -0.00581081     -0.00600579
     -0.00316169     -0.00290688
     -0.00266129     -0.00243663
     -0.00909641      -0.0093745
     -0.00301135     -0.00290812
      -0.0064214     -0.00629318
      -0.0047006     -0.00432033
     -0.00207773     -0.00204619
     -0.00165371     -0.00165428
     -0.00300159     -0.00270697
     -0.00144354     -0.00141285
     -0.00654054     -0.00593253
     -0.00267895     -0.00247892
     -0.00314387     -0.00313389
     -0.00244818     -0.00215894
     -0.00378441     -0.00364938
     -0.00283085     -0.00265649
     -0.00549801      -0.0051093
      -0.0016036     -0.00154107
     -0.00377175      -0.0037703
     -0.00540879     -0.00537854
     -0.00120062     -0.00104087
     -0.00178151     -0.00167475
     -0.00932967     -0.00918637
     -0.00574929     -0.00542282
     -0.00547244     -0.00557025
      -0.0062347     -0.00588027
      -0.0014507     -0.00144097
     -0.00111128    -0.000997254
     -0.00259307     -0.00241928
      -0.0022872     -0.00210692
     -0.00257343     -0.00246001
     -0.00115898     -0.00106834
     -0.00111221     -0.00104888
     -0.00475093     -0.00441063
     -0.00401707     -0.00400704
     -0.00562285     -0.00547434
      -0.0103219      -0.0104432
      -0.0010586    -0.000941425
     -0.00112865      -0.0010212
     -0.00152791     -0.00140671
     -0.00186313     -0.00181189
      -0.0042034     -0.00375008
      -0.0170992      -0.0171056
     -0.00382874     -0.00349065
      -0.0010048    -0.000929564
     -0.00282516     -0.00287234
     -0.00214017     -0.00203847
     -0.00437939     -0.00435016
      -0.0142113      -0.0138811
     -0.00234644     -0.00220482
     -0.00432543     -0.00409589
     -0.00166674     -0.00157482
     -0.00154071     -0.00154429
     -0.00162414     -0.00163416
      -0.0105994      -0.0101616
    -0.000688204    -0.000605476
    -0.000729935    -0.000650665
      -0.0112197      -0.0104897
     -0.00380183     -0.00391815
     -0.00303309      -0.0027412
     -0.00190228     -0.00188717
     -0.00363237     -0.00368046
     -0.00203562     -0.00195393
     -0.00781592     -0.00798417
     -0.00387126     -0.00367613
     -0.00200939     -0.00184914
      -0.0106808      -0.0103962
      -0.0146704       -0.015217
     -0.00432204     -0.00442899
     -0.00171455     -0.00154565
     -0.00266733     -0.00247017
     -0.00129083     -0.00120374
     -0.00768992     -0.00727422
     -0.00374375     -0.00382989
     -0.00147692     -0.00143558
     -0.00308098     -0.00297498
     -0.00216917     -0.00210314
      -0.0053854     -0.00530184
      -0.0134962      -0.0132901
     -0.00244729     -0.00250935
     -0.00462354     -0.00453849
     -0.00398833     -0.00393278
     -0.00237781     -0.00223573
      -0.0119962      -0.0116171
     -0.00441327     -0.00414654
     -0.00538338     -0.00523759
      -0.0161287      -0.0167463
     -0.00731542     -0.00703414
     -0.00312454     -0.00322161
     -0.00560798     -0.00585095
     -0.00704814      -0.0066712
      -0.0035195     -0.00357293
     -0.00102373    -0.000904276
      -0.0111773       -0.010843
     -0.00106897    -0.000952657
    -0.000967105    -0.000874994
      -0.0111828       -0.011175
     -0.00119523     -0.00117634
     -0.00975701     -0.00941726
     -0.00664381     -0.00576653
     -0.00150392     -0.00142111
      -0.0157269      -0.0162071
      -0.0049835     -0.00451313
     -0.00423471     -0.00401569
     -0.00215138     -0.00196034
     -0.00949387     -0.00921836
     -0.00094934    -0.000896938
    -0.000972984    -0.000945831
     -0.00219034      -0.0019941
     -0.00127843     -0.00115691
     -0.00646914     -0.00599122
     -0.00779343     -0.00736963
     -0.00170984     -0.00146093
      -0.0130491      -0.0127905
      -0.0112836      -0.0115587
     -0.00362267     -0.00363407
      -0.0153816       -0.015398
     -0.00496739     -0.00480588
      -0.0014032     -0.00141721
     -0.00214941     -0.00189698
     -0.00871078     -0.00879288
     -0.00623648     -0.00591205
     -0.00632852     -0.00611891
     -0.00586064     -0.00597396
    -0.000674648    -0.000592013
    -0.000829577    -0.000754979
     -0.00224016     -0.00226513
     -0.00897033     -0.00862454
      -0.0112247      -0.0108842
      -0.0118351      -0.0124942
     -0.00161603     -0.00167577
     -0.00137295     -0.00123066
     -0.00138576     -0.00137397
      -0.0153388      -0.0149158
      -0.0072617     -0.00718573
     -0.00832739     -0.00816193
     -0.00608091     -0.00588107
     -0.00429059     -0.00446136
     -0.00178098     -0.00151093
      -0.0041328      -0.0039359
    -0.000965736    -0.000899804
     -0.00870957     -0.00798978
     -0.00618155     -0.00606727
     -0.00465019     -0.00437926
     -0.00867565     -0.00849324
     -0.00342274     -0.00338463
     -0.00407148     -0.00415452
     -0.00375472     -0.00357987
     -0.00492388     -0.00472958
     -0.00468168     -0.00457592
     -0.00224721     -0.00218791
     -0.00124534     -0.00119071
     -0.00155539     -0.00146717
     -0.00276796     -0.00255179
     -0.00493376     -0.00481656
     -0.00201553     -0.00196028
     -0.00330886     -0.00315203
     -0.00989136     -0.00993008
     -0.00257673     -0.00245111
     -0.00765861     -0.00740881
     -0.00416999     -0.00377912
     -0.00184204     -0.00164357
      -0.0133399      -0.0135065
     -0.00362964     -0.00339874
     -0.00183152     -0.00184097
      -0.0101904      -0.0106647
     -0.00280999     -0.00258633
      -0.0150377      -0.0155969
     -0.00733748     -0.00714571
     -0.00446922     -0.00454278
     -0.00143261     -0.00125109
     -0.00887937     -0.00901356
     -0.00887198     -0.00914333
     -0.00587969     -0.00575346
     -0.00751581     -0.00653897
     -0.00369804     -0.00349915
     -0.00518242     -0.00493391
     -0.00341404     -0.00350722
     -0.00115014     -0.00112774
     -0.00418255     -0.00363837
     -0.00754981      -0.0077988
        -0.00965     -0.00918308
    -0.000716072    -0.000649437
     -0.00293709     -0.00270105
       -0.009177       -0.008953
     -0.00603237     -0.00629844
      -0.0024941     -0.00228192
      -0.0127465      -0.0129384
     -0.00245365     -0.00227606
     -0.00231002     -0.00235254
     -0.00505268     -0.00489731
     -0.00186158     -0.00170204
     -0.00151085     -0.00136981
     -0.00945907     -0.00844698
     -0.00633709     -0.00645013
     -0.00269379     -0.00268375
     -0.00231647     -0.00213804
      -0.0037025     -0.00367304
     -0.00599229      -0.0057509
     -0.00141748     -0.00135391
     -0.00377647     -0.00351667
     -0.00646325     -0.00571138
      -0.0111833      -0.0111444
     -0.00684877     -0.00677188
      -0.0105879      -0.0108054
     -0.00387152     -0.00339116
    -0.000724992    -0.000657794
     -0.00185817     -0.00169213
     -0.00654829     -0.00584545
      -0.0100338      -0.0103374
     -0.00393946     -0.00374697
      -0.0057721     -0.00539493
      -0.0032467     -0.00311006
     -0.00142477      -0.0013124
     -0.00599683     -0.00600408
     -0.00335486     -0.00304228
     -0.00587431     -0.00534067
     -0.00171806     -0.00155534
     -0.00903103     -0.00865019
     -0.00680893     -0.00663071
     -0.00410692     -0.00402823
     -0.00123905     -0.00125452
     -0.00625517     -0.00623273
     -0.00298215     -0.00296934
     -0.00748763     -0.00678937
     -0.00664104     -0.00584519
      -0.0020292     -0.00188544
     -0.00673364     -0.00670069
     -0.00162467     -0.00151928
     -0.00230856     -0.00226264
     -0.00583752     -0.00567538
      -0.0100459      -0.0100803
     -0.00152059     -0.00149074
     -0.00684835     -0.00710599
     -0.00143071     -0.00130553
     -0.00353415     -0.00352526
     -0.00647387     -0.00593652
     -0.00103236    -0.000868242
     -0.00138033     -0.00125067
    -0.000671672    -0.000598992
     -0.00507215     -0.00498112
