QM Energy	FF Energy
     -0.00101095    -0.000820414
      0.00395252      0.00417376
     0.000570806     0.000811777
     -0.00335865     -0.00281151
      0.00182937       0.0020513
      0.00236862      0.00233032
       0.0174968       0.0170972
        0.001296      0.00116641
     -0.00212503     -0.00208431
     -0.00123912     -0.00116926
      0.00375122      0.00343285
      0.00115984      0.00109122
      0.00289649      0.00195702
       0.0193945        0.020367
     -0.00235399     -0.00225354
     0.000532015     0.000647149
     -0.00191508     -0.00180719
       0.0048542      0.00516551
      0.00332456      0.00365891
     -0.00247864     -0.00102429
      0.00314463      0.00282828
      0.00606233      0.00623416
      0.00663132      0.00548115
     -0.00168358     -0.00200105
    -0.000578914    -0.000445268
      0.00106414      0.00102122
     0.000612442     0.000542531
     -0.00102168    -0.000966305
     0.000793276    -6.67398e-05
     -0.00512541     -0.00483736
      0.00400252      0.00402726
      0.00241875      0.00244727
     -0.00256995     -0.00240702
      0.00999294      0.00960667
     -0.00403176     -0.00391046
      0.00926469      0.00886424
     -0.00292267     -0.00273065
     -0.00105836     -0.00101036
     -0.00408518     -0.00383575
     -0.00212509     -0.00191952
      0.00265448      0.00268656
    -0.000539238    -0.000377535
      0.00220871      0.00253376
     -0.00190902     -0.00180933
     0.000933549     0.000543911
     -0.00165579     -0.00137509
     -0.00242934     -0.00235475
     -0.00397999     -0.00383166
       0.0036882      0.00420235
     -0.00279356     -0.00272267
     -0.00290148     -0.00271922
      0.00237405      0.00245188
     -0.00547638     -0.00545141
     -0.00112285     -0.00112704
      0.00172254      0.00140774
      0.00704159      0.00769737
      0.00545265      0.00552632
      0.00856431      0.00830315
     -0.00288828     -0.00276957
     -0.00163611      -0.0016685
     -0.00251787     -0.00230221
     -0.00377149     -0.00351374
     -0.00163035     -0.00109431
     -0.00263612     -0.00239206
      -0.0027325     -0.00228798
     -0.00255568      -0.0024365
     -0.00117833     -0.00134645
     -0.00139523     -0.00128469
      0.00387692       0.0040619
      0.00392158      0.00404027
       0.0074309      0.00910753
      0.00770951      0.00803765
      0.00222775      0.00226765
       0.0011113      0.00171396
      -0.0022339     -0.00206665
     -0.00285487     -0.00285492
      0.00617999      0.00743296
     -0.00409473     -0.00387069
      0.00184944      0.00183844
     -0.00506129     -0.00487041
      0.00307675      0.00232812
     -0.00157916     -0.00158882
     -0.00129602     -0.00119052
     -0.00357761     -0.00340637
     -0.00181715    -0.000738811
     -0.00221305     -0.00185919
      -0.0012951     -0.00053124
      0.00343251      0.00337366
     -0.00165438     -0.00182979
     -0.00215394     -0.00197662
     -0.00329168     -0.00286446
      0.00470102      0.00367742
     -0.00202594     -0.00180084
      0.00431295      0.00499467
     -0.00130864     -0.00100433
      0.00174447      0.00104618
        0.011246       0.0103731
     -0.00160355     -0.00165199
       0.0105906       0.0102753
       0.0084083      0.00788177
       0.0201096       0.0183287
     -0.00214831     -0.00192974
     -0.00165227      -0.0014672
     -0.00212711     -0.00199846
     -0.00403766     -0.00376605
      0.00186099      0.00176173
     -0.00128003     -0.00114755
     0.000616738     0.000376079
       0.0031123        0.003546
      0.00214582       0.0022379
     -0.00327294     -0.00308316
       0.0018453      0.00170554
     -0.00017195    -0.000124921
     -0.00121087     -0.00113355
      0.00238311      0.00304431
     -0.00422118     -0.00390911
       0.0025529      0.00206655
     -0.00278965     -0.00265893
      0.00279465      0.00273603
      0.00506649      0.00564688
     -0.00243727     -0.00241289
      0.00143371        0.001402
     -0.00332183     -0.00309537
      0.00079907     0.000568138
      0.00193096      0.00171187
      -0.0029774     -0.00276392
     -0.00289956     -0.00273657
     -0.00123804     -0.00126796
     -0.00318327     -0.00280557
    -0.000904344    -0.000962266
      0.00332405      0.00339397
      0.00357197      0.00359648
     -0.00270178     -0.00248375
       0.0015204      0.00117044
    -0.000575359    -0.000490089
      0.00119049      0.00137286
       0.0045775      0.00448859
     -0.00176719     -0.00159666
      0.00575329      0.00508677
      -0.0055992     -0.00559244
      0.00996035       0.0106613
     -0.00130087    -0.000533335
    -0.000606431    -0.000690134
      0.00962866      0.00842208
      0.00194676      0.00200915
     -0.00134441     -0.00136132
        0.011603       0.0117274
      0.00122284      0.00132803
     -0.00398752     -0.00373282
     -0.00212104     -0.00208627
     -0.00272339     -0.00256094
      0.00133066      0.00129149
     -0.00172038     -0.00159723
       0.0043704      0.00448668
     -0.00199413     -0.00195899
      -0.0050941     -0.00485174
     -0.00235854     -0.00226798
     -0.00173376     -0.00149421
     -0.00573974     -0.00559577
      0.00117243      0.00113673
     -0.00379589     -0.00358183
      -0.0021538     -0.00208746
      0.00206854      0.00216817
      0.00148218      0.00152874
      0.00635406      0.00696461
    -0.000279614    -4.68471e-05
      0.00556706      0.00592208
    -0.000705131    -0.000663571
     -0.00478947     -0.00468031
     -0.00451074     -0.00445074
     -0.00257552     -0.00266763
     -0.00268942     -0.00270512
     -0.00354655     -0.00254749
     -0.00436783     -0.00405935
     -0.00141937     -0.00134433
     -0.00271938     -0.00261866
     -0.00608508     -0.00618307
     -0.00372478     -0.00377607
      0.00723087      0.00724967
      0.00044488     0.000517251
     -0.00203002      -0.0020127
     -0.00147622     -0.00147066
     -0.00218359     -0.00209775
    -0.000376156    -0.000342475
     -0.00186014     -0.00166136
     -0.00295122     -0.00274597
     -0.00171871      -0.0016097
     -0.00142368     -0.00157254
        0.001988       0.0022353
     -0.00107228     -0.00104501
    -0.000970056    -0.000180214
      0.00266934      0.00326419
     -0.00401585     -0.00383245
     -0.00185224     -0.00158292
     -0.00237096     -0.00226512
     -0.00293878     -0.00274798
      0.00120565      0.00183711
       0.0023861      0.00210445
      0.00322154       0.0034311
      -0.0013027     -0.00140028
     0.000300579     9.94193e-05
     -0.00167836     -0.00170534
     -0.00193687     -0.00173011
     -0.00284807      -0.0025174
     -0.00140285      -0.0011607
     -0.00425554     -0.00428827
      -0.0023335     -0.00188622
      0.00253552      0.00256055
     -0.00238384     -0.00222715
      -0.0013087     -0.00115867
       0.0094529       0.0101392
       0.0049116      0.00480706
     -0.00180465     -0.00188403
     0.000823862     0.000999437
    -0.000631621    -0.000697484
     -0.00278472     -0.00253366
     0.000852764      0.00162919
    -0.000581376    -0.000600564
     -0.00406295     -0.00376119
     -0.00102204     -0.00100596
     -0.00281101     -0.00235738
     -0.00112654     -0.00103521
      0.00862808      0.00812077
    -0.000604992    -0.000810389
      0.00907903      0.00849166
      0.00348409      0.00336161
     -0.00145296     -0.00144157
     0.000686941     0.000813477
     -0.00363714     -0.00357175
     -0.00215912     -0.00211571
    -0.000251153    -0.000544125
    -0.000576476    -0.000749744
     -0.00270633     -0.00241669
     0.000390555     0.000429698
      0.00176532     0.000912576
      -0.0034735     -0.00327581
     -0.00235112     -0.00207622
     -0.00219231     -0.00262023
     0.000577234     0.000453057
     -0.00237177     -0.00202975
      0.00326684       0.0029042
     -0.00200646     -0.00177813
     -0.00400334     -0.00364757
     -0.00326445     -0.00337895
      -0.0011169      -0.0010818
    -0.000633475    -0.000683121
     -0.00226587     -0.00212425
    -0.000601764    -0.000773637
    -0.000528444    -0.000438711
      0.00320649      0.00334848
    -0.000603506    -0.000741594
     -0.00413946     -0.00393662
     -0.00224809     -0.00242182
      0.00099894     0.000767907
     -0.00135084     -0.00134539
      0.00358081      0.00310161
     -0.00206097     -0.00194811
       0.0036964      0.00263457
     0.000721257     0.000721245
      0.00830929      0.00915413
      0.00377439       0.0042008
    -0.000631729    -0.000934169
       0.0119515       0.0131978
      0.00362398      0.00403016
      0.00117178      0.00109756
      0.00347534      0.00419232
     0.000896621     0.000989131
     -0.00161427     -0.00148957
       0.0182056       0.0184498
      0.00695283      0.00738354
       0.0139454       0.0127254
      0.00220286      0.00220533
     0.000309299     6.84114e-05
       0.0038677      0.00351883
      0.00239506      0.00244199
     -0.00500684     -0.00480545
      0.00174014      0.00187002
     -0.00210278     -0.00216739
     0.000334991     0.000257356
     -0.00291919     -0.00275037
      0.00465768      0.00523233
      0.00132135      0.00122812
       0.0029251      0.00394409
     -0.00504709     -0.00516137
     -0.00566563     -0.00545667
     -0.00360832       -0.003701
      0.00175154      0.00179928
      0.00151192      0.00145801
      0.00903597      0.00853436
        -0.00233     -0.00201787
     0.000249451     0.000273553
     0.000983498     0.000289999
     0.000107802     0.000248351
      0.00052263      0.00061919
     -0.00170247     -0.00186194
    -0.000717549    -0.000640243
     -0.00232931     -0.00215826
      0.00241021      0.00251712
    -0.000670924     4.61645e-05
      0.00440415      0.00378419
      0.00499132      0.00491673
       0.0142034       0.0136013
     -0.00272168     -0.00261493
    -0.000752573    -0.000883133
    -0.000637517    -0.000641475
     -0.00126383     -0.00117566
       0.0112222       0.0126256
      0.00627418      0.00677942
      0.00212605      0.00186881
     -0.00297379     -0.00283243
      0.00351197      0.00314002
     -0.00197846     -0.00158406
    -0.000578714    -0.000513406
      0.00453845      0.00568454
      0.00507802      0.00469029
     -0.00106551    -0.000982186
      0.00194145        0.001966
     0.000195863    -3.40464e-05
     0.000239289     0.000340989
     -0.00510107     -0.00472269
    -0.000308324    -0.000232204
       0.0031179       0.0031387
      0.00117231      0.00111277
     -0.00181208     -0.00166288
     0.000551597     0.000573577
     0.000548112     0.000566344
     -0.00399068     -0.00369352
     -0.00167462     -0.00154921
      0.00563481      0.00673448
      0.00581743      0.00516922
     -0.00112692     -0.00110393
     -0.00264124     -0.00253842
      0.00114153     0.000783192
     0.000202204     0.000142706
       0.0119037       0.0102106
      0.00260049        0.002709
     -0.00115058     -0.00107111
        0.010678       0.0101211
     -0.00150452     -0.00140302
     -0.00253687     -0.00242468
      0.00150885      0.00165475
    -0.000752188    -0.000849503
      0.00319702      0.00318735
      0.00312387      0.00335761
      0.00958296      0.00950737
     -0.00233127     -0.00203782
     0.000307414     0.000185096
     -0.00149422    -0.000805214
     -0.00112628     -0.00102338
     0.000875501      0.00148568
       0.0014008     0.000971371
     -0.00284313     -0.00273458
      -0.0029118     -0.00278873
    -0.000663768     -0.00070016
      -0.0022409     -0.00216768
      0.00103707     0.000604306
    -0.000583327    -0.000533526
     -0.00164786      -0.0015871
    -0.000887096    -0.000647494
     -0.00338244     -0.00334666
     0.000884265     0.000922972
     -0.00252739     -0.00215379
     -0.00167936      -0.0017564
     -0.00234075     -0.00227046
     -0.00248832     -0.00242515
     -0.00207971      -0.0019333
      -0.0022763     -0.00209118
     -0.00672289     -0.00649245
    -0.000451976    -0.000529964
     -0.00148134     -0.00127933
     -0.00183933     -0.00167344
     -0.00170155     -0.00170931
     0.000433329      0.00077282
      0.00332563       0.0036504
     -0.00145384     -0.00133457
     -0.00128451     -0.00115938
    -0.000988822    -0.000876767
      0.00171325      0.00106809
      0.00404202      0.00415889
      0.00213511      0.00317761
      0.00357107      0.00376663
       0.0036626      0.00363288
      0.00105582      0.00107761
     -0.00368853     -0.00368246
      0.00179252      0.00192059
     -0.00408061     -0.00363312
     -0.00457742     -0.00438695
     -0.00280261     -0.00255587
     -0.00154575     -0.00161175
     -0.00265268      -0.0028794
      0.00333129      0.00293924
     -0.00299145     -0.00283909
      0.00984424      0.00961949
     -0.00127391     -0.00134495
     -0.00186262     -0.00150616
     -0.00191364     -0.00114428
     -0.00112933     -0.00116883
     -0.00114658    -0.000336549
     -0.00156875     -0.00153698
     -0.00377338     -0.00389256
     -0.00206195     -0.00196374
       0.0126464       0.0126408
     -0.00292713     -0.00262364
     -0.00330459     -0.00332914
     0.000348459      0.00031159
      0.00137399      0.00124525
      0.00114804      0.00118454
      0.00179769      0.00216787
     -0.00294961     -0.00275705
      0.00234147      0.00243044
      0.00461166      0.00466628
     -0.00149165     -0.00153732
     -0.00265067     -0.00257335
    -0.000210314    -0.000115769
      0.00245781      0.00252863
    -0.000302408     -0.00038249
    -0.000602271     -0.00048857
      0.00436765      0.00364429
      0.00807095       0.0087099
     -0.00110998     -0.00102289
    -0.000415686    -0.000586409
     -0.00188066     -0.00163446
    -0.000625984    -0.000765282
       0.0087065       0.0079421
      0.00267419      0.00275695
    -0.000533921    -0.000329347
     -0.00214517     -0.00150805
      0.00162219      0.00129596
      0.00495774      0.00536827
     -0.00407713     -0.00401091
     -0.00283685     -0.00247905
    -0.000674293    -0.000684334
    -0.000594855    -0.000645085
     -0.00390487     -0.00372243
      0.00476575      0.00672573
     -0.00319889     -0.00336396
     -0.00149496      -0.0015361
     -0.00301914      -0.0029624
    -0.000497554    -0.000454288
     -0.00155259     -0.00145785
      0.00132845      0.00116068
      0.00464055      0.00551975
      0.00319177      0.00394129
     -0.00282445     -0.00262561
     -0.00109066    -0.000864488
     0.000349576      0.00029476
     -0.00224409     -0.00212798
     -0.00469824     -0.00449229
     -0.00177643     -0.00163441
     -0.00103484    -0.000638728
     -0.00376406     -0.00362854
     -0.00178452     -0.00181595
      -0.0013728     -0.00078949
     -0.00119931     -0.00114605
       0.0055914      0.00555577
      0.00217693      0.00175614
      0.00619784      0.00565672
      0.00704015      0.00662825
     -0.00303895     -0.00290465
      0.00186133      0.00213553
     -0.00172815     -0.00164749
       0.0111298       0.0122394
     -0.00136688     -0.00126184
    -0.000582348    -2.46203e-05
     -0.00403745     -0.00363034
     -0.00375984      -0.0037082
     -0.00279551     -0.00219647
     -0.00142423     -0.00143838
      0.00462073      0.00506237
      0.00413934      0.00432998
      0.00105146     0.000972665
     0.000976238     0.000993021
     -0.00316327     -0.00285818
     -0.00286509     -0.00261905
      0.00216364      0.00309606
     -0.00228114     -0.00203311
     -0.00358403      -0.0036263
       0.0110639       0.0116739
     -0.00358127     -0.00335358
      -0.0034846     -0.00344418
     0.000344233    -0.000115018
     -0.00162278     -0.00172852
       0.0184758       0.0191811
     -0.00196152     -0.00189026
     -0.00277644     -0.00264844
     -0.00123462     -0.00117391
    -0.000488916    -0.000100026
      0.00556146       0.0066456
     -0.00182533     -0.00186897
    -0.000327236    -0.000146814
      0.00803962       0.0094982
     -0.00215547     -0.00221346
      0.00258755      0.00287085
    -0.000899707    -0.000888068
      0.00160467      0.00158101
    -0.000847439    -0.000844282
      0.00738683      0.00673024
      0.00194555      0.00169058
     -0.00264798     -0.00249599
     -0.00274005     -0.00256555
      0.00199343      0.00259173
     -0.00204449     -0.00202311
      0.00111987      0.00122298
    -0.000493707    -0.000393844
       0.0114912       0.0108681
     -0.00128055      -0.0013725
      0.00110529      0.00111745
      0.00106907     0.000625092
      0.00723754      0.00696544
     0.000577889     7.11687e-05
       0.0012046      0.00128235
     -0.00171676     -0.00180434
     0.000618499     0.000565642
      0.00252676      0.00283809
      0.00257172      0.00259547
      0.00836674       0.0100722
     -0.00193092      -0.0019415
     -0.00255102     -0.00238985
     -0.00105469     -0.00107727
      0.00113712     0.000456925
     0.000396139     0.000427867
      0.00442546      0.00558793
      -0.0021834     -0.00200617
     -0.00357587     -0.00334658
      0.00382366       0.0033058
     -0.00226068      -0.0021236
     -0.00241286     -0.00222681
     -0.00274116     -0.00284923
     -0.00127542     -0.00157611
     -0.00122823     -0.00112131
     -0.00103935    -0.000987251
      -0.0015634     -0.00146203
     -0.00233664     -0.00202227
     -0.00304719     -0.00264669
      0.00275388      0.00258107
     -0.00169625      -0.0015881
     0.000494153     0.000571017
      0.00837209      0.00763673
     0.000692462      0.00170881
     -0.00361719     -0.00344601
      0.00812237      0.00912712
     -0.00301464     -0.00255327
     0.000525802     0.000503687
      0.00486246      0.00505386
      0.00484321       0.0034508
      0.00405015      0.00381143
     -0.00148474     -0.00124312
    -0.000193343    -0.000130706
      0.00064842     0.000572638
       0.0084459      0.00945151
    -0.000325432    -0.000317876
      0.00717212      0.00812718
      0.00110648      0.00113346
       -0.003046     -0.00285457
     -0.00115992      -0.0012689
     -0.00146636     -0.00154153
      -0.0018038     -0.00173616
     -0.00222582     -0.00209242
     -0.00306116     -0.00294181
      0.00177651      0.00176564
    -0.000753015    -0.000723029
      0.00160687      0.00168939
    -0.000471088    -0.000635401
      0.00994642       0.0100058
     -0.00412048     -0.00407733
     -0.00182129     -0.00169487
     -0.00438839     -0.00410001
       0.0152962       0.0144047
     -0.00149748     -0.00135666
     -0.00119738     -0.00112141
     -0.00310639     -0.00319488
      -0.0046579     -0.00446649
     -0.00297762     -0.00297661
      0.00324026       0.0035659
      0.00788841      0.00760452
     -0.00286044     -0.00286927
     -0.00202664     -0.00163575
     -0.00207374     -0.00168486
    -0.000505553    -0.000462072
     -0.00053218    -0.000809256
      0.00254662      0.00243861
     -0.00308691     -0.00298227
      0.00225755      0.00213459
     -0.00123861      -0.0011142
    -0.000754782     -0.00079003
     -0.00260872     -0.00252802
      0.00185148      0.00251588
      0.00910845      0.00855236
     0.000557217     0.000399839
    -0.000884881    -0.000878483
     -0.00227717      -0.0020942
      0.00428417      0.00485162
     0.000762484     0.000861988
      0.00623489      0.00549799
      0.00227257      0.00232515
     -0.00245935     -0.00228753
      0.00385155      0.00428622
     -0.00194486     -0.00161261
       0.0149084        0.013447
    -0.000487921    -0.000482866
     -0.00267762     -0.00267581
     -0.00245747     -0.00260558
      0.00049292     0.000448166
       0.0122387       0.0118115
     -0.00348788      -0.0032188
     -0.00147764     -0.00133436
    -0.000747035    -0.000308167
      0.00240183      0.00234251
     0.000984493      0.00105931
     -0.00237322     -0.00224219
     -0.00251248     -0.00243753
     0.000331307     0.000335496
      -0.0030312      -0.0029313
     -0.00153988     -0.00142208
      0.00278914      0.00287991
      0.00898651      0.00922723
      0.00308229      0.00297237
      0.00222366      0.00334157
     0.000531148     0.000574137
       0.0105785      0.00967946
     -0.00254167     -0.00247773
     -0.00368226     -0.00372282
     -0.00167645      -0.0015471
      0.00123874      0.00118572
     -0.00375972     -0.00359465
      0.00508634       0.0044564
      -0.0028798     -0.00271124
    -0.000199475    -0.000277721
     -0.00561237     -0.00546785
      -0.0037658      -0.0037735
     -0.00254952     -0.00235375
     0.000204845     0.000853612
      0.00303291      0.00214453
     0.000435586     0.000496258
    -0.000740323    -0.000884512
     -0.00125824      -0.0011596
      -0.0036336      -0.0035513
       0.0139519       0.0149939
      0.00294976      0.00314266
      0.00122372      0.00125552
     -0.00295658     -0.00295967
      0.00511816      0.00555934
     -0.00263241     -0.00272325
      -0.0017299     -0.00171857
    -0.000436451    -5.88259e-05
     -0.00253511     -0.00251807
     -0.00172382     -0.00158611
     -0.00155901     -0.00150066
     -0.00174948     -0.00164507
      0.00182886      0.00180543
      0.00141078      0.00129137
      0.00184001      0.00196425
     0.000840899     0.000880044
     -0.00286388      -0.0028091
     -0.00373457      -0.0036129
     -0.00366135      -0.0034278
    -0.000353805     -0.00031836
      0.00058857     0.000625154
      0.00759934      0.00692591
       0.0033747      0.00358915
    -0.000364339    -0.000352005
     -0.00250558     -0.00261861
      0.00729133      0.00683672
      0.00389266      0.00409159
      0.00490691      0.00508063
     -0.00150695     -0.00142867
      0.00457395      0.00425165
       0.0016408     0.000618502
     0.000292164     1.95637e-06
     -0.00141207     -0.00136182
     0.000600702     0.000559487
     -0.00306878     -0.00312273
     -0.00311044     -0.00271138
       0.0017713      0.00174444
     -0.00245979     -0.00241864
      0.00285632       0.0032176
     -0.00293459     -0.00323159
      0.00149593      0.00165722
     -0.00357223     -0.00362839
      0.00988548       0.0104574
      0.00238488      0.00212934
     -0.00212085     -0.00162319
       0.0118112       0.0126394
     -0.00175401    -0.000345716
     -0.00393766     -0.00424633
     -0.00273345      -0.0026314
     -0.00192416     -0.00192199
     -0.00324847     -0.00325255
    -0.000215599     2.64499e-05
      0.00504819      0.00666676
      0.00719199      0.00839808
     0.000700238     0.000758565
     0.000796164     0.000774237
        0.013252       0.0120246
     -0.00229026     -0.00208775
      0.00921513      0.00739509
       0.0188488       0.0184084
    -0.000329101     0.000513676
      0.00256547      0.00266097
       0.0149703       0.0128611
     -0.00206167     -0.00193152
     -0.00157163     -0.00197657
       0.0135648       0.0120447
       0.0036912      0.00364356
     -0.00207262     -0.00182049
     -0.00338852     -0.00325789
     -0.00261818     -0.00277362
     -0.00107489     -0.00110282
     -0.00284792     -0.00249523
     -0.00202313     -0.00205746
      0.00112399      0.00120323
     -0.00308568      -0.0029927
    -0.000386205    -0.000474955
    -0.000742783    -0.000480218
     -0.00100437    -0.000800252
     -0.00278407      -0.0028075
     -0.00256325        -0.00245
      -0.0015459     -0.00173645
      0.00512367       0.0048294
     0.000853433     0.000867403
     -0.00218447     -0.00217717
      0.00301581      0.00300955
      -0.0020013     -0.00196947
      0.00298062      0.00376971
    -0.000773678    -0.000832653
      -0.0011996     -0.00112693
      0.00116396      0.00104955
      0.00153406      0.00155578
     -0.00213314     -0.00196217
     -0.00289031     -0.00134936
     -0.00147799     -0.00145045
    -0.000481192    -0.000495141
     -0.00214267     -0.00230478
      0.00215003      0.00239562
    -0.000674682    -0.000590125
      0.00583085      0.00600875
      0.00630379      0.00661417
     0.000841416     0.000684834
    -0.000910435     0.000182877
    -0.000502293     -0.00055374
     -0.00224834     -0.00208092
     -0.00251912     -0.00219087
     -0.00247036     -0.00223658
     -0.00245521     -0.00232556
    -0.000534303    -0.000477377
     -0.00198972     -0.00185647
       0.0045107      0.00422472
     -0.00460813     -0.00438016
       0.0026741      0.00255866
      0.00190178      0.00196187
     -0.00207257     -0.00191593
     -0.00187023     -0.00172134
      0.00138573      0.00136954
    -0.000952352     -0.00098527
      0.00363326      0.00379709
       0.0147563       0.0153513
      0.00328504      0.00337465
     -0.00276085     -0.00263774
     -0.00062233    -0.000748636
     0.000901458     0.000806603
     -0.00205107     -0.00180217
       0.0209292       0.0209917
     -0.00077516    -0.000637305
     -0.00218457     -0.00186509
     -0.00127866     -0.00121761
     -0.00172229     -0.00173677
     -0.00192667     -0.00194728
       0.0131355       0.0136355
     -0.00136941     -0.00124932
     -0.00130794     -0.00120834
      0.00704032      0.00590814
     -0.00217749      -0.0022866
      0.00169467       0.0017269
    -0.000651561    -0.000716059
    -0.000679887    -0.000611715
     -0.00178852     -0.00173154
      0.00389648      0.00352222
     -0.00314317     -0.00312688
     -0.00259291     -0.00236537
      0.00173998      0.00301858
     -0.00108455     -0.00137608
     -0.00159634     -0.00152691
     -0.00258528      -0.0022873
      0.00238475      0.00256931
      -0.0021368     -0.00198351
      0.00721941      0.00516826
     -0.00122121     -0.00145089
     -0.00256102     -0.00249277
     -0.00293103     -0.00291263
     0.000711568     0.000643664
     -0.00176853       -0.001867
      0.00919665       0.0102876
     -0.00101147     -0.00104969
     0.000359617     0.000320524
    -0.000808872    -0.000767787
     0.000588701      0.00066815
     0.000873624      0.00108778
     -0.00278958     -0.00243802
    -0.000353398    -0.000100568
     0.000211151      9.7842e-05
      0.00637396      0.00660933
      -0.0022079     -0.00233722
    -0.000806933    -0.000791373
      0.00219985      0.00268334
     -0.00262694     -0.00261029
     -0.00224961     -0.00208327
      0.00736433      0.00703302
       -0.003016     -0.00285435
     -0.00123262     -0.00113994
     -0.00249218     -0.00305428
     -0.00133757      -0.0012958
       0.0037465      0.00411549
       0.0149922       0.0167602
     -0.00163638     -0.00147515
     -0.00354007     -0.00356495
      0.00121926     0.000848938
     -0.00240731      -0.0018022
     -0.00296507     -0.00269731
      0.00658345      0.00670883
     -0.00192459     -0.00184308
    -0.000739305    -0.000666723
     -0.00100465     -0.00103254
      -0.0023363     -0.00221539
      0.00205204      0.00183914
      0.00159694      0.00125996
      0.00191304      0.00191226
      0.00928731       0.0104241
       0.0033287      0.00329015
    -0.000960203     -0.00106863
       0.0122329       0.0126951
      0.00241932      0.00227101
     0.000627924     0.000582027
      0.00225455      0.00277704
      0.00202096      0.00207321
     -0.00343341     -0.00318635
      0.00217076      0.00205832
     -0.00130618     -0.00126349
    -0.000591051    -0.000548872
     -0.00153484     -0.00142341
     -0.00239618     -0.00238159
       0.0103138      0.00904883
      0.00114146       0.0011871
      0.00036168    -0.000557071
     -0.00175259     -0.00179491
     -0.00333104      -0.0031208
     -0.00202086     -0.00199042
       0.0130425       0.0115284
     -0.00143637     -0.00111257
      0.00268552      0.00299562
      0.00297118      0.00282564
     -0.00132756     -0.00146475
      0.00194797      0.00201912
     -0.00111082      -0.0010847
    -0.000389721    -0.000293162
      0.00583945      0.00632341
     -0.00143454     -0.00124794
     -0.00334165     -0.00324705
      0.00442963      0.00447686
     -0.00585281     -0.00569395
     -0.00201568     -0.00209607
     -0.00186449     -0.00154713
      0.00134689      0.00147418
     -0.00227959     -0.00192826
     -0.00144007     -0.00146875
     -0.00238645     -0.00231722
     -0.00106548    -0.000966001
     -0.00243787     -0.00226193
     -0.00027847    -0.000495088
     -0.00136303     -0.00130102
     0.000489642     0.000644854
      0.00575502      0.00614359
     -0.00151748     -0.00153297
       0.0010058      0.00063667
      0.00343611      0.00400024
     -0.00158648      -0.0015173
       0.0015494     0.000490431
    -0.000816979    -0.000545044
    -0.000673743    -0.000703614
      0.00105098     0.000394901
      -0.0017496     -0.00152265
      0.00525238      0.00374542
       0.0029727      0.00284375
      -0.0029691     -0.00301313
      0.00165142      0.00180721
     -0.00121984     -0.00158744
      0.00272725      0.00229759
     -0.00180454     -0.00154667
       0.0156801       0.0148597
    -0.000781874    -0.000421473
     -0.00196644     -0.00234876
     -0.00423259     -0.00422284
     -0.00134374     -0.00131082
      0.00842384       0.0089715
    -0.000198428    -0.000717621
      0.00727511      0.00715609
     -0.00216252     -0.00205564
     -0.00299118     -0.00288156
      0.00669341      0.00646499
     -0.00356843     -0.00349557
     -0.00433959     -0.00408304
      0.00298765      0.00331071
     -0.00188277     -0.00181223
     -0.00191744     -0.00199097
      0.00160956      0.00161726
     -0.00147068     -0.00135779
     0.000709285     0.000773935
      0.00897017       0.0106752
      0.00218169      0.00217965
    -0.000361873    -0.000398545
     -0.00255993      -0.0023354
     -0.00242711      -0.0023838
     0.000927978     0.000958509
     -0.00262649     -0.00255137
      -0.0019024     -0.00167723
       0.0120399       0.0115638
      0.00670223      0.00693117
     -0.00236489     -0.00224682
      0.00663941      0.00604139
      0.00573932      0.00534469
     -0.00114314     -0.00108205
    -0.000928516    -0.000808763
       0.0119867       0.0130647
     -0.00142281     -0.00170167
     -0.00226536     -0.00177111
     -0.00320144     -0.00284919
     -0.00342842     -0.00343164
     -0.00248808     -0.00232756
       0.0030903      0.00261547
     -0.00290397     -0.00272047
     0.000827456      0.00201729
     -0.00290821      -0.0027145
      0.00554437       0.0064726
    -0.000425578     -0.00029314
     -0.00150955     -0.00152865
     -0.00127184     -0.00126018
       0.0021075      0.00169669
     -0.00168403     -0.00173828
      0.00393963      0.00603039
       0.0111914       0.0107659
     -0.00336338     -0.00311154
      -0.0019258     -0.00198538
     -0.00318392     -0.00301034
     -0.00311777     -0.00307148
    -0.000852069    -8.70169e-05
      0.00327203      0.00405453
     0.000399824     0.000327068
     -0.00085384     -0.00138862
     -0.00276685     -0.00265401
     -0.00589275     -0.00578999
      0.00805748      0.00771553
      0.00175901      0.00182064
     -0.00246819     -0.00225266
     0.000771058     0.000869138
    -0.000391309    -0.000402009
