QM Energy	FF Energy
    -0.000301723    -0.000265671
    -0.000310831    -0.000291018
     -0.00132208     -0.00151851
    -0.000785112     -0.00103789
    -0.000384575    -0.000390196
    -0.000137791    -0.000129438
    -0.000462245    -0.000430403
    -0.000378536    -0.000433256
    -0.000570952    -0.000708802
     -0.00104386      -0.0011707
     -7.4041e-05    -6.39176e-05
    -0.000279875    -0.000240366
     -9.6801e-05    -7.99244e-05
    -0.000174735    -0.000176648
    -0.000128503    -9.54501e-05
     -0.00048394    -0.000669123
     -4.1106e-05    -4.12616e-05
    -0.000396856    -0.000375162
    -0.000409046    -0.000408759
      -0.0006134    -0.000473136
     -4.8943e-05    -5.22881e-05
     -6.7329e-05    -9.50314e-05
     -4.1605e-05    -4.38915e-05
     -4.3768e-05    -5.36381e-05
     -0.00106345     -0.00129651
     -6.7508e-05    -6.60531e-05
    -0.000963488     -0.00118089
    -0.000747461    -0.000881792
    -0.000228144    -0.000227466
    -0.000135379    -0.000170522
    -0.000366816    -0.000397357
    -0.000525877    -0.000243984
    -0.000137019    -0.000139942
      -7.181e-05    -6.81297e-05
    -0.000122007     -0.00012517
    -0.000501162     -0.00054191
     -8.1212e-05    -7.85176e-05
     -0.00121485     -0.00111713
    -0.000240777    -0.000261214
    -0.000272485    -0.000337703
    -0.000295339     -0.00032874
    -0.000189108    -0.000194974
     -7.1167e-05    -0.000112853
    -0.000153869    -0.000114351
    -0.000158381    -0.000153066
    -0.000793815    -0.000984957
    -0.000286314    -0.000205844
    -0.000106245    -9.14766e-05
    -0.000493268    -0.000744064
      -7.679e-05    -8.72668e-05
    -0.000696595    -0.000784926
     -0.00118144     -0.00166237
     -0.00100779     -0.00108852
    -0.000467939    -0.000538208
     -9.2321e-05    -0.000104999
    -0.000676984    -0.000832696
    -0.000149168    -0.000134399
    -0.000257208     -0.00021337
    -0.000107714    -0.000108522
    -0.000941124     -0.00103563
    -0.000756387    -0.000366886
    -0.000233974    -0.000272023
    -0.000273268     -0.00026505
     -0.00193164     -0.00143595
    -0.000212846    -0.000141079
    -0.000901492     -0.00140777
    -0.000457727    -0.000478483
    -0.000186011    -0.000207082
     -0.00017668    -0.000168608
    -0.000183183    -0.000177346
     -3.5968e-05    -4.38245e-05
     -0.00107475     -0.00127913
    -0.000416847     -0.00044079
     -0.00135218     -0.00147428
    -0.000128909    -0.000137737
    -0.000526533     -0.00061141
    -0.000527812    -0.000611833
     -0.00023694    -0.000185059
    -0.000404361    -0.000441183
     -0.00195153     -0.00191553
     -0.00103547     -0.00105387
     -0.00037774    -0.000274667
     -0.00112145     -0.00101239
     -0.00109802     -0.00103599
    -0.000658233    -0.000670764
    -0.000407081    -0.000438721
     -0.00112957     -0.00100757
    -0.000399429    -0.000530302
    -0.000150035    -0.000140546
     -9.1257e-05    -0.000106674
    -0.000120708    -0.000102393
    -0.000326083    -0.000306756
     -0.00146593     -0.00118362
    -0.000132866    -0.000126333
    -0.000298057     -0.00025352
     -7.5777e-05    -7.46268e-05
    -0.000242477    -0.000240404
    -0.000403807    -0.000471562
    -0.000123377    -0.000143088
      -0.0014157     -0.00155465
    -0.000589034    -0.000596448
     -0.00015835    -0.000140912
    -0.000258966    -0.000339465
     -6.5249e-05    -7.90805e-05
    -0.000241221    -0.000152362
     -0.00108127    -0.000944027
    -0.000503312    -0.000478504
    -0.000133443    -0.000107627
     -8.4533e-05    -6.45448e-05
     -7.8142e-05    -0.000107352
    -0.000721504    -0.000792216
    -0.000107161    -0.000101804
    -0.000376083    -0.000364823
    -0.000727884    -0.000789836
    -0.000812145    -0.000561428
      -0.0001223     -0.00013354
    -0.000215761    -0.000180398
    -0.000326602    -0.000394694
    -0.000914364    -0.000980211
    -0.000345664     -0.00027596
    -0.000486459    -0.000522769
    -0.000328371    -0.000450432
    -0.000135083     -0.00013072
    -0.000713894    -0.000734876
     -0.00238887     -0.00228085
    -0.000125399    -0.000131654
    -0.000188516    -0.000209332
    -0.000911475    -0.000937513
     -0.00165834     -0.00133273
     -0.00190133     -0.00199408
     -0.00212999     -0.00150998
    -0.000420419    -0.000469462
    -0.000976804     -0.00131052
    -0.000122346    -0.000128691
    -0.000276289    -0.000247917
     -8.2808e-05    -6.35749e-05
    -0.000128033     -0.00011031
    -0.000222265    -0.000213014
    -0.000196056     -0.00020275
    -0.000477389    -0.000446591
    -0.000167911    -0.000171136
    -0.000928698     -0.00104685
     -8.1048e-05    -7.83852e-05
    -0.000120879    -0.000117366
    -0.000358763    -0.000485028
    -0.000390436    -0.000348289
     -7.1722e-05    -7.61064e-05
    -0.000263408    -0.000277024
    -0.000456916    -0.000511653
    -0.000135843     -9.1662e-05
    -0.000166431    -0.000147294
    -0.000736226    -0.000565871
    -0.000200967    -0.000217222
    -0.000134212    -0.000145084
    -0.000107697    -8.64339e-05
    -0.000104405    -7.63051e-05
    -0.000117893    -9.40422e-05
    -0.000154852    -0.000140194
    -0.000105941    -0.000109237
     -7.1904e-05    -6.50977e-05
    -0.000878612     -0.00124026
    -0.000276053    -0.000203198
    -0.000164192    -0.000114586
    -0.000174754    -0.000132985
    -0.000495144     -0.00048746
    -0.000140125    -0.000146333
      -8.057e-05    -6.64335e-05
     -0.00106897     -0.00096232
    -0.000692748    -0.000504848
    -0.000201373    -0.000174945
    -0.000746819    -0.000725003
    -0.000146373     -0.00011741
      -0.0012062      -0.0013799
    -0.000303197    -0.000302996
    -0.000118956    -0.000112587
    -0.000207737     -0.00019881
     -0.00142016     -0.00144676
     -0.00185008     -0.00128261
     -0.00091923     -0.00122822
     -8.3182e-05    -7.94047e-05
    -0.000273367    -0.000238215
     -0.00084327     -0.00104104
    -0.000651507    -0.000686919
    -0.000479394    -0.000418831
    -0.000903127     -0.00133876
      -9.516e-05    -0.000112483
    -0.000813305    -0.000913933
    -0.000627564    -0.000594861
     -1.7805e-05    -3.22453e-05
     -0.00016444    -0.000112635
     -7.4505e-05     -7.1279e-05
    -0.000113045    -0.000103909
    -0.000228196     -0.00020672
     -6.8975e-05    -5.81483e-05
    -0.000624714    -0.000502141
    -0.000132845    -0.000133575
    -0.000608065    -0.000655975
    -0.000452088     -0.00045683
    -0.000118476    -9.80537e-05
     -0.00179614     -0.00226221
    -0.000283288    -0.000332976
    -0.000270364    -0.000263551
    -0.000283577    -0.000377792
    -0.000364327    -0.000410755
    -0.000461022    -0.000230163
     -0.00042403    -0.000395357
    -0.000202973    -0.000209835
     -6.2113e-05    -5.89736e-05
    -0.000653733    -0.000702102
    -0.000407418    -0.000327233
     -0.00141587     -0.00140458
    -0.000554598    -0.000761751
    -0.000535026    -0.000583377
    -0.000139184    -0.000122795
    -0.000304008     -0.00026116
    -0.000777765    -0.000922419
    -0.000222005    -0.000196379
    -0.000890257    -0.000915395
    -0.000211761    -0.000309189
    -0.000363774    -0.000396187
     -7.2655e-05    -5.68772e-05
      -0.0014412     -0.00151188
    -0.000332954    -0.000458375
    -0.000136834    -0.000126492
    -0.000684387    -0.000539144
     -5.0965e-05    -5.17511e-05
    -0.000167128    -0.000169652
    -0.000846736     -0.00103368
    -0.000148387    -0.000124851
    -0.000134684    -0.000147364
     -4.7121e-05    -5.65068e-05
     -0.00140883     -0.00145273
    -0.000687158    -0.000802947
    -0.000143891    -0.000216852
    -0.000226292    -0.000232757
    -0.000365262    -0.000412498
     -2.7467e-05    -3.46369e-05
      -8.959e-05    -8.73625e-05
    -0.000277994    -0.000282879
    -0.000546291    -0.000530507
    -0.000887725    -0.000631692
    -0.000992318     -0.00111519
    -0.000109186    -0.000118734
    -0.000209444    -0.000184904
     -8.8103e-05    -7.53078e-05
     -0.00129429      -0.0012568
    -0.000307243    -0.000307925
     -0.00171572     -0.00118287
    -0.000137663    -0.000148205
     -0.00056453    -0.000610693
    -0.000381202     -0.00043312
    -0.000186072    -0.000158605
    -0.000211751    -0.000231532
    -0.000118255    -0.000113169
    -0.000338015    -0.000387809
    -0.000879611    -0.000771382
     -6.9613e-05    -6.50991e-05
    -0.000109688    -0.000102676
    -0.000195503    -0.000213646
     -7.3416e-05    -5.45736e-05
    -0.000127758    -0.000118049
      -0.0012906     -0.00116192
      -0.0011367     -0.00129492
    -0.000225226     -0.00017942
     -4.9226e-05    -4.53679e-05
    -0.000230275    -0.000176407
    -0.000171298    -0.000205457
     -0.00130276     -0.00151076
    -0.000671064    -0.000918109
    -0.000234043    -0.000227538
     -3.0043e-05    -3.98295e-05
     -0.00171077     -0.00167969
    -0.000258629    -0.000264063
    -0.000522727    -0.000507213
     -3.3421e-05    -3.89926e-05
     -0.00106972     -0.00117889
    -0.000295239    -0.000258819
    -0.000852912    -0.000967685
    -0.000190529    -0.000166526
    -0.000217726    -0.000222164
    -0.000181754    -0.000178028
     -4.3157e-05    -5.96662e-05
     -0.00147205    -0.000971705
    -0.000325621    -0.000349635
     -0.00033671    -0.000280231
     -0.00109967      -0.0014543
    -0.000139636    -0.000134101
    -0.000312043    -0.000422346
    -0.000294429     -0.00028836
     -0.00171017     -0.00247049
    -0.000299681    -0.000275291
    -0.000836612    -0.000568619
    -0.000669261    -0.000757741
     -7.7502e-05    -8.07637e-05
    -0.000215418    -0.000215301
     -0.00132515     -0.00115472
    -0.000328818    -0.000328185
    -0.000907447    -0.000884159
    -0.000178476    -0.000163502
     -8.6568e-05    -7.80276e-05
     -0.00133801     -0.00148074
    -0.000383204    -0.000313748
    -0.000308834    -0.000272769
     -0.00111913     -0.00128867
    -0.000284686    -0.000276629
    -0.000174676    -0.000170982
    -0.000618503    -0.000604303
    -0.000241961    -0.000237303
     -3.7275e-05    -5.48703e-05
    -0.000124395    -0.000103504
    -0.000242856    -0.000303714
    -0.000113917    -0.000134196
      -0.0014743     -0.00151206
    -0.000637087    -0.000626841
    -0.000477426    -0.000510883
     -7.6519e-05    -8.04382e-05
    -0.000181702     -0.00018942
    -0.000762747    -0.000761834
    -0.000243757    -0.000316091
     -0.00111171     -0.00122853
    -0.000380772    -0.000316928
    -0.000217204    -0.000287204
    -0.000784769    -0.000838853
    -0.000459996    -0.000401752
    -0.000141312    -0.000176711
    -0.000206748     -0.00017702
    -0.000736972    -0.000789923
    -0.000186203    -0.000170586
    -0.000319929    -0.000282696
     -0.00167631       -0.002055
    -0.000847089    -0.000942408
    -0.000830245    -0.000860588
    -0.000847579     -0.00132703
     -0.00060078    -0.000668216
    -0.000341512    -0.000272744
    -0.000433789    -0.000395758
    -0.000111978    -9.67987e-05
     -0.00056915    -0.000652339
    -0.000314133    -0.000296022
    -0.000205156    -0.000202081
    -0.000171075    -0.000162292
    -0.000436995    -0.000469096
     -0.00030996    -0.000218995
     -0.00017275    -0.000170541
    -0.000715639    -0.000598801
    -0.000986271    -0.000985523
    -0.000837474     -0.00073901
    -0.000207272    -0.000234342
    -0.000846613     -0.00101385
    -0.000206625    -0.000205033
    -0.000168346    -0.000144096
     -6.3051e-05    -0.000108692
     -9.4459e-05    -8.03382e-05
    -0.000333115    -0.000346171
      -0.0012041     -0.00144993
    -0.000134989    -0.000118033
    -0.000162317    -0.000162302
    -0.000344305    -0.000364359
     -8.4967e-05    -8.92038e-05
     -0.00011524    -0.000132262
    -0.000775764    -0.000756478
    -0.000308591    -0.000317484
    -0.000769428     -0.00107022
     -6.8248e-05    -6.54642e-05
     -0.00098438     -0.00125711
     -4.1303e-05    -4.44721e-05
    -0.000163466    -0.000135973
    -0.000106636    -0.000105512
    -0.000162259    -0.000158561
     -0.00161668     -0.00160989
     -0.00014547    -0.000115075
    -0.000505256    -0.000339247
    -0.000591572    -0.000460463
     -0.00117628     -0.00193617
    -0.000228773    -0.000225252
    -0.000300485    -0.000294531
    -0.000624579    -0.000664281
    -0.000438558    -0.000478674
     -0.00072579      -0.0008547
    -0.000111612    -9.47733e-05
    -0.000200583    -0.000203076
     -0.00300043     -0.00256729
    -0.000111744    -9.40356e-05
    -0.000523856    -0.000635495
      -9.497e-05    -7.35685e-05
    -0.000253236    -0.000250839
    -0.000117164    -0.000113872
    -0.000124898     -0.00010866
    -0.000714637      -0.0007455
    -0.000772431    -0.000691118
     -0.00114288     -0.00080356
    -0.000215423    -0.000203418
    -0.000211585     -0.00021208
     -9.5687e-05    -7.83414e-05
    -0.000420426    -0.000486028
    -0.000323695    -0.000453194
    -0.000744198     -0.00109817
    -0.000575084     -0.00058874
     -6.1844e-05    -7.22742e-05
    -0.000497923    -0.000566194
    -0.000381329    -0.000390423
     -8.9662e-05     -8.3078e-05
    -0.000283688     -0.00034215
     -0.00114734     -0.00100241
    -0.000209074    -0.000204234
     -0.00016032    -0.000159238
    -0.000110843    -0.000113507
    -0.000266855    -0.000224973
    -0.000793914     -0.00094052
    -0.000759237    -0.000880783
    -0.000391179    -0.000391423
    -0.000250363    -0.000224723
    -0.000177539    -0.000164435
    -0.000226046    -0.000299732
     -0.00033514    -0.000428524
    -0.000462679    -0.000521508
    -0.000690075    -0.000673218
    -0.000260929     -0.00036429
    -0.000162249    -0.000107557
     -0.00110373     -0.00171565
     -0.00148452     -0.00146175
    -0.000146951    -0.000106541
    -0.000201007    -0.000191059
     -0.00203763     -0.00140075
    -0.000132019     -0.00012928
    -0.000201992    -0.000178681
    -0.000141332    -0.000163882
    -0.000216293    -0.000216446
    -0.000553043    -0.000696398
     -9.5963e-05    -9.58647e-05
     -5.9574e-05     -4.7497e-05
     -0.00140135     -0.00139241
    -0.000114802    -0.000105898
     -8.3395e-05    -6.34147e-05
    -0.000117258    -0.000124585
     -7.5663e-05    -7.30105e-05
    -0.000287197    -0.000358183
     -8.5512e-05    -8.05971e-05
    -0.000801918    -0.000859347
    -0.000861559     -0.00108498
     -2.9126e-05     -3.9561e-05
    -0.000118889    -0.000113637
     -0.00136932     -0.00144673
    -0.000104427    -0.000105721
      -0.0001229    -0.000104869
    -0.000120285    -0.000119612
     -6.5369e-05    -7.09534e-05
    -0.000837449     -0.00133986
    -0.000168727    -0.000135054
    -0.000529499    -0.000480112
    -0.000915834      -0.0009335
    -0.000197023    -0.000205318
     -0.00146342     -0.00158026
     -9.7676e-05    -8.00723e-05
     -0.00025553    -0.000287331
    -0.000571509    -0.000387464
    -0.000519757    -0.000670406
    -0.000287964     -0.00031591
    -0.000683766    -0.000780482
     -0.00308205     -0.00304182
    -0.000368229    -0.000521037
    -0.000266404    -0.000232026
    -0.000631084    -0.000857327
    -0.000345215    -0.000352323
     -0.00017479    -0.000172308
     -0.00052822    -0.000483892
    -0.000143079    -0.000113241
    -0.000250071    -0.000201205
    -0.000149249    -0.000119239
    -0.000307952    -0.000264136
    -0.000302804    -0.000288632
     -0.00017367    -0.000205785
    -0.000397309    -0.000524266
     -0.00015463    -0.000145222
    -0.000135817    -0.000155686
     -0.00106171     -0.00131953
    -0.000924626     -0.00126321
    -0.000724677     -0.00102775
    -0.000107916    -8.40792e-05
     -0.00029187    -0.000322872
     -0.00105036     -0.00120828
     -7.5572e-05    -6.83561e-05
    -0.000143948    -0.000161688
    -0.000195829     -0.00016065
    -0.000245702    -0.000291457
       -9.08e-05    -8.61349e-05
    -0.000916313    -0.000610874
    -0.000830237     -0.00112745
     -0.00014496    -0.000114454
    -0.000282287    -0.000284136
    -0.000145031    -0.000158178
    -0.000117564    -0.000126055
    -0.000264956    -0.000240517
    -0.000275664     -0.00034695
    -0.000311019     -0.00017957
    -0.000304719     -0.00030973
    -0.000237815    -0.000199355
    -0.000865109    -0.000914595
     -0.00110268     -0.00108915
    -0.000198638    -0.000207611
     -0.00113285     -0.00101064
    -0.000211405     -0.00015551
    -0.000646186    -0.000663477
    -0.000171034    -0.000177083
     -0.00080671    -0.000750906
    -0.000215241    -0.000213415
    -0.000122213    -0.000121865
    -0.000206328    -0.000215588
    -0.000162295    -0.000148684
    -0.000135594    -0.000137558
    -0.000458546    -0.000473425
    -0.000265642    -0.000151549
    -0.000161306    -0.000174438
     -8.9697e-05    -0.000136085
     -0.00101674     -0.00111846
    -0.000300931    -0.000296019
     -6.8528e-05    -7.99332e-05
     -5.2516e-05    -5.52194e-05
    -0.000166479    -0.000145975
     -7.7308e-05    -7.61817e-05
     -0.00235932     -0.00193196
    -0.000170287    -0.000124746
    -0.000524903    -0.000643048
    -0.000417573    -0.000374303
    -0.000141363    -0.000128276
    -0.000337282    -0.000340192
    -0.000220951    -0.000179423
    -0.000171938    -0.000191692
    -0.000144449    -0.000126352
    -0.000150864    -0.000127873
    -0.000972118     -0.00109895
     -0.00013962    -0.000116821
    -0.000115287      -0.0001105
    -0.000105241     -9.5226e-05
    -0.000315747    -0.000353432
    -0.000351225    -0.000303992
     -0.00028726    -0.000242541
    -0.000276299    -0.000232931
    -0.000565715    -0.000679973
     -0.00115451     -0.00121906
     -6.0905e-05    -6.29559e-05
     -0.00120197     -0.00131547
     -0.00109953     -0.00126758
    -0.000407265    -0.000396988
    -0.000434595    -0.000411596
    -0.000340696    -0.000418227
    -0.000279044    -0.000303142
    -0.000338618    -0.000353317
    -0.000361074    -0.000511749
     -0.00125575     -0.00142003
     -8.1706e-05    -7.92794e-05
    -0.000240742    -0.000196816
     -9.7736e-05    -9.72901e-05
    -0.000675941    -0.000618477
    -0.000232658    -0.000257909
    -0.000199794    -0.000226893
    -0.000179176    -0.000191545
    -0.000101262    -0.000104946
    -0.000289073    -0.000205699
     -0.00211695      -0.0019914
     -8.8377e-05    -7.54192e-05
    -0.000215739    -0.000224002
     -7.7878e-05     -7.3943e-05
     -9.8872e-05    -0.000103149
    -0.000228742    -0.000177288
    -0.000946943     -0.00148407
    -0.000254817    -0.000242981
     -0.00107272     -0.00123676
     -0.00114526     -0.00125306
    -0.000305293    -0.000327873
    -0.000307428    -0.000284976
     -3.3782e-05    -4.77779e-05
     -0.00153281     -0.00183443
    -0.000105391    -0.000101127
    -0.000344993     -0.00025546
    -0.000507414    -0.000570265
    -0.000236892    -0.000202433
     -0.00022543    -0.000144248
    -0.000966915     -0.00105134
    -0.000672427    -0.000674022
     -3.4075e-05    -3.34665e-05
    -0.000305425    -0.000269832
    -0.000295231    -0.000328574
     -0.00101088     -0.00105365
     -0.00011156    -0.000110133
    -0.000254813    -0.000311748
     -6.9485e-05    -6.95124e-05
     -0.00013334    -0.000149192
    -0.000358596    -0.000415813
     -8.8194e-05    -8.17974e-05
     -6.0459e-05    -6.97551e-05
    -0.000634084    -0.000758927
    -0.000198087    -0.000155236
    -0.000217274    -0.000198896
      -0.0008371    -0.000577361
    -0.000165084     -0.00016818
     -7.5061e-05    -7.88703e-05
     -0.00048693    -0.000608869
     -9.4658e-05    -0.000121519
    -0.000147239    -0.000133139
     -0.00036022    -0.000341767
    -0.000241477    -0.000224814
     -5.7689e-05    -5.14244e-05
    -0.000121166    -0.000129736
    -0.000116213    -0.000100367
    -0.000101765    -0.000103916
    -0.000382951    -0.000335675
    -0.000371451    -0.000319086
     -0.00126378     -0.00135961
     -0.00117317    -0.000808783
    -0.000207236    -0.000190806
    -0.000279948    -0.000305182
     -8.9289e-05    -6.56367e-05
    -0.000340217     -0.00030437
     -9.3641e-05    -9.05467e-05
     -5.6652e-05    -5.28382e-05
    -0.000140436    -0.000138434
    -0.000109766    -0.000136879
    -0.000438928      -0.0004491
    -0.000156437     -0.00013396
    -0.000669865    -0.000580056
     -6.1542e-05    -5.85146e-05
     -0.00053259    -0.000549495
    -0.000199406    -0.000228221
    -0.000701239    -0.000945949
    -0.000346173    -0.000309042
    -0.000277534    -0.000274958
    -0.000121541    -0.000113076
     -9.1532e-05    -7.92542e-05
    -0.000513776    -0.000563055
    -0.000521356    -0.000545624
     -0.00137077     -0.00134911
    -0.000199262    -0.000137308
     -0.00171392     -0.00149404
    -0.000217549    -0.000240902
    -0.000642217    -0.000697085
      -8.954e-05    -8.47371e-05
    -0.000296882    -0.000298864
    -0.000162726    -0.000166848
     -0.00022894    -0.000195067
    -0.000305701    -0.000332793
    -0.000331466    -0.000348983
    -0.000537773    -0.000540668
    -0.000205557    -0.000211773
     -0.00028756    -0.000311145
    -0.000433712    -0.000546936
     -4.7598e-05    -5.28624e-05
    -0.000944258     -0.00112787
     -6.6602e-05    -7.06629e-05
    -0.000141534    -8.61655e-05
    -0.000798206    -0.000763584
    -0.000178891    -0.000136564
    -0.000586273    -0.000650676
     -0.00120323     -0.00104467
    -0.000397413    -0.000498948
      -9.164e-05    -0.000107449
    -0.000160173      -0.0001488
    -0.000133366    -9.65134e-05
     -4.5878e-05    -4.65959e-05
    -0.000110328    -0.000162715
    -0.000272523    -0.000205078
      -0.0001238    -0.000118708
    -0.000133671    -0.000119962
     -6.8124e-05    -5.99754e-05
     -0.00216885     -0.00219969
    -0.000133455    -0.000130483
     -0.00182174     -0.00174698
    -0.000230045     -0.00025822
    -0.000322684    -0.000212329
     -0.00011793    -9.58074e-05
    -0.000433947    -0.000529717
    -0.000376729    -0.000408264
    -0.000157113    -0.000144141
    -0.000916356     -0.00069326
    -0.000493787     -0.00058521
    -0.000497176    -0.000603587
    -0.000131885    -0.000104622
     -0.00146821     -0.00118836
    -0.000891505     -0.00145456
     -5.8265e-05     -8.5197e-05
    -0.000181371    -0.000159008
      -0.0007919    -0.000946106
    -0.000174722    -0.000148423
    -0.000232685    -0.000295942
    -0.000203326     -0.00021661
     -0.00025252    -0.000164283
     -9.4211e-05     -8.1262e-05
     -0.00187889     -0.00186691
    -0.000220947    -0.000250422
    -0.000118838    -9.04163e-05
    -0.000301754    -0.000301712
    -0.000234519    -0.000255856
     -0.00036279    -0.000301609
    -0.000338652    -0.000399643
      -0.0001088    -0.000118705
     -0.00175885     -0.00150638
    -0.000815179    -0.000934044
    -0.000159156    -0.000167804
    -0.000375511    -0.000378532
    -0.000273849    -0.000306769
    -0.000216248    -0.000247561
    -0.000316184    -0.000303917
    -0.000157054    -0.000283712
    -0.000101793    -9.43723e-05
    -0.000101081    -9.90774e-05
     -0.00136628      -0.0016169
    -0.000252088    -0.000260602
     -0.00218454     -0.00180342
    -0.000633671     -0.00074837
    -0.000914346     -0.00104667
    -0.000154401    -0.000131328
    -0.000373197    -0.000372202
    -0.000187253    -0.000188014
    -0.000165462     -0.00016049
     -6.5685e-05    -5.95538e-05
    -0.000370268    -0.000356492
    -0.000114509    -0.000112933
    -0.000659316    -0.000899438
    -0.000198804    -0.000208623
    -0.000186076     -0.00013227
    -0.000272974    -0.000296796
     -6.2599e-05    -0.000105799
    -0.000389065    -0.000274238
     -9.6904e-05    -0.000113425
    -0.000263045    -0.000305914
    -0.000889256    -0.000571305
     -4.7973e-05    -4.77492e-05
    -0.000166375    -0.000181872
    -0.000254721     -0.00024366
    -0.000314522    -0.000312447
    -0.000815907     -0.00083172
      -0.0001279     -0.00012415
    -0.000146227    -0.000125428
     -0.00111366    -0.000961329
     -0.00023662    -0.000255146
    -0.000517103    -0.000490572
    -0.000280348     -0.00027349
     -0.00120239    -0.000841449
    -0.000422408    -0.000423984
    -0.000426632    -0.000391572
    -0.000168927    -0.000149044
     -8.3788e-05    -5.33379e-05
     -7.1229e-05    -6.70152e-05
    -0.000204466     -0.00021302
     -3.8944e-05    -5.10167e-05
    -0.000161574    -0.000142432
     -0.00156434     -0.00121431
    -0.000763776    -0.000732313
    -0.000183432    -0.000136635
     -7.9395e-05    -6.66034e-05
    -0.000121548    -0.000118219
     -0.00120435     -0.00129311
     -0.00112323     -0.00118218
    -0.000709056    -0.000878302
    -0.000382926    -0.000370668
    -0.000110351    -0.000191448
    -0.000899388     -0.00138827
    -0.000706355    -0.000906193
     -0.00172427     -0.00132656
     -0.00105609     -0.00148548
      -0.0002537    -0.000196466
    -0.000109597    -0.000110041
     -0.00183456      -0.0021154
    -0.000304805    -0.000350521
    -0.000180527      -0.0001504
     -0.00155028     -0.00169163
     -9.4719e-05    -8.80495e-05
    -0.000840243     -0.00115694
    -0.000281682    -0.000264077
    -0.000351543     -0.00038821
    -0.000443547    -0.000391181
    -0.000118607    -7.63178e-05
    -0.000255383    -0.000263187
     -0.00155105     -0.00127344
    -0.000117627    -0.000138208
    -0.000151007    -0.000111477
    -0.000107691    -0.000129115
    -0.000111382    -0.000112283
    -0.000223549    -0.000225576
      -0.0010358      -0.0012358
     -3.2699e-05    -3.66649e-05
    -0.000606713    -0.000640715
    -0.000801045    -0.000813614
    -0.000216655    -0.000219853
    -0.000905493     -0.00143939
    -0.000610052    -0.000738895
    -0.000217229    -0.000224734
     -0.00121202     -0.00132243
    -0.000498736    -0.000493738
      -7.859e-05    -8.32627e-05
     -8.6957e-05    -8.17805e-05
    -0.000119052    -0.000148563
     -0.00304351     -0.00287091
     -0.00015364    -0.000131727
      -9.857e-05    -8.69283e-05
    -0.000158983     -0.00016989
    -0.000580587    -0.000622903
    -0.000150823    -0.000144535
     -7.6798e-05    -7.01664e-05
    -0.000101141     -6.5344e-05
    -0.000118612    -0.000112357
    -0.000506183    -0.000633862
    -0.000147667    -0.000134467
     -0.00127192     -0.00119235
    -0.000666707    -0.000628973
    -0.000357814    -0.000431131
    -0.000561895    -0.000402775
     -6.1259e-05     -7.8131e-05
    -0.000298443    -0.000325234
    -0.000606175    -0.000661614
    -0.000285216    -0.000312857
     -7.1325e-05    -7.60044e-05
    -0.000706217    -0.000860793
     -0.00151128     -0.00145949
    -0.000162232    -0.000128957
     -0.00014226    -0.000147123
    -0.000771876    -0.000887239
    -0.000222276    -0.000187173
    -0.000192478    -0.000186667
    -0.000143366    -0.000134427
    -0.000154983    -0.000147343
    -0.000808561    -0.000906097
    -0.000723363    -0.000762341
      -0.0001209    -0.000131586
     -0.00014773    -0.000150195
    -0.000404958    -0.000449367
     -6.4925e-05    -7.22829e-05
    -0.000365815    -0.000293169
    -0.000620362    -0.000755502
    -0.000189145    -0.000171239
     -4.0499e-05     -7.7917e-05
    -0.000131054    -0.000133837
    -0.000108937    -0.000104559
    -0.000503175    -0.000530137
     -4.4732e-05    -4.60908e-05
     -0.00186757     -0.00197191
     -0.00190804     -0.00178972
    -0.000471452     -0.00049409
    -0.000346353    -0.000409806
    -0.000115962    -0.000114437
    -0.000704953    -0.000356938
    -0.000127163    -0.000114442
     -6.8999e-05    -6.19832e-05
    -0.000411616    -0.000402742
    -0.000217654    -0.000209227
     -0.00114163     -0.00092938
    -0.000428002    -0.000531599
    -0.000319991    -0.000330702
     -0.00015454    -0.000110649
    -0.000458173    -0.000453074
    -0.000254624     -0.00028124
    -0.000345125    -0.000444995
    -0.000171641    -0.000197861
    -0.000132962    -0.000143521
    -0.000851122    -0.000588085
    -0.000358157    -0.000409824
    -0.000166403    -0.000184285
    -0.000264556    -0.000235543
    -0.000455286    -0.000480102
    -0.000175815    -0.000185224
    -0.000221393     -0.00026322
    -0.000993253    -0.000829531
    -0.000162008    -0.000170836
    -0.000251167    -0.000203017
     -9.2402e-05    -9.64629e-05
     -6.4746e-05    -7.00495e-05
    -0.000343871    -0.000312427
    -0.000132564    -0.000269338
     -0.00022683    -0.000255675
      -0.0018633     -0.00127571
    -0.000176815    -0.000155902
     -0.00128737    -0.000985919
     -0.00205662     -0.00188792
    -0.000421191    -0.000495827
    -0.000383762    -0.000397782
    -0.000659672    -0.000783475
     -0.00103828     -0.00108449
     -9.3071e-05    -7.86422e-05
     -0.00131276     -0.00102102
    -0.000562323    -0.000614021
    -0.000437234    -0.000451493
    -0.000108077    -9.24951e-05
    -0.000487408    -0.000452525
     -3.9795e-05    -5.68004e-05
    -0.000287124    -0.000275439
    -0.000580946    -0.000729214
     -0.00107958     -0.00127602
    -0.000345442     -0.00040321
     -0.00101199     -0.00103057
     -6.4672e-05    -5.75263e-05
     -0.00047158    -0.000537065
    -0.000413218    -0.000460387
    -0.000759148    -0.000742848
    -0.000450112     -0.00058007
    -0.000683721    -0.000816707
    -0.000530479    -0.000567642
    -0.000122952    -0.000137875
    -0.000429359    -0.000398931
    -0.000332897    -0.000341003
     -0.00027494    -0.000289621
     -0.00125803     -0.00148001
    -0.000464145    -0.000419956
    -0.000114758    -0.000106071
    -0.000278165    -0.000282781
    -0.000392833    -0.000385382
    -0.000242366     -0.00025881
    -0.000550041    -0.000543974
    -0.000153183    -0.000139949
     -0.00034079    -0.000312883
    -0.000137458    -0.000119051
    -0.000450731    -0.000469447
    -0.000150717    -0.000110696
     -5.7758e-05    -5.27542e-05
     -0.00013496    -0.000139731
    -0.000309953    -0.000315437
     -8.0671e-05    -7.94416e-05
     -0.00117158     -0.00102873
    -0.000165792    -0.000166321
    -0.000224889    -0.000251365
     -6.4982e-05    -7.23313e-05
    -0.000983886    -0.000994244
    -0.000125782    -0.000141793
     -0.00109926    -0.000888004
    -0.000718515    -0.000603465
    -0.000195192    -0.000156967
    -0.000561652    -0.000682227
    -0.000688203     -0.00101662
     -0.00041861    -0.000369455
    -0.000326413    -0.000380021
    -0.000793904     -0.00066121
    -0.000593711     -0.00064313
    -0.000146395    -0.000183646
    -0.000257687    -0.000316725
    -0.000472642    -0.000699457
    -0.000340412    -0.000286766
     -8.1865e-05    -6.49698e-05
    -0.000100001    -9.33977e-05
    -0.000228648    -0.000218268
     -6.2941e-05    -5.26172e-05
    -0.000236002    -0.000298383
    -0.000125397        -0.00014
    -0.000217543    -0.000293521
    -0.000149933    -0.000172082
    -0.000276719    -0.000233282
    -0.000894563    -0.000882332
    -0.000694345    -0.000926413
    -0.000367815    -0.000313222
    -0.000176375    -0.000130698
    -0.000381661    -0.000398747
    -0.000299059    -0.000296952
    -0.000100738    -0.000108334
    -0.000227183    -0.000190944
     -4.4915e-05    -4.52445e-05
    -0.000744562    -0.000832208
     -0.00044686    -0.000470679
     -6.0221e-05      -5.299e-05
    -0.000141295    -0.000152857
    -0.000162594    -0.000128471
    -0.000515943     -0.00027703
     -9.3788e-05    -8.22889e-05
    -0.000197735     -0.00018874
    -0.000102151    -9.53074e-05
    -0.000828517    -0.000699023
    -0.000184417    -0.000200612
    -0.000298708    -0.000286882
    -0.000105408    -9.27768e-05
    -0.000100898    -0.000146152
     -7.0602e-05    -6.90258e-05
     -0.00281404      -0.0022555
    -0.000642737    -0.000931227
     -8.5037e-05    -8.62113e-05
     -0.00120469     -0.00126666
    -0.000887529      -0.0010311
      -7.689e-05    -7.66352e-05
    -0.000350553    -0.000389979
    -0.000516467    -0.000571312
    -0.000423598    -0.000337752
    -0.000232744    -0.000230307
    -0.000469346    -0.000390554
    -0.000227089    -0.000262096
     -9.8578e-05    -0.000113614
     -8.3511e-05    -7.91035e-05
