QM Energy	FF Energy
      0.00242576      0.00229254
     0.000396207      0.00101934
     -0.00248445     -0.00280258
     -0.00167816      -0.0011499
      0.00210411      0.00238924
      0.00538719      0.00435847
     0.000217511     7.81211e-05
      0.00676837      0.00598162
      0.00230131       0.0021509
     -0.00264535     -0.00255773
      0.00340978      0.00333525
      0.00115712     0.000938297
      0.00239038       0.0035221
     -0.00145322      -0.0014448
      0.00167568       0.0017138
    -0.000685248     -0.00107287
     -0.00128816     -0.00130804
       0.0024093      0.00264771
      -0.0019127     -0.00185216
       0.0019155      0.00176461
     -0.00171536         -0.0017
    -0.000581788    -0.000761536
      -0.0008369    -0.000861335
     -0.00230501     -0.00247661
     -0.00258078     -0.00202514
     -0.00129653     -0.00132587
     -0.00150258     -0.00139522
       0.0121921       0.0110524
    -0.000351098    -0.000484619
    -0.000582914    -0.000436922
     -0.00143894     -0.00142561
      0.00756645      0.00501365
     -0.00124503     -0.00126162
     -0.00104569     -0.00107098
     -0.00302669     -0.00300036
    -0.000931421    -0.000964288
     -0.00122477     -0.00123187
      0.00629907      0.00538626
      0.00331497      0.00309206
     0.000744637     0.000702881
      0.00468594      0.00543071
     -0.00179248     -0.00170037
      0.00128462       0.0012237
    -0.000877065    -0.000926788
       0.0094958       0.0100039
      -0.0018322     -0.00162647
    -0.000756094    -0.000624864
     -0.00147029     -0.00146391
     -0.00149319     -0.00143245
    -0.000577462    -0.000523416
     0.000372972     0.000517865
     -0.00129164     -0.00130499
      -0.0016966     -0.00176157
     -0.00193297     -0.00195142
     -0.00100953     -0.00165025
    -0.000753072    -0.000739215
     -0.00161042      -0.0016164
    -0.000701536    -0.000729968
      -0.0016689       -0.001577
      0.00326358      0.00169497
    -0.000784234    -0.000844358
     -0.00184427     -0.00187896
     -0.00127578     -0.00138739
     0.000244848     0.000144517
     -0.00197535     -0.00215992
     -0.00213929     -0.00211663
    -0.000172639    -0.000257661
      0.00221525      0.00182567
     -0.00252574     -0.00212875
    -0.000214805    -0.000219886
     -0.00199981     -0.00216766
      0.00101723      0.00151505
     -0.00122042     -0.00119147
      0.00115642      0.00173054
      0.00565484      0.00656041
     -0.00138042     -0.00134578
     -0.00229462     -0.00210114
      0.00019935     9.10462e-05
     -0.00123884     -0.00120736
      -0.0011185     -0.00111544
      0.00134369     0.000863504
      -0.0011099     -0.00150669
    -0.000900609    -0.000797889
       0.0055042      0.00573245
    -0.000370544    -0.000869909
     -0.00211299     -0.00192971
      0.00137291      0.00120844
     -0.00149758     -0.00155034
     -0.00198551     -0.00203703
     -0.00214033     -0.00210619
     -0.00127297    -0.000671008
     -0.00101784      -0.0010453
     -0.00119134     -0.00122562
     -0.00123141     -0.00128406
     -0.00155434     -0.00158056
     -0.00206948     -0.00216991
     -0.00198138     -0.00189482
    -0.000511587    -0.000546635
     -0.00192618    -0.000660531
      0.00692524       0.0070287
    -0.000814263    -0.000790328
      0.00166948      0.00260727
     -0.00142621     -0.00158748
    -0.000761721    -0.000614156
      -0.0027745     -0.00332579
       0.0133769       0.0111735
      0.00189487      0.00205088
     -0.00123643     -0.00129808
      0.00445027      0.00401482
     -0.00107262     -0.00121553
     -0.00295165     -0.00299284
    -0.000816646    -0.000773184
    -0.000478859    -0.000440555
    -0.000420195    -0.000407217
      0.00259469      0.00375069
     -0.00117981     -0.00174565
    -0.000563943    -0.000577935
    -0.000875557    -0.000394093
    -0.000924927    -0.000777554
    -0.000806918     -0.00113185
     0.000872217     0.000634968
    -0.000836775    -0.000827698
    -0.000622151     -0.00075126
      0.00018398    -8.86054e-05
     -0.00262028     -0.00187034
      -0.0018965     -0.00188402
     -0.00104168     -0.00103099
     -0.00189038     -0.00195275
     -0.00123733     -0.00127078
     -0.00160873     -0.00155031
    -0.000853883    -0.000798683
     -0.00137481      -0.0014248
      -0.0018067      -0.0018664
    -0.000719929     -0.00079949
     -0.00129137     -0.00137425
    -0.000922721    -0.000959211
     -0.00060844    -0.000572027
     -0.00186226     -0.00182199
      -0.0013204      -0.0013014
     -0.00121388      -0.0011541
      -0.0011651     -0.00115607
     -0.00127075     -0.00123985
     -0.00217587     -0.00220151
    -0.000383502    -0.000568851
     -0.00275569      -0.0030305
    -0.000877194     -0.00104135
    -0.000907457     -0.00113974
     -0.00234312     -0.00226705
      0.00380889      0.00352942
     -0.00194213     -0.00192856
    -0.000390784    -0.000300688
    -0.000921435    -0.000874164
     -0.00117101     -0.00121313
     -0.00164368     -0.00194142
     -0.00211833     -0.00117557
     -0.00112248     -0.00114411
    -0.000382455    -0.000417198
     -0.00107817     -0.00131707
     -0.00123993     -0.00125153
     -0.00124039      -0.0013591
    -0.000730534    -0.000695844
     -0.00207831      -0.0020619
      0.00278822       0.0031059
     -0.00165554     -0.00162048
     -0.00154009     -0.00165775
     0.000487938     0.000778667
     -0.00166888     -0.00175032
    -0.000814953    -0.000988357
     0.000886356      0.00143787
      -0.0025552     -0.00217025
      0.00631043      0.00411788
     -0.00245821     -0.00245819
    -0.000835008     -0.00110962
     -0.00072188    -0.000838599
     0.000166648     3.05116e-05
      0.00260391      0.00112737
     -0.00136104     -0.00139439
     -0.00087993    -0.000838199
     -0.00186916     -0.00214367
     0.000655993     0.000533027
    -0.000465058    -0.000489723
      0.00187388      0.00135034
      -0.0023696     -0.00303706
       0.0020028      0.00160204
     0.000529076     0.000515578
     -0.00273071     -0.00276001
      0.00323026       0.0024363
      0.00168243      0.00126684
     -0.00218859      -0.0021345
     -0.00152106     -0.00142433
     -0.00086672    -0.000869843
      -0.0027672     -0.00274202
     -0.00210513     -0.00224719
     -0.00160188     -0.00125008
      -0.0012413     -0.00124293
     -0.00102013     -0.00102415
     -0.00011189    -0.000495112
     -0.00224869     -0.00217628
      0.00121965     0.000955827
     -0.00111174     -0.00119656
    -0.000977836    -0.000978696
     -0.00115988     -0.00114764
    -0.000878761    -0.000840931
      0.00342103      0.00269112
     -0.00120738     -0.00122629
     -0.00163288      -0.0016475
    -0.000800088     -0.00107663
      0.00206757      0.00196885
     -0.00104542     -0.00109599
       0.0214259        0.020186
      0.00251953      0.00376386
       0.0008057      0.00159095
    -0.000927597    -0.000934045
     -0.00215564     -0.00202242
     -0.00106101    -0.000601183
      0.00261297      0.00249457
     -0.00193802     -0.00203057
     -0.00149851     -0.00143514
    -0.000710545    -0.000126334
     -0.00224578     -0.00173977
    -0.000550273    -0.000534762
    -0.000867108    -0.000830054
     -0.00154257     -0.00154477
     -0.00066094    -0.000704871
     -0.00139546     -0.00123077
     -0.00119433     -0.00116637
    -0.000913209     -0.00132453
     -0.00140919     -0.00157874
     -0.00202315     -0.00206672
      0.00400005      0.00547164
    -0.000934692    -0.000964181
    -0.000664573    -0.000767817
     -0.00086296    -0.000880317
    -0.000830693    -0.000814504
      0.00046406     0.000553779
      0.00451233      0.00363656
     -0.00206485     -0.00219613
    -0.000622177    -0.000581056
       0.0103914      0.00979718
     -0.00183922     -0.00179915
     -0.00174378     -0.00172891
    -0.000985374    -0.000978249
      0.00555724      0.00570042
     0.000726834    -0.000233248
     -0.00116807      -0.0011944
    -0.000572438    -0.000554536
    -0.000428468     -0.00068802
    -0.000391375    -0.000408446
     -0.00167436     -0.00158798
     -0.00109463     -0.00102876
     -0.00153622     -0.00146961
      0.00638178      0.00519112
    -0.000660835     -0.00185869
     -0.00124916     -0.00122226
    -0.000749815    -0.000672063
     -0.00141092     -0.00140188
     -0.00146265     -0.00166262
     -0.00132842     -0.00129738
    -0.000748829    -0.000552119
     -0.00156992     -0.00155229
      0.00297435      0.00252089
     -0.00120454     -0.00134188
     -0.00339051     -0.00343035
     -0.00179409    -0.000981701
     -0.00105043     -0.00085616
      0.00204183      0.00235386
    -0.000459951    -0.000769103
      0.00196885      0.00213716
      0.00266217      0.00358646
     -0.00204529     -0.00196801
     -0.00108769     -0.00104731
    -0.000919053    -0.000910982
     -0.00104741     -0.00116726
     -0.00101811     -0.00102063
      0.00227804      0.00201763
      0.00231913      0.00222525
     -0.00132092      -0.0013053
     -0.00146891     -0.00206649
     -0.00166466     -0.00169383
    -0.000204799    -0.000438796
     -0.00170219     -0.00157902
      -0.0012136     -0.00104181
    -0.000725334     -0.00073376
    -0.000406823    -0.000536681
     -0.00200577     -0.00192349
    -0.000845287    -0.000927578
     -0.00123549     -0.00131192
     0.000606546     0.000588481
      0.00479259      0.00430022
    -0.000379744    -0.000397702
      -0.0019979     -0.00213437
      0.00232395      0.00243436
     -0.00229065     -0.00202117
     -0.00013005      0.00016423
     -0.00125371     -0.00142488
     -0.00128029     -0.00100697
     -0.00165243     -0.00162018
     -0.00133207     -0.00126344
     -0.00108941     -0.00110645
    -0.000791297    -0.000766326
    -0.000848527    -0.000945098
     -0.00209689     -0.00273854
      0.00937072      0.00787185
    -0.000543908    -0.000528416
      0.00464751      0.00454836
    -0.000200993    -0.000788126
      0.00381491      0.00437668
    -0.000922155    -0.000921618
       0.0015811      0.00220878
     -0.00100874    -0.000899194
     -0.00124107     -0.00110276
    -0.000633606    -0.000877842
     0.000386312     0.000463774
      0.00665254      0.00701585
      0.00544293      0.00473883
     0.000759514     0.000538563
    -0.000895024    -0.000884967
    -0.000230138    -0.000353412
     -0.00100622     -0.00103609
     -0.00107728     -0.00104233
     -0.00300735     -0.00277483
      0.00398658      0.00371063
     -0.00138072     -0.00137798
      -0.0013805     -0.00139278
    -0.000114588     0.000302809
     -0.00200862     -0.00201997
       0.0141248       0.0131808
     -0.00142685     -0.00151223
    -0.000382141     -0.00031816
      -0.0014406      -0.0013602
     -0.00107067     -0.00103892
     -0.00202175     -0.00196056
     -0.00085616    -0.000822859
     0.000745668      0.00113742
    -0.000412398    -0.000249989
     -0.00240992     -0.00229026
     0.000230081     0.000359866
     -0.00191334     -0.00191271
     0.000513435     0.000432644
     -0.00203022     -0.00203002
    -0.000734241     -0.00126332
     -0.00291008     -0.00292771
      0.00586679      0.00600786
    -0.000606812    -0.000847779
     -0.00151526     -0.00148898
      0.00115612     0.000708869
     -0.00147908     -0.00142156
     -0.00209536     -0.00220564
    -0.000318291    -0.000285822
    -0.000245255    -0.000472732
      -0.0010437    -0.000975694
    -0.000709653    -0.000703908
     -0.00131257     -0.00134875
     -0.00113007      -0.0011391
    -0.000822253     -0.00073839
    -0.000946353    -0.000952934
       0.0165673       0.0126341
    -0.000898444     -0.00120617
     0.000756703     0.000303966
      0.00693217       0.0069118
    -0.000538465    -0.000506254
    -0.000764915    -0.000598236
    -0.000439328    -0.000326295
     -0.00110576     -0.00115879
    -0.000622835     0.000387791
    -0.000954554    -0.000933724
     -0.00162488     -0.00164247
    -0.000838042    -0.000831891
      0.00575703      0.00553513
      0.00103215      0.00145675
      0.00606689      0.00577729
    -0.000796942     -0.00084174
      0.00298005      0.00312997
      0.00224024      0.00308203
     -0.00195636     -0.00199625
      0.00344938      0.00331132
     -0.00123634      -0.0011105
     -0.00183071     -0.00177395
      0.00137573     0.000904561
       0.0178993       0.0167279
    -0.000748828     -0.00078794
     -0.00193018     -0.00194253
    -0.000919638    -0.000887457
     -0.00120644     -0.00118208
     -0.00197495     -0.00207373
      0.00821525      0.00776747
      0.00108025      0.00102801
      0.00165582      0.00162883
    -0.000919047    -0.000861119
    -0.000326621    -0.000278528
     -0.00194512     -0.00194959
     -0.00214025     -0.00211318
    -0.000158376    -0.000273865
     -0.00172405      -0.0019441
    -0.000535732    -0.000510459
       0.0106846      0.00971449
     -0.00115843     -0.00115464
        0.009829      0.00827716
    -0.000468248    -0.000662368
     -0.00171814     -0.00171503
      0.00917763      0.00881855
    -0.000860472    -0.000819706
     -0.00257495      -0.0027247
      0.00210004      0.00258332
     0.000390332    -0.000463175
     -0.00118086    -0.000959784
      0.00381167      0.00268307
    -0.000185289      0.00015341
     -0.00165472     -0.00160718
     -0.00143966     -0.00142485
      0.00284777      0.00185338
     0.000748752     0.000766462
    -0.000982645    -0.000972504
    -0.000763789     -0.00116145
      0.00117012      0.00190289
      0.00253056      0.00117788
     0.000540939     1.54138e-05
    -0.000984146     -0.00100083
      -0.0014684     -0.00133252
      0.00238065      0.00337378
       0.0042835      0.00417298
     -0.00188268     -0.00182319
      0.00414969      0.00425739
     -0.00084113     -0.00107429
     -0.00162284     -0.00171642
     -0.00108619     -0.00104156
     -0.00214321     -0.00182922
     0.000534438     0.000537481
      0.00331185      0.00407406
    -0.000760785    -0.000770863
     -0.00174139     -0.00170748
     -0.00189765     -0.00183831
    -0.000676018    -0.000320571
     0.000814912     9.63432e-05
      0.00300527      0.00335427
      0.00159519      0.00097237
     -0.00107251     -0.00117147
     -0.00103399     -0.00105964
     -0.00225898     -0.00192341
    -0.000954068     -0.00103303
     -0.00119761     -0.00111218
     0.000196796     0.000305838
      -0.0009359    -0.000940157
     -0.00192182     -0.00181007
     -8.5208e-05    -0.000263545
     -0.00186799     -0.00172745
     0.000568769    -0.000643018
     -0.00118215     -0.00114152
     0.000686018     0.000581611
     -0.00239662     -0.00233805
    -0.000158439    -0.000178339
     -0.00127913     -0.00126245
     -0.00102952    -0.000979367
      0.00159469     0.000967455
      0.00166323      0.00198679
     -0.00160855     -0.00159156
     -0.00243394      -0.0024352
      0.00148477      0.00213512
     -0.00162492     -0.00169271
    -0.000552086    -0.000535035
    -0.000172462    -0.000188553
      0.00230321      0.00270629
      0.00856697      0.00649961
     -0.00107636     -0.00103559
     -0.00166732     -0.00172504
     -0.00135719     -0.00135235
    -0.000888687    -0.000894258
     -0.00216975     -0.00224828
     -0.00139782      -0.0014868
    -0.000534675     0.000307448
     -0.00131459     -0.00153626
    -0.000708953      -0.0004921
    -0.000597426    -0.000680376
     -0.00103467     -0.00107356
      0.00137907      0.00142468
      0.00132703     0.000902299
     -0.00081347    -0.000957295
     -0.00112171     -0.00164954
     -0.00138417     -0.00177248
       0.0025428      0.00271848
      0.00249004      0.00218912
     -0.00170261     -0.00170453
    -0.000331871    -0.000535811
     -0.00116152     -0.00115834
      0.00117412      0.00114797
     -0.00144156     -0.00131552
      -0.0012227     -0.00127771
      -0.0011491     -0.00111032
     -0.00143657     -0.00146864
     -0.00129101     -0.00123063
     -0.00147141     -0.00150775
     0.000135218     0.000224095
      0.00752909      0.00715023
     -0.00106335      -0.0010478
      0.00710978      0.00703507
     -0.00108572     -0.00145527
     -0.00110304     -0.00106964
        0.015995       0.0132933
    -0.000725333     0.000187902
      0.00186975      0.00273796
      0.00122529      0.00127483
    -0.000695249     -0.00065789
      -0.0020727     -0.00196335
     -0.00139312     -0.00144559
     -0.00184942     -0.00198871
     -0.00149757     -0.00142299
    -0.000744535    -0.000784486
      0.00690657      0.00666828
     -0.00222419     -0.00223205
    -0.000872413    -0.000841196
    -0.000951325    -0.000734163
     -0.00136784     -0.00136598
     -0.00112594     -0.00139786
     -0.00118905     -0.00116124
    -0.000742874    -0.000734133
     -0.00189896     -0.00189512
     -0.00168983     -0.00183711
     0.000978103     9.64949e-05
    -0.000237378    -0.000201597
     -0.00175373     -0.00194319
     -0.00122811     -0.00118633
     0.000632196     0.000285463
      0.00831439      0.00836548
     0.000788089     0.000731629
     0.000498279     0.000423676
      0.00759613      0.00803025
    -0.000598752    -0.000584662
      -0.0017217     -0.00172892
     -0.00166022     -0.00167107
     -0.00205798     -0.00190183
     -0.00163763     -0.00159539
     -0.00273067     -0.00262525
     -0.00135478     -0.00129826
     -0.00116923     -0.00133679
     -0.00222799     -0.00229443
    -0.000706912    -0.000778859
    -0.000974515     -0.00102194
    -0.000552223    -0.000948248
    -0.000428869     0.000346018
     -0.00108537     -0.00104887
       0.0128598       0.0109572
    -0.000158508    -0.000381082
     -0.00125621     -0.00115288
     0.000733076      0.00108154
     -0.00079597    -0.000901922
     -0.00197236     -0.00193455
     -0.00165733     -0.00163529
     -0.00238561     -0.00236711
       0.0031224      0.00403393
    -0.000724234    -0.000704827
     -0.00123311     -0.00114057
       -0.001239     -0.00144896
    -0.000513097    -0.000237654
      0.00379913      0.00295616
     -0.00035046    -0.000366046
     -0.00156362      -0.0015936
      0.00212225      0.00198654
    -0.000584477    -0.000458791
    -0.000355889    -0.000282621
     0.000304017     3.60353e-05
     -0.00195881     -0.00195593
       0.0079476      0.00745725
    -0.000648274    -0.000650474
      0.00367795       0.0041385
      0.00359015      0.00350509
    -0.000889068    -0.000902534
      -0.0027566     -0.00264923
     -0.00175186     -0.00187872
      0.00148087      0.00264554
      0.00314647      0.00532139
     0.000935548     0.000982947
    -0.000994012     -0.00134027
      0.00431948      0.00356845
     -0.00165469      -0.0016521
      0.00108099      0.00187223
     -0.00172309     -0.00174798
      0.00108773     0.000785516
    -0.000790443    -0.000691031
     -0.00218037     -0.00228925
     -0.00104336     -0.00118659
     -0.00148673     -0.00154195
      0.00378374      0.00511964
     -0.00029186    -0.000295349
     -0.00158414     -0.00167086
    -0.000967451    -0.000931255
      0.00567759      0.00669828
     0.000717026     0.000978039
     -0.00226149     -0.00203374
     0.000626645     0.000655074
       0.0102577      0.00986465
     -0.00109853     -0.00120684
     -0.00156197     -0.00193209
    -0.000694155    -0.000703176
      0.00766804      0.00813252
      0.00327748      0.00490744
     -0.00104748     -0.00107581
     -0.00110044     -0.00113697
     -0.00126915    -0.000955625
      -0.0010612     -0.00104473
    -0.000580115    -0.000514695
     0.000835917     0.000390238
    -0.000421687    -0.000383398
      0.00207878      0.00225352
     -0.00105165    -0.000972717
     -0.00215029     -0.00240321
      0.00314856      0.00339714
     0.000269971      0.00189803
      0.00523699       0.0051479
    -0.000171187    -0.000110382
     -0.00164308     -0.00155224
     -0.00115214     -0.00116369
    -0.000227694     0.000106888
     -0.00114667     -0.00109465
     -0.00122142      -0.0011569
     -0.00123687     -0.00119966
    -0.000376718    -0.000334239
     -0.00140818     -0.00137757
      0.00897595      0.00714709
     -0.00164622     -0.00154612
      0.00231061      0.00181323
     -9.5665e-05     1.34301e-05
     -0.00140353     -0.00125434
       0.0107713      0.00859944
     -0.00217941       -0.002273
     -0.00149594     -0.00150535
      0.00033707    -0.000424643
    -0.000971811      -0.0014096
     -0.00162131      -0.0017145
    -0.000905608    -0.000980031
      0.00316504      0.00322018
    -0.000651183    -0.000596495
    -0.000592834    -0.000607037
     -0.00143178     -0.00139768
     -0.00168906     -0.00190661
     -0.00128132     -0.00127702
     -0.00112681     -0.00113541
     -0.00139567    -0.000834209
    -0.000363071    -0.000775821
     -0.00205692     -0.00205868
      0.00600907      0.00744034
     -0.00207545     -0.00194355
     0.000738306      0.00116705
     -0.00077937    -0.000746555
     0.000993427      0.00126539
     -0.00269635     -0.00265173
      0.00368216      0.00370565
     -0.00101207    -0.000965555
    -0.000961473     -0.00100692
     -0.00150187     -0.00154039
      -0.0020291      -0.0020403
     -0.00148522     -0.00146802
     -0.00137742     -0.00135259
     -0.00136039     -0.00133683
     -0.00108804     -0.00118898
     0.000968217     0.000928926
      -0.0019907     -0.00209869
     -0.00222834     -0.00157276
     -0.00202777      -0.0020746
    -0.000840739    -0.000795757
      0.00138245      0.00132119
     -0.00110347    -0.000196214
    -0.000649405    -0.000744672
     -0.00117951     -0.00122354
     -0.00148204     -0.00137798
    -0.000732438     -0.00106456
     -0.00051251    -0.000332202
      0.00254228        0.001834
     -0.00109117     -0.00115162
     -0.00116877     -0.00112014
     -0.00182545     -0.00185476
     -0.00114577     -0.00115297
      0.00162505      0.00285293
     -0.00140786     -0.00144231
    -0.000307969    -0.000245222
     -0.00202908     -0.00136412
      -0.0017589     -0.00162074
      0.00267357      0.00309608
    -0.000131742    -0.000134357
    -0.000131379     0.000739364
      0.00659797      0.00477785
     -0.00203839    -0.000654573
    -0.000605165    -0.000559964
    -0.000977503    -0.000971167
    -0.000777886    -0.000800099
       0.0133589       0.0120348
     -0.00109349    -0.000693048
     0.000138818     2.70038e-05
     -0.00189982     -0.00188386
     -0.00106123     -0.00102021
    -0.000751233    -0.000495157
    -0.000850316    -0.000885332
      0.00593118      0.00644696
      0.00100322      0.00066683
      0.00195551      0.00174162
     -0.00036295     -0.00017175
      0.00133471      0.00130952
     -0.00197369     -0.00209169
    -0.000807789    -0.000732337
     0.000909827     0.000428737
    -0.000638967    -0.000811555
     -0.00247019     -0.00206829
     -0.00102978    -0.000975418
     0.000753765     0.000674252
    -0.000967079     -0.00112929
      0.00401457      0.00295036
     -0.00244675     -0.00250394
    -0.000707401    -0.000952023
     -0.00181379     -0.00185766
     -0.00170481     -0.00172512
      0.00823992      0.00844568
     -0.00138484     -0.00136688
     -0.00186632     -0.00182944
    -0.000944428    -0.000905344
     -0.00113106     -0.00112417
     0.000887906     0.000761865
    -0.000154849     -0.00013176
     -0.00144861     -0.00141717
    -0.000950705    -0.000979531
     -0.00157343     -0.00153342
     -0.00160818     -0.00167038
     -0.00159218     -0.00159771
    -0.000736802    -0.000965213
     0.000529443     0.000356502
    -0.000955109    -0.000952298
      0.00208273      0.00250372
    -0.000363645    -0.000309658
    -0.000932943    -0.000910507
      -0.0021677     -0.00229405
    -0.000499375    -0.000427422
     -0.00107704     -0.00108636
     -0.00131276     -0.00130291
    -0.000839955    -0.000774427
    -0.000529723    -0.000469097
      -0.0012907     -0.00131199
      0.00607687      0.00550022
      7.0477e-05    -0.000104518
     0.000101493     0.000143792
      0.00939619      0.00674038
    -0.000928531      -0.0009448
      3.2453e-05     -0.00017459
      -0.0022604     -0.00217409
    -0.000548679    -0.000512804
    -0.000560786    -0.000508437
      0.00327356      0.00333575
      0.00240199      0.00291318
     -0.00030897    -0.000146107
      0.00129647     0.000944672
      -0.0010296    -0.000951793
    -0.000988244    -0.000969556
     -0.00288838     -0.00273151
    -0.000695448    -0.000695579
      0.00044565       0.0005773
    -0.000366462    -0.000356122
     -0.00113754    -0.000243321
     0.000996129      0.00124207
     -0.00177547      -0.0018755
     0.000180379     0.000175994
     -0.00264137     -0.00254981
     0.000666214     0.000615757
    -0.000780932    -0.000737327
    -0.000248663    -0.000389074
      0.00629376        0.006023
      0.00488632      0.00502823
     -0.00276624      -0.0024665
       0.0013962       0.0013914
    -0.000912338     -0.00115555
    -0.000894238    -0.000889569
     0.000313388     0.000497101
     -0.00339372     -0.00330017
    -0.000288762    -0.000412148
      0.00240636      0.00294222
      0.00368472      0.00379543
     -0.00104382     -0.00107005
      -0.0023283     -0.00218814
     -0.00113827    -0.000761898
     -0.00038068    -0.000276192
     0.000919321     0.000926916
      0.00124262      0.00199995
     -0.00245955     -0.00209902
     -0.00132751     -0.00128646
     0.000284232     0.000202721
     -0.00177208     -0.00186142
      0.00914786      0.00730759
     0.000204855     4.98924e-06
      0.00601136       0.0062218
      0.00391832      0.00332504
    -0.000567909     -0.00102019
     -0.00114624     -0.00116153
      0.00482994       0.0029621
     -0.00117025      -0.0011906
      0.00252071      0.00335876
    -0.000219887    -0.000253866
     -0.00120043     -0.00118122
     -0.00196203     -0.00195149
     -0.00103368    -0.000945616
     -0.00142472     -0.00145396
      0.00153497      0.00139253
     -0.00105455     -0.00107384
     0.000228003     0.000221367
      -0.0013043     -0.00118435
    -0.000729982    -0.000747799
     -0.00160651     -0.00186484
     0.000526396     0.000289833
    -0.000587498    -0.000977684
       0.0031674      0.00370498
      0.00531656      0.00459556
    -0.000959285     -0.00118116
    -0.000751424    -0.000717863
      0.00490393      0.00543741
      0.00393463      0.00620218
    -0.000521178     -0.00034346
      0.00115871      0.00101686
      0.00554126      0.00856983
    -0.000597482    -0.000610081
      0.00314443      0.00394621
     -0.00196239     -0.00186239
     -0.00089126    -0.000895336
      0.00801667      0.00631995
     -0.00131438     -0.00132562
     -0.00143365      -0.0016704
      0.00890523      0.00819667
     -0.00153517     -0.00150678
     -0.00171545     -0.00158365
     0.000614076     0.000619128
     -0.00120619     -0.00116278
      0.00223495      0.00229178
     -0.00175957     -0.00171809
    -0.000893951    -0.000939469
      -0.0008671    -0.000955952
      0.00989945       0.0102907
    -0.000518709    -0.000477692
     -0.00040892     -0.00051912
     -0.00161545     -0.00156882
     -0.00191705     -0.00200214
    -0.000416693    -0.000181636
        0.010419       0.0095294
     -0.00148223     -0.00152175
     -0.00131447     -0.00138635
      0.00300993      0.00315622
     -0.00134615     -0.00133956
     -0.00113575      -0.0013428
      0.00227557      0.00163029
     -0.00193863     -0.00194561
      -0.0015071      -0.0014453
    -0.000818748    -0.000826096
     0.000303415     0.000369504
     -0.00109988     -0.00103744
     -0.00129977     -0.00132013
       0.0175113       0.0175241
      0.00214934      0.00185489
     -0.00183955      -0.0018782
