QM Energy	FF Energy
      0.00242576      0.00192854
     0.000396207      0.00034542
     -0.00248445     -0.00245707
     -0.00167816    -0.000756461
      0.00210411      0.00168282
      0.00538719       0.0034598
     0.000217511    -0.000445792
      0.00676837      0.00526681
      0.00230131      0.00149442
     -0.00264535      -0.0019756
      0.00340978      0.00485469
      0.00115712     0.000742728
      0.00239038      0.00525748
     -0.00145322      -0.0011929
      0.00167568      0.00201247
    -0.000685248    -0.000886067
     -0.00128816     -0.00122718
       0.0024093      0.00226253
      -0.0019127     -0.00155124
       0.0019155     0.000697398
     -0.00171536     -0.00172493
    -0.000581788    -0.000752517
      -0.0008369    -0.000969688
     -0.00230501     -0.00175766
     -0.00258078    -0.000796393
     -0.00129653      -0.0013527
     -0.00150258     -0.00100585
       0.0121921      0.00979858
    -0.000351098    -0.000666471
    -0.000582914    -0.000703494
     -0.00143894     -0.00122045
      0.00756645       0.0063149
     -0.00124503     -0.00154807
     -0.00104569     -0.00119824
     -0.00302669     -0.00247904
    -0.000931421    -0.000969698
     -0.00122477     -0.00116836
      0.00629907      0.00490875
      0.00331497      0.00339705
     0.000744637     0.000476349
      0.00468594      0.00792629
     -0.00179248     -0.00183744
      0.00128462     0.000796588
    -0.000877065    -0.000868352
       0.0094958       0.0138872
      -0.0018322     -0.00185366
    -0.000756094    -0.000842818
     -0.00147029     -0.00149738
     -0.00149319     -0.00117066
    -0.000577462    -0.000687215
     0.000372972     0.000431113
     -0.00129164       -0.001586
      -0.0016966     -0.00146307
     -0.00193297     -0.00174838
     -0.00100953     -0.00148126
    -0.000753072    -0.000767903
     -0.00161042     -0.00161075
    -0.000701536     -0.00102477
      -0.0016689     -0.00175248
      0.00326358      0.00134102
    -0.000784234    -0.000876143
     -0.00184427     -0.00181255
     -0.00127578     -0.00136723
     0.000244848    -0.000243355
     -0.00197535       -0.001936
     -0.00213929     -0.00166253
    -0.000172639     0.000220223
      0.00221525      0.00165663
     -0.00252574     -0.00145984
    -0.000214805    -0.000351352
     -0.00199981     -0.00195735
      0.00101723      0.00131751
     -0.00122042     -0.00105115
      0.00115642      0.00122925
      0.00565484       0.0068667
     -0.00138042    -0.000990466
     -0.00229462     -0.00149156
      0.00019935    -0.000105053
     -0.00123884     -0.00123911
      -0.0011185     -0.00119912
      0.00134369      0.00108479
      -0.0011099     -0.00135459
    -0.000900609    -0.000801857
       0.0055042       0.0050976
    -0.000370544     -0.00110363
     -0.00211299      -0.0014251
      0.00137291      0.00147624
     -0.00149758     -0.00142797
     -0.00198551      -0.0020393
     -0.00214033     -0.00137743
     -0.00127297      0.00040245
     -0.00101784      -0.0010272
     -0.00119134      -0.0012401
     -0.00123141     -0.00131322
     -0.00155434     -0.00151234
     -0.00206948     -0.00224567
     -0.00198138     -0.00197253
    -0.000511587    -0.000894009
     -0.00192618     0.000118182
      0.00692524      0.00810792
    -0.000814263    -0.000947304
      0.00166948      0.00440645
     -0.00142621     -0.00168487
    -0.000761721    -0.000537726
      -0.0027745     -0.00285571
       0.0133769      0.00975854
      0.00189487      0.00169198
     -0.00123643     -0.00113314
      0.00445027      0.00404944
     -0.00107262     -0.00117224
     -0.00295165     -0.00243813
    -0.000816646    -0.000710806
    -0.000478859     -0.00083541
    -0.000420195    -0.000439686
      0.00259469      0.00630829
     -0.00117981     -0.00179826
    -0.000563943      -0.0006064
    -0.000875557     0.000263669
    -0.000924927    -0.000732956
    -0.000806918     -0.00122566
     0.000872217     0.000166113
    -0.000836775     0.000339822
    -0.000622151    -0.000799958
      0.00018398    -0.000452553
     -0.00262028    -0.000787175
      -0.0018965     -0.00150887
     -0.00104168    -0.000995402
     -0.00189038     -0.00192779
     -0.00123733     -0.00143939
     -0.00160873      -0.0011779
    -0.000853883    -0.000746091
     -0.00137481    -0.000585021
      -0.0018067      -0.0019951
    -0.000719929    -0.000805473
     -0.00129137     -0.00120566
    -0.000922721    -0.000995127
     -0.00060844    -0.000524436
     -0.00186226     -0.00143626
      -0.0013204     -0.00111723
     -0.00121388    -0.000993526
      -0.0011651    -0.000986857
     -0.00127075      -0.0012166
     -0.00217587     -0.00232435
    -0.000383502    -0.000746917
     -0.00275569     -0.00271468
    -0.000877194     -0.00114941
    -0.000907457     -0.00136998
     -0.00234312     -0.00172064
      0.00380889      0.00263076
     -0.00194213     -0.00165158
    -0.000390784    -0.000389401
    -0.000921435    -0.000922407
     -0.00117101     -0.00100249
     -0.00164368     -0.00170395
     -0.00211833      0.00017545
     -0.00112248     -0.00128163
    -0.000382455    -0.000697127
     -0.00107817     -0.00126567
     -0.00123993     -0.00113326
     -0.00124039     -0.00149172
    -0.000730534    -0.000823042
     -0.00207831       -0.002217
      0.00278822      0.00281376
     -0.00165554     -0.00170978
     -0.00154009      -0.0016042
     0.000487938     0.000533382
     -0.00166888     -0.00179175
    -0.000814953     -0.00108189
     0.000886356     0.000727475
      -0.0025552     -0.00161205
      0.00631043      0.00330232
     -0.00245821     -0.00215739
    -0.000835008     -0.00116466
     -0.00072188     -0.00103139
     0.000166648    -9.83708e-05
      0.00260391     0.000570822
     -0.00136104     -0.00122781
     -0.00087993     -0.00089089
     -0.00186916     -0.00214178
     0.000655993     7.44608e-05
    -0.000465058    -0.000513921
      0.00187388      0.00111064
      -0.0023696     -0.00259461
       0.0020028      0.00191949
     0.000529076     0.000440831
     -0.00273071     -0.00182011
      0.00323026      0.00209239
      0.00168243      0.00074213
     -0.00218859     -0.00175964
     -0.00152106     -0.00169469
     -0.00086672    -0.000894356
      -0.0027672     -0.00199848
     -0.00210513      -0.0024453
     -0.00160188     -0.00145262
      -0.0012413     -0.00104695
     -0.00102013    -0.000830365
     -0.00011189    -0.000585267
     -0.00224869     -0.00157444
      0.00121965     0.000571136
     -0.00111174     -0.00120184
    -0.000977836    -0.000914926
     -0.00115988     -0.00110346
    -0.000878761    -0.000224285
      0.00342103      0.00193197
     -0.00120738     -0.00108253
     -0.00163288     -0.00133282
    -0.000800088      -0.0011945
      0.00206757      0.00132809
     -0.00104542     -0.00122458
       0.0214259       0.0210992
      0.00251953      0.00283793
       0.0008057      0.00218237
    -0.000927597     -0.00100723
     -0.00215564     -0.00164563
     -0.00106101     -0.00018192
      0.00261297      0.00330314
     -0.00193802      -0.0019074
     -0.00149851      -0.0015512
    -0.000710545    -8.72613e-05
     -0.00224578    -0.000691322
    -0.000550273    -0.000596777
    -0.000867108    -0.000805236
     -0.00154257      -0.0013851
     -0.00066094    -0.000897966
     -0.00139546    -0.000990654
     -0.00119433     -0.00122228
    -0.000913209     -0.00161696
     -0.00140919      -0.0015377
     -0.00202315     -0.00146174
      0.00400005      0.00810273
    -0.000934692    -0.000974101
    -0.000664573    -0.000756543
     -0.00086296     -0.00083976
    -0.000830693    -0.000634596
      0.00046406    -5.73042e-05
      0.00451233      0.00424572
     -0.00206485     -0.00225086
    -0.000622177    -0.000590106
       0.0103914      0.00873569
     -0.00183922     -0.00142413
     -0.00174378     -0.00138791
    -0.000985374    -0.000959511
      0.00555724      0.00618139
     0.000726834    -0.000390832
     -0.00116807     -0.00132671
    -0.000572438    -0.000572329
    -0.000428468    -0.000986032
    -0.000391375    -0.000504054
     -0.00167436     -0.00163865
     -0.00109463     -0.00063032
     -0.00153622     -0.00110526
      0.00638178      0.00870941
    -0.000660835     -0.00198287
     -0.00124916      -0.0013163
    -0.000749815    -0.000611488
     -0.00141092      -0.0011016
     -0.00146265     -0.00159208
     -0.00132842     -0.00131078
    -0.000748829    -0.000256998
     -0.00156992     -0.00131482
      0.00297435      0.00328546
     -0.00120454     -0.00136771
     -0.00339051     -0.00238845
     -0.00179409     -0.00097826
     -0.00105043     -0.00101294
      0.00204183      0.00157778
    -0.000459951    -0.000825279
      0.00196885      0.00204361
      0.00266217      0.00554537
     -0.00204529     -0.00142297
     -0.00108769    -0.000760443
    -0.000919053    -0.000887719
     -0.00104741     -0.00117424
     -0.00101811     -0.00109449
      0.00227804      0.00150985
      0.00231913      0.00186104
     -0.00132092     -0.00129098
     -0.00146891     -0.00191173
     -0.00166466     -0.00155313
    -0.000204799    -0.000449562
     -0.00170219     -0.00110724
      -0.0012136    -0.000794239
    -0.000725334    -0.000759836
    -0.000406823    -0.000524566
     -0.00200577     -0.00159115
    -0.000845287    -0.000892027
     -0.00123549     -0.00123815
     0.000606546     0.000210706
      0.00479259      0.00411914
    -0.000379744    -0.000550394
      -0.0019979     -0.00222779
      0.00232395      0.00226921
     -0.00229065     -0.00215625
     -0.00013005    -9.41749e-05
     -0.00125371     -0.00167058
     -0.00128029    -0.000542328
     -0.00165243     -0.00176792
     -0.00133207     -0.00139051
     -0.00108941     -0.00131746
    -0.000791297    -0.000960128
    -0.000848527     -0.00100629
     -0.00209689     -0.00235209
      0.00937072      0.00826129
    -0.000543908    -0.000577507
      0.00464751      0.00519179
    -0.000200993     -0.00113086
      0.00381491      0.00403339
    -0.000922155    -0.000796273
       0.0015811      0.00264853
     -0.00100874    -0.000549169
     -0.00124107     -0.00135474
    -0.000633606      -0.0011008
     0.000386312     2.73061e-05
      0.00665254      0.00635403
      0.00544293      0.00396695
     0.000759514      0.00127848
    -0.000895024    -0.000868599
    -0.000230138    -0.000363232
     -0.00100622     -0.00121339
     -0.00107728    -0.000960405
     -0.00300735     -0.00136173
      0.00398658      0.00321591
     -0.00138072     -0.00120714
      -0.0013805     -0.00155525
    -0.000114588    -0.000228333
     -0.00200862     -0.00127147
       0.0141248        0.015427
     -0.00142685     -0.00138118
    -0.000382141    -0.000329992
      -0.0014406    -0.000473744
     -0.00107067    -0.000982524
     -0.00202175     -0.00205063
     -0.00085616    -0.000772886
     0.000745668     0.000741994
    -0.000412398    -0.000475151
     -0.00240992     -0.00223966
     0.000230081     0.000272211
     -0.00191334     -0.00130297
     0.000513435     0.000387067
     -0.00203022     -0.00206505
    -0.000734241    -0.000327172
     -0.00291008     -0.00219988
      0.00586679      0.00752107
    -0.000606812     -0.00101042
     -0.00151526     -0.00162989
      0.00115612     0.000529761
     -0.00147908     -0.00111392
     -0.00209536     -0.00203297
    -0.000318291    -0.000506694
    -0.000245255    -0.000335465
      -0.0010437     -0.00083485
    -0.000709653    -0.000746536
     -0.00131257     -0.00136503
     -0.00113007     -0.00129728
    -0.000822253    -0.000577408
    -0.000946353     -0.00106745
       0.0165673       0.0120794
    -0.000898444     -0.00114413
     0.000756703    -0.000184457
      0.00693217      0.00610872
    -0.000538465    -0.000527433
    -0.000764915    -0.000797261
    -0.000439328    -0.000383033
     -0.00110576     -0.00115369
    -0.000622835      0.00116193
    -0.000954554    -0.000997616
     -0.00162488     -0.00157742
    -0.000838042    -0.000734566
      0.00575703      0.00608968
      0.00103215      0.00106621
      0.00606689       0.0051181
    -0.000796942     -0.00080915
      0.00298005      0.00273638
      0.00224024      0.00317118
     -0.00195636     -0.00171492
      0.00344938      0.00272206
     -0.00123634     -0.00110528
     -0.00183071     -0.00148218
      0.00137573     0.000162718
       0.0178993        0.011354
    -0.000748828    -0.000892018
     -0.00193018     -0.00175702
    -0.000919638    -0.000767116
     -0.00120644     -0.00114081
     -0.00197495     -0.00191965
      0.00821525      0.00892999
      0.00108025      0.00100428
      0.00165582      0.00104115
    -0.000919047    -0.000671812
    -0.000326621    -0.000296867
     -0.00194512     -0.00221086
     -0.00214025     -0.00189793
    -0.000158376     -0.00014581
     -0.00172405     -0.00190378
    -0.000535732    -0.000445861
       0.0106846        0.010587
     -0.00115843    -0.000944662
        0.009829       0.0054117
    -0.000468248    -0.000605785
     -0.00171814     -0.00158733
      0.00917763       0.0105007
    -0.000860472    -0.000718711
     -0.00257495     -0.00237891
      0.00210004      0.00218824
     0.000390332     0.000193911
     -0.00118086    -0.000533234
      0.00381167      0.00198161
    -0.000185289     0.000750967
     -0.00165472     -0.00132054
     -0.00143966     -0.00128344
      0.00284777       0.0020251
     0.000748752     0.000626611
    -0.000982645     -0.00109131
    -0.000763789     -0.00102963
      0.00117012      0.00121459
      0.00253056     0.000779506
     0.000540939    -0.000249591
    -0.000984146     -0.00106577
      -0.0014684     -0.00115506
      0.00238065      0.00342756
       0.0042835      0.00532224
     -0.00188268     -0.00138561
      0.00414969      0.00353746
     -0.00084113     -0.00117475
     -0.00162284     -0.00178105
     -0.00108619    -0.000992333
     -0.00214321     -0.00122209
     0.000534438     0.000128976
      0.00331185      0.00485066
    -0.000760785    -0.000771825
     -0.00174139     -0.00177638
     -0.00189765     -0.00117236
    -0.000676018    -0.000293284
     0.000814912     0.000284856
      0.00300527      0.00278496
      0.00159519      0.00120276
     -0.00107251     -0.00122448
     -0.00103399    -0.000850662
     -0.00225898     -0.00102803
    -0.000954068     -0.00103689
     -0.00119761     -0.00113578
     0.000196796     -2.8783e-05
      -0.0009359    -0.000877009
     -0.00192182     -0.00154053
     -8.5208e-05    -0.000350795
     -0.00186799     -0.00196649
     0.000568769    -0.000565377
     -0.00118215    -0.000984762
     0.000686018     0.000283281
     -0.00239662     -0.00179212
    -0.000158439    -0.000301645
     -0.00127913     -0.00116046
     -0.00102952    -0.000877683
      0.00159469     0.000243926
      0.00166323      0.00158206
     -0.00160855     -0.00164227
     -0.00243394     -0.00174637
      0.00148477      0.00188013
     -0.00162492     -0.00138693
    -0.000552086    -0.000513974
    -0.000172462    -0.000157213
      0.00230321      0.00233013
      0.00856697      0.00621304
     -0.00107636     -0.00116655
     -0.00166732     -0.00174852
     -0.00135719     -0.00149958
    -0.000888687    -0.000880549
     -0.00216975     -0.00198668
     -0.00139782     -0.00148152
    -0.000534675      0.00303025
     -0.00131459     -0.00125701
    -0.000708953     0.000372094
    -0.000597426    -0.000898821
     -0.00103467      -0.0011382
      0.00137907      0.00109799
      0.00132703     0.000319677
     -0.00081347    -0.000897278
     -0.00112171     -0.00182578
     -0.00138417     -0.00149208
       0.0025428      0.00238167
      0.00249004      0.00170325
     -0.00170261     -0.00142339
    -0.000331871    -0.000626005
     -0.00116152    -0.000964948
      0.00117412     0.000687481
     -0.00144156     -0.00105724
      -0.0012227     -0.00135676
      -0.0011491     -0.00120038
     -0.00143657     -0.00156435
     -0.00129101     -0.00102398
     -0.00147141     -0.00129094
     0.000135218    -4.79722e-05
      0.00752909      0.00770082
     -0.00106335     -0.00103474
      0.00710978        0.005983
     -0.00108572     -0.00140834
     -0.00110304    -0.000797368
        0.015995       0.0111903
    -0.000725333      0.00256585
      0.00186975      0.00242238
      0.00122529     0.000825454
    -0.000695249    -0.000632367
      -0.0020727     -0.00206357
     -0.00139312     -0.00140561
     -0.00184942    -0.000846515
     -0.00149757     -0.00124611
    -0.000744535    -0.000770098
      0.00690657      0.00754962
     -0.00222419     -0.00150701
    -0.000872413    -0.000997213
    -0.000951325    -0.000753253
     -0.00136784     -0.00120935
     -0.00112594     -0.00139748
     -0.00118905    -0.000951708
    -0.000742874    -0.000747693
     -0.00189896     -0.00173291
     -0.00168983     -0.00183305
     0.000978103    -0.000167236
    -0.000237378     -0.00051987
     -0.00175373     -0.00191031
     -0.00122811     -0.00122909
     0.000632196    -0.000253914
      0.00831439       0.0097091
     0.000788089     0.000366361
     0.000498279      0.00046977
      0.00759613       0.0071476
    -0.000598752    -0.000579595
      -0.0017217     -0.00158019
     -0.00166022     -0.00154896
     -0.00205798     -0.00153789
     -0.00163763     -0.00135942
     -0.00273067     -0.00205778
     -0.00135478     -0.00142368
     -0.00116923     -0.00121092
     -0.00222799     -0.00197354
    -0.000706912    -0.000866766
    -0.000974515     -0.00100659
    -0.000552223      -0.0010176
    -0.000428869    -2.31636e-05
     -0.00108537     -0.00114133
       0.0128598       0.0118279
    -0.000158508    -0.000422368
     -0.00125621      -0.0011693
     0.000733076     0.000650299
     -0.00079597     -0.00109965
     -0.00197236     -0.00200545
     -0.00165733     -0.00173397
     -0.00238561     -0.00213073
       0.0031224      0.00358276
    -0.000724234    -0.000745352
     -0.00123311     -0.00087503
       -0.001239     -0.00147735
    -0.000513097    -0.000110282
      0.00379913      0.00271299
     -0.00035046    -0.000413871
     -0.00156362     -0.00117644
      0.00212225      0.00179342
    -0.000584477    -0.000467743
    -0.000355889    -0.000337806
     0.000304017     0.000173234
     -0.00195881      -0.0015287
       0.0079476      0.00564092
    -0.000648274    -0.000713512
      0.00367795      0.00585429
      0.00359015       0.0021447
    -0.000889068      -0.0009921
      -0.0027566     -0.00126002
     -0.00175186       -0.001862
      0.00148087      0.00634517
      0.00314647      0.00623679
     0.000935548     0.000887177
    -0.000994012     -0.00131375
      0.00431948      0.00459828
     -0.00165469     -0.00147652
      0.00108099      0.00133697
     -0.00172309     -0.00165451
      0.00108773     0.000636048
    -0.000790443    -0.000546668
     -0.00218037     -0.00187206
     -0.00104336     -0.00107944
     -0.00148673     -0.00141012
      0.00378374      0.00422163
     -0.00029186    -0.000380378
     -0.00158414     -0.00146367
    -0.000967451    -0.000715332
      0.00567759      0.00718077
     0.000717026     0.000681899
     -0.00226149      -0.0014937
     0.000626645     0.000163531
       0.0102577      0.00954569
     -0.00109853     -0.00124057
     -0.00156197     -0.00181462
    -0.000694155    -0.000819055
      0.00766804      0.00902179
      0.00327748      0.00708625
     -0.00104748      -0.0011556
     -0.00110044     -0.00112362
     -0.00126915     -0.00128443
      -0.0010612      -0.0011401
    -0.000580115    -0.000607507
     0.000835917     0.000512006
    -0.000421687    -0.000589787
      0.00207878       0.0014894
     -0.00105165    -0.000813082
     -0.00215029     -0.00216693
      0.00314856      0.00455864
     0.000269971      0.00318277
      0.00523699       0.0045683
    -0.000171187    -0.000228475
     -0.00164308     -0.00117816
     -0.00115214     -0.00113143
    -0.000227694    -7.89015e-05
     -0.00114667      -0.0010742
     -0.00122142    -0.000933153
     -0.00123687     -0.00096792
    -0.000376718    -0.000528081
     -0.00140818     -0.00119217
      0.00897595      0.00717007
     -0.00164622     -0.00163552
      0.00231061      0.00192961
     -9.5665e-05    -0.000242612
     -0.00140353       -0.001234
       0.0107713      0.00662294
     -0.00217941     -0.00139066
     -0.00149594     -0.00101088
      0.00033707    -0.000759641
    -0.000971811     -0.00131154
     -0.00162131     -0.00158558
    -0.000905608     -0.00102269
      0.00316504      0.00282209
    -0.000651183    -0.000572478
    -0.000592834    -0.000664523
     -0.00143178     -0.00108203
     -0.00168906     -0.00187811
     -0.00128132     -0.00129285
     -0.00112681     -0.00102763
     -0.00139567    -0.000585763
    -0.000363071    -0.000349928
     -0.00205692     -0.00210018
      0.00600907      0.00864981
     -0.00207545     -0.00207209
     0.000738306      0.00082623
     -0.00077937    -0.000670559
     0.000993427      0.00218556
     -0.00269635     -0.00162812
      0.00368216      0.00314896
     -0.00101207    -0.000722161
    -0.000961473    -0.000921935
     -0.00150187     -0.00181179
      -0.0020291     -0.00174258
     -0.00148522     -0.00121906
     -0.00137742     -0.00101899
     -0.00136039     -0.00135994
     -0.00108804     -0.00115942
     0.000968217     0.000721184
      -0.0019907     -0.00161951
     -0.00222834    -0.000492797
     -0.00202777     -0.00194628
    -0.000840739    -0.000903256
      0.00138245     0.000732609
     -0.00110347     0.000422685
    -0.000649405    -0.000812583
     -0.00117951     -0.00121999
     -0.00148204     -0.00139534
    -0.000732438    -0.000973507
     -0.00051251    -0.000506964
      0.00254228      0.00146943
     -0.00109117      -0.0011623
     -0.00116877    -0.000850864
     -0.00182545     -0.00161381
     -0.00114577      -0.0010467
      0.00162505      0.00429807
     -0.00140786     -0.00128172
    -0.000307969     -0.00034155
     -0.00202908    -0.000493834
      -0.0017589     -0.00158726
      0.00267357      0.00247248
    -0.000131742    -0.000321352
    -0.000131379      0.00287654
      0.00659797      0.00432142
     -0.00203839     0.000473472
    -0.000605165    -0.000499749
    -0.000977503     -0.00108809
    -0.000777886     -0.00081908
       0.0133589       0.0106632
     -0.00109349    -0.000238892
     0.000138818     1.08329e-05
     -0.00189982     -0.00174011
     -0.00106123      -0.0010762
    -0.000751233    -0.000384931
    -0.000850316    -0.000865198
      0.00593118      0.00581591
      0.00100322     -3.8689e-05
      0.00195551      0.00138261
     -0.00036295    -0.000393437
      0.00133471     0.000461914
     -0.00197369     -0.00204704
    -0.000807789    -0.000889092
     0.000909827     0.000411936
    -0.000638967    -0.000695496
     -0.00247019     -0.00140682
     -0.00102978     -0.00109106
     0.000753765    -2.62084e-05
    -0.000967079     -0.00121006
      0.00401457      0.00236458
     -0.00244675      -0.0024269
    -0.000707401    -0.000996471
     -0.00181379      -0.0016869
     -0.00170481     -0.00174837
      0.00823992      0.00793537
     -0.00138484     -0.00127103
     -0.00186632     -0.00198812
    -0.000944428    -0.000830002
     -0.00113106      -0.0011283
     0.000887906     0.000172849
    -0.000154849    -0.000299256
     -0.00144861     -0.00118354
    -0.000950705    -0.000936913
     -0.00157343     -0.00131062
     -0.00160818     -0.00160442
     -0.00159218     -0.00152012
    -0.000736802    -0.000462499
     0.000529443    -1.79807e-05
    -0.000955109    -0.000919108
      0.00208273      0.00305742
    -0.000363645    -0.000369341
    -0.000932943    -0.000983601
      -0.0021677     -0.00192073
    -0.000499375    -0.000566096
     -0.00107704     -0.00105231
     -0.00131276       -0.001222
    -0.000839955    -0.000932995
    -0.000529723    -0.000441532
      -0.0012907     -0.00130727
      0.00607687      0.00486117
      7.0477e-05    -0.000379347
     0.000101493    -0.000124855
      0.00939619      0.00706213
    -0.000928531     -0.00100746
      3.2453e-05    -0.000271794
      -0.0022604     -0.00146134
    -0.000548679    -0.000289665
    -0.000560786    -0.000845946
      0.00327356      0.00352865
      0.00240199      0.00225609
     -0.00030897    -0.000239629
      0.00129647     0.000380316
      -0.0010296     -0.00118964
    -0.000988244    -0.000952666
     -0.00288838     -0.00119162
    -0.000695448    -0.000849467
      0.00044565     0.000569252
    -0.000366462    -0.000348173
     -0.00113754      0.00130206
     0.000996129     0.000612554
     -0.00177547     -0.00185962
     0.000180379    -0.000280741
     -0.00264137     -0.00202325
     0.000666214     0.000520977
    -0.000780932    -0.000711609
    -0.000248663    -0.000487794
      0.00629376      0.00498844
      0.00488632      0.00447749
     -0.00276624     -0.00130398
       0.0013962     0.000548056
    -0.000912338      -0.0013368
    -0.000894238    -0.000798491
     0.000313388     0.000459276
     -0.00339372     -0.00241107
    -0.000288762    -0.000512482
      0.00240636      0.00280321
      0.00368472      0.00397896
     -0.00104382    -0.000994094
      -0.0023283     -0.00167963
     -0.00113827     0.000263605
     -0.00038068    -0.000243388
     0.000919321     0.000446111
      0.00124262      0.00312528
     -0.00245955    -0.000380855
     -0.00132751      -0.0010642
     0.000284232     -6.5566e-05
     -0.00177208      -0.0017525
      0.00914786      0.00663328
     0.000204855    -0.000304631
      0.00601136      0.00675415
      0.00391832      0.00381043
    -0.000567909     -0.00107293
     -0.00114624      -0.0011077
      0.00482994      0.00309018
     -0.00117025     -0.00101163
      0.00252071      0.00241135
    -0.000219887    -0.000295934
     -0.00120043     -0.00103586
     -0.00196203     -0.00181074
     -0.00103368    -0.000955272
     -0.00142472      -0.0012708
      0.00153497     0.000865735
     -0.00105455    -0.000923535
     0.000228003     -9.5861e-05
      -0.0013043    -0.000974892
    -0.000729982    -0.000810199
     -0.00160651     -0.00199967
     0.000526396     0.000677296
    -0.000587498     -0.00128015
       0.0031674      0.00394937
      0.00531656      0.00388207
    -0.000959285    -0.000699018
    -0.000751424    -0.000792708
      0.00490393      0.00463708
      0.00393463      0.00841526
    -0.000521178    -0.000418924
      0.00115871       0.0013746
      0.00554126      0.00925294
    -0.000597482    -0.000469375
      0.00314443      0.00336977
     -0.00196239     -0.00202435
     -0.00089126    -0.000844952
      0.00801667      0.00628755
     -0.00131438     -0.00147577
     -0.00143365     -0.00164153
      0.00890523      0.00703376
     -0.00153517     -0.00123492
     -0.00171545     -0.00160665
     0.000614076     0.000129745
     -0.00120619     -0.00101571
      0.00223495      0.00208144
     -0.00175957     -0.00154511
    -0.000893951     -0.00104577
      -0.0008671    -0.000941107
      0.00989945      0.00982973
    -0.000518709    -0.000774028
     -0.00040892    -0.000545798
     -0.00161545     -0.00121702
     -0.00191705     -0.00182083
    -0.000416693     0.000158509
        0.010419       0.0104727
     -0.00148223     -0.00129391
     -0.00131447     -0.00144449
      0.00300993       0.0028962
     -0.00134615     -0.00110893
     -0.00113575     -0.00135185
      0.00227557     0.000687863
     -0.00193863     -0.00179173
      -0.0015071     -0.00148328
    -0.000818748    -0.000972163
     0.000303415     0.000239198
     -0.00109988    -0.000798593
     -0.00129977     -0.00146232
       0.0175113       0.0172544
      0.00214934      0.00113576
     -0.00183955     -0.00177681
