QM Energy	FF Energy
       0.0128251         0.01171
       0.0145461       0.0127165
      0.00254498       0.0020174
      0.00910302      0.00865592
       0.0117503       0.0113571
       0.0156092        0.014685
      0.00761936      0.00691517
       0.0225093       0.0193324
       0.0131189       0.0119655
      0.00120661      0.00162199
       0.0248309       0.0256036
      0.00725304      0.00758665
       0.0245996       0.0261733
      0.00166734      0.00161056
       0.0127925       0.0137837
      0.00982894      0.00964537
     0.000273508     0.000291315
       0.0144702       0.0140186
      0.00110821     0.000926917
      0.00149651      0.00114168
      0.00150353      0.00160978
      0.00419154       0.0040148
      0.00258001      0.00284637
       0.0076897      0.00796553
      0.00917398      0.00876466
     0.000329687     0.000375565
      0.00123947      0.00116686
       0.0385573       0.0339692
      0.00323312      0.00264466
       0.0012383      0.00143023
     0.000612198     0.000601804
       0.0364615       0.0348711
      0.00270111      0.00264604
     0.000994816     0.000865861
      0.00185204       0.0023216
     0.000249932     0.000216304
     0.000235131     0.000211572
       0.0195099       0.0202323
       0.0226844       0.0233002
      0.00658035      0.00635221
       0.0333939       0.0354749
      0.00396659      0.00499909
       0.0091759      0.00848676
     0.000220575     0.000185097
        0.042117        0.047539
      0.00164813      0.00205518
      0.00297907      0.00322083
     0.000494181     0.000482987
      0.00129577      0.00103514
     0.000636059     0.000597613
      0.00542428      0.00602647
      0.00232795      0.00220796
     0.000663333     0.000605352
      0.00152919      0.00137341
      0.00819801      0.00763164
      0.00101805     0.000979623
     0.000894853      0.00114591
      0.00192698      0.00202561
     0.000528018     0.000544331
        0.019094        0.016478
     0.000713744     0.000540325
     0.000636147     0.000685887
     0.000801689     0.000666685
      0.00028524     0.000276192
      0.00204398      0.00161957
      0.00260315      0.00267678
       0.0121567       0.0109249
       0.0113537       0.0101858
      0.00782507      0.00871442
     0.000950678      0.00100087
      0.00424488       0.0039893
       0.0118676         0.01294
     0.000377728     0.000321103
      0.00493575      0.00572031
       0.0295918       0.0297996
     0.000254744     0.000188504
      0.00435823      0.00449562
      0.00702702      0.00647477
     0.000646829     0.000648769
     0.000401216     0.000469863
       0.0155644       0.0148772
      0.00547116      0.00482282
      0.00307546      0.00330483
       0.0218113        0.021171
      0.00493916      0.00424681
       0.0022733      0.00184894
      0.00950808       0.0110713
     0.000844074     0.000637801
      0.00220396      0.00230495
      0.00171294      0.00154052
        0.012325       0.0113007
     0.000333513     0.000334021
     0.000768008     0.000715327
       0.0011953      0.00115608
     0.000727404       0.0008353
      0.00307264      0.00359822
      0.00113394      0.00127315
      0.00281547       0.0026089
       0.0104557       0.0106415
       0.0249176       0.0274991
     0.000947024     0.000966192
       0.0204281        0.023968
      0.00254857       0.0025089
      0.00201541      0.00251106
       0.0058983      0.00507031
       0.0401134       0.0338577
      0.00818336      0.00897071
     0.000947869     0.000960791
       0.0194171        0.019767
      0.00181341      0.00173338
      0.00419204      0.00512585
     0.000903312      0.00100022
      0.00698692       0.0071457
     0.000410475     0.000311155
       0.0238975       0.0261365
      0.00513553      0.00473347
     0.000292012     0.000341349
      0.00549107      0.00704187
      0.00278537      0.00333824
      0.00380145       0.0030828
      0.00131649     0.000847637
       0.0118512       0.0120031
      0.00332666       0.0030996
      0.00661957      0.00576607
       0.0104207       0.0122724
     0.000836551     0.000589382
     0.000403607     0.000412974
      0.00201641      0.00207476
      0.00116801       0.0011224
      0.00163609      0.00169862
      0.00100694      0.00113966
      0.00726208       0.0080629
       0.0013808      0.00131006
       0.0018064      0.00165838
       0.0014588      0.00136046
     0.000517503     0.000409174
      0.00204421      0.00201873
      0.00210119      0.00234575
     0.000351337     0.000400254
     0.000488195     0.000432353
     0.000323155     0.000299628
     0.000278411     0.000271979
      0.00198743       0.0023163
      0.00340468      0.00280168
      0.00407352      0.00400894
      0.00222193      0.00201078
      0.00307806      0.00255136
      0.00325821      0.00302565
        0.012063        0.010733
      0.00151657      0.00156061
      0.00128651      0.00153028
     0.000594044     0.000700447
      0.00364324      0.00387802
       0.0041633      0.00353609
       0.0103317       0.0108718
      0.00147327      0.00161028
      0.00271642       0.0023347
      0.00247784      0.00196137
     0.000428557     0.000463893
      0.00256386      0.00247132
     0.000266059     0.000248061
      0.00196236      0.00208487
       0.0196463       0.0192048
      0.00100558     0.000932057
     0.000969374     0.000767853
      0.00547023       0.0065271
     0.000594155     0.000521502
      0.00193108      0.00159846
      0.00938408       0.0102291
       0.0058111      0.00682066
       0.0160731       0.0148797
      0.00782862      0.00818492
      0.00317845      0.00260638
      0.00411406       0.0039694
       0.0121415       0.0103146
       0.0082643      0.00656464
     0.000739088     0.000692569
     0.000216172      0.00025158
      0.00660111      0.00577319
      0.00708321      0.00674938
      0.00186656      0.00154441
       0.0183521       0.0168022
       0.0075553      0.00674902
       0.0145308       0.0144202
      0.00583773      0.00555962
      0.00443574      0.00437868
       0.0180701        0.016619
       0.0123318       0.0115114
      0.00280519      0.00261085
      0.00633873      0.00591292
     0.000250689     0.000298247
      0.00310322      0.00318499
      0.00288247      0.00259886
      0.00657554      0.00748946
      0.00118786      0.00107068
     0.000237397     0.000259574
      0.00644657      0.00572871
      0.00105133      0.00118915
       0.0125103       0.0114576
      0.00144833      0.00146892
     0.000416619     0.000387624
      0.00118183      0.00121775
      0.00808972      0.00845597
       0.0107487       0.0086298
      0.00045892     0.000492532
     0.000527794     0.000375028
      0.00440321      0.00416782
      0.00811799      0.00851598
      0.00110182     0.000865237
       0.0724384       0.0693319
       0.0109996       0.0127847
       0.0115332       0.0137643
     0.000236247     0.000272859
      0.00451923      0.00532603
       0.0135091       0.0145619
       0.0276457       0.0252854
      0.00153893      0.00139215
     0.000413486     0.000461046
      0.00506981      0.00629278
      0.00680354      0.00745325
     0.000807277     0.000911304
     0.000619186     0.000703316
     0.000291298     0.000334577
      0.00310005      0.00301698
      0.00720671      0.00812837
     0.000166955     0.000155982
      0.00886177      0.00802733
      0.00123871     0.000983041
      0.00202009      0.00192937
       0.0262801       0.0311818
      0.00111345      0.00112477
       0.0035951      0.00356873
     0.000638386     0.000490371
     0.000323024      0.00033095
      0.00843812      0.00850298
       0.0266926       0.0275493
       0.0027141      0.00276892
     0.000645426     0.000694531
       0.0311388       0.0270363
      0.00024743     0.000294971
     0.000557193      0.00041008
      0.00101771       0.0010154
       0.0215963       0.0224118
       0.0127391       0.0114841
      0.00143141      0.00134119
     0.000217148     0.000238304
      0.00420529      0.00377275
      0.00028737     0.000279676
     0.000539746     0.000532271
       0.0066471      0.00787649
     0.000368717     0.000299023
       0.0296259       0.0341771
      0.00866919      0.00668902
     0.000210801     0.000244633
      0.00176488      0.00201572
     0.000653673     0.000591515
      0.00470821      0.00456709
     0.000352082      0.00029997
      0.00509107       0.0049561
     0.000393215     0.000302616
       0.0147976       0.0162635
      0.00100894     0.000869827
      0.00551938      0.00589194
       0.0104997       0.0121001
      0.00390802       0.0044431
       0.0125684       0.0122247
      0.00467793      0.00432323
       0.0104083       0.0101637
         0.02174       0.0249322
     0.000922882     0.000907904
     0.000207997      0.00017873
     0.000303214     0.000356333
      0.00133035      0.00109984
     0.000548984     0.000556333
       0.0114104       0.0102987
       0.0101502      0.00981292
     0.000339836     0.000261248
      0.00587053      0.00534985
      0.00213768      0.00223776
      0.00930062      0.00911641
     0.000980529     0.000930684
      0.00535321      0.00614987
     0.000571426     0.000490073
      0.00437025      0.00439399
      0.00526553       0.0044036
      0.00153917      0.00133638
      0.00227447      0.00193404
      0.00786211      0.00812595
       0.0249442       0.0238348
     0.000593813     0.000533122
       0.0029706      0.00303581
       0.0168028       0.0178052
      0.00337813       0.0034191
      0.00558336      0.00597071
      0.00224522      0.00199079
      0.00696684      0.00730581
      0.00270103      0.00279572
     0.000403222     0.000511858
      0.00116848       0.0010957
     0.000673071     0.000683084
      0.00128687      0.00103256
      0.00780896      0.00748098
       0.0329442       0.0313805
     0.000265768     0.000311323
       0.0277149       0.0290376
      0.00628402      0.00489301
       0.0162438       0.0164532
      0.00045617     0.000364728
       0.0126661       0.0152138
      0.00377399      0.00421446
      0.00137808      0.00164891
       0.0030623      0.00237992
       0.0118538       0.0121516
       0.0231896       0.0224692
       0.0224662       0.0196052
       0.0121981       0.0137002
      0.00395365      0.00375017
       0.0125923        0.012432
       0.0011347     0.000975667
      0.00115842      0.00114719
      0.00909214      0.00896358
       0.0168129       0.0149104
     0.000322939     0.000232293
      0.00117938      0.00109356
      0.00924555       0.0096821
      0.00914426      0.00827272
       0.0473983       0.0478862
      0.00052682     0.000419717
     0.000395203     0.000368073
      0.00831203      0.00828641
     0.000569893     0.000608252
      0.00162126      0.00182827
      0.00138805      0.00154476
      0.00880607      0.00968801
      0.00236941      0.00283342
      0.00351121      0.00356935
       0.0132481       0.0135956
      0.00256472      0.00248245
      0.00788631      0.00790448
      0.00151914      0.00189102
       0.0158152       0.0149839
      0.00426013        0.004025
       0.0344724       0.0339492
      0.00392355      0.00326421
     0.000500775     0.000430909
      0.00727446      0.00669686
     0.000763743     0.000672119
      0.00164283       0.0015041
     0.000206468     0.000273715
      0.00692085      0.00659141
     0.000566891     0.000596617
     0.000644983     0.000577879
     0.000316133     0.000218302
      0.00380026      0.00387293
     0.000313044       0.0002884
     0.000651165     0.000576917
       0.0548666       0.0469181
      0.00313905      0.00275815
      0.00948866      0.00823761
       0.0254431       0.0232281
     0.000268997     0.000295406
       0.0078364      0.00844572
       0.0012583      0.00152189
       0.0011591       0.0010479
       0.0104269       0.0116152
     0.000594287     0.000661653
      0.00051515     0.000633132
     0.000279368     0.000332219
       0.0235134       0.0238229
       0.0132443       0.0138641
       0.0212816       0.0189868
     0.000601242     0.000515448
       0.0152059       0.0146397
       0.0219031       0.0227877
      0.00163306        0.001605
       0.0148415       0.0135309
      0.00300488      0.00334933
      0.00126961      0.00120592
      0.00256895      0.00186129
       0.0371746       0.0302329
       0.0043411      0.00400441
       0.0015044      0.00130537
     0.000297764     0.000242231
      0.00158948      0.00178359
      0.00205727      0.00172198
       0.0385537       0.0370806
       0.0120887       0.0114075
       0.0108192       0.0100997
     0.000217355     0.000248623
      0.00025956     0.000273733
      0.00361416       0.0031189
      0.00616399      0.00642002
      0.00949719      0.00989926
      0.00268631      0.00227021
     0.000190627     0.000154635
       0.0377667       0.0384316
     0.000301474      0.00028765
       0.0197193       0.0163804
      0.00391548      0.00370861
     0.000564746     0.000621727
       0.0370931       0.0392168
     0.000267613     0.000280216
      0.00317328      0.00303243
       0.0129456       0.0127307
      0.00882118      0.00827903
      0.00665226      0.00802264
       0.0192371       0.0163998
      0.00905479       0.0111002
     0.000431565     0.000458504
     0.000296558     0.000293478
       0.0186704       0.0172658
       0.0055369      0.00576862
      0.00095725      0.00113419
      0.00865466       0.0081316
      0.00673927      0.00772144
        0.016531       0.0137403
      0.00799389      0.00843682
      0.00139333      0.00139183
      0.00466345      0.00491435
          0.0155       0.0180936
       0.0260113       0.0260623
     0.000450743     0.000423923
       0.0248133       0.0226151
      0.00217508      0.00163663
      0.00413737      0.00419926
       0.0060727      0.00551282
      0.00266746      0.00304441
     0.000710709     0.000778379
       0.0194177       0.0211213
      0.00133602      0.00127347
     0.000796761     0.000843359
      0.00230654      0.00235697
      0.00315854      0.00390126
       0.0138837       0.0134873
      0.00954674       0.0100691
       0.0193453       0.0180373
     0.000731854     0.000574151
     0.000502922     0.000464763
       0.0153242       0.0163102
      0.00273312      0.00276054
      0.00113719      0.00142747
      0.00757168      0.00739015
     0.000396257     0.000314359
       0.0048705      0.00461648
      0.00521723      0.00466542
      0.00480021      0.00520632
       0.0154382       0.0139705
     0.000709297     0.000764999
      0.00653027      0.00578529
     0.000930495      0.00115868
      0.00444232       0.0044464
     0.000285854     0.000228023
      0.00118885       0.0013251
      0.00442503       0.0039068
       0.0128532       0.0124259
     0.000600056     0.000593844
      0.00458371      0.00422243
      0.00985234       0.0104539
      0.00163756      0.00164413
     0.000205648     0.000226264
      0.00636293      0.00674397
       0.0112122       0.0112902
       0.0373804       0.0327657
     0.000140517     0.000140379
      0.00152824      0.00159769
      0.00223812      0.00231879
     0.000164687     0.000219396
      0.00106485      0.00105765
      0.00137892      0.00142126
        0.018842       0.0225365
      0.00668265      0.00610902
       0.0135525       0.0126965
      0.00231111       0.0020193
     0.000421147     0.000507383
       0.0108125       0.0102222
       0.0131816        0.012988
      0.00657483      0.00693107
      0.00458222      0.00357334
      0.00922964       0.0078698
       0.0146137          0.0147
       0.0131139         0.01155
      0.00137797      0.00110348
       0.0103208       0.0103922
     0.000356404     0.000346698
      0.00766591      0.00735915
      0.00193837        0.001802
     0.000565064     0.000572586
     0.000262517     0.000335277
      0.00146926      0.00150534
     0.000485117     0.000500617
     0.000429576     0.000270632
     0.000322573     0.000350416
        0.026831        0.029195
     0.000502136     0.000613306
       0.0277027        0.025732
      0.00324593      0.00262807
     0.000191298     0.000130161
       0.0398203       0.0330977
       0.0159538       0.0203496
       0.0112859       0.0120555
      0.00768448       0.0070195
     0.000978231      0.00107211
      0.00158155      0.00169328
     0.000366773     0.000325959
      0.00919755       0.0091383
       0.0037225      0.00367552
     0.000936673     0.000846143
       0.0275456       0.0283033
      0.00187309      0.00169763
     0.000426153     0.000396848
       0.0102109      0.00921745
      0.00153859      0.00149846
      0.00408198      0.00381396
     0.000544426      0.00060748
      0.00136323      0.00131415
     0.000829237     0.000828952
     0.000977801     0.000727893
       0.0129586       0.0119365
      0.00057102     0.000715164
      0.00229008      0.00174464
     0.000177206     0.000182451
      0.00173662      0.00156486
       0.0384782         0.03786
       0.0119519       0.0118542
       0.0080297      0.00839064
       0.0250767       0.0239762
     0.000374547     0.000305654
     0.000663786     0.000647085
      0.00504429      0.00517135
      0.00220684       0.0021948
     0.000853606     0.000629383
      0.00197012      0.00214559
      0.00238926      0.00267268
      0.00198745      0.00176215
      0.00420371      0.00364485
      0.00140175      0.00105399
      0.00100017      0.00086167
      0.00420172      0.00341705
       0.0129066       0.0141991
     0.000523506     0.000653108
       0.0397119       0.0397518
      0.00387161      0.00362596
     0.000946014      0.00125828
      0.00967497      0.00978662
      0.00238688      0.00207656
      0.00208455       0.0021729
      0.00114477      0.00101479
      0.00377961       0.0045035
       0.0179926       0.0201754
     0.000183313     0.000219246
      0.00143685      0.00142545
      0.00326417      0.00296928
      0.00294938      0.00356012
       0.0160949       0.0139207
     0.000403915     0.000463969
      0.00654463      0.00608163
       0.0142602        0.013342
      0.00186386      0.00207599
     0.000462091      0.00055929
      0.00875415      0.00852473
      0.00319527      0.00259031
       0.0204281       0.0178416
     0.000702556     0.000496023
       0.0207837       0.0241022
      0.00896057      0.00749922
       0.0019861      0.00197427
      0.00918851       0.0095198
     0.000960664     0.000803152
       0.0245598       0.0308306
        0.033198        0.037505
      0.00837489      0.00862254
      0.00484505      0.00451436
       0.0256596       0.0255464
     0.000582699     0.000409932
       0.0114768        0.013054
     0.000380043     0.000452536
       0.0105769       0.0100768
     0.000356213     0.000330715
      0.00174957      0.00161288
      0.00182831      0.00165789
     0.000715353     0.000706945
       0.0202514       0.0206446
     0.000344421     0.000352382
      0.00201901      0.00216933
     0.000190251     0.000153788
       0.0279475       0.0297799
      0.00559582      0.00587927
      0.00241051      0.00247847
     0.000450321     0.000364264
       0.0371099       0.0348762
      0.00286609      0.00280855
      0.00333014      0.00270399
      0.00295683      0.00320534
       0.0308611       0.0322029
       0.0312548       0.0333451
     0.000468156     0.000547986
      0.00106037      0.00112745
      0.00330952      0.00398032
      0.00145823      0.00153704
     0.000580456     0.000639319
      0.00972566      0.00880985
     0.000378455     0.000370684
       0.0135968       0.0130595
     0.000475066     0.000497834
      0.00281565      0.00290475
       0.0259521       0.0268733
       0.0223274       0.0242443
       0.0237674        0.022816
     0.000374828     0.000446079
      0.00145982      0.00144959
     0.000272875     0.000234611
      0.00416141      0.00486854
     0.000508041     0.000644445
     0.000683922     0.000783833
     0.000387464     0.000362326
     0.000730754     0.000767229
     0.000450761     0.000449676
       0.0378187       0.0349895
     0.000616816     0.000740634
        0.012556        0.011801
      0.00360988      0.00358888
      0.00708109       0.0073722
       0.0254776       0.0208861
      0.00808823      0.00696661
      0.00808398      0.00843277
      0.00817098      0.00683981
      0.00925583      0.00904342
      0.00105896     0.000891195
      0.00147957      0.00126316
       0.0160723       0.0159219
     0.000460926     0.000532396
     0.000789685     0.000617877
     0.000303157     0.000192733
      0.00147901      0.00127532
      0.00118895      0.00128446
      0.00073668       0.0006951
      0.00921774       0.0081842
       0.0102817       0.0103421
      0.00108364      0.00112763
       0.0398058       0.0432024
      0.00226641      0.00250991
       0.0042002      0.00498999
     0.000619407     0.000720138
       0.0118912       0.0132083
      0.00865071       0.0092459
       0.0151157        0.015096
      0.00340662      0.00391437
     0.000262628     0.000216592
      0.00391653      0.00378869
      0.00135367      0.00131606
      0.00107492     0.000985553
      0.00040342       0.0003369
     0.000469985     0.000356099
      0.00127331       0.0011105
       0.0100953      0.00999533
      0.00380113      0.00382264
      0.00945369       0.0103879
      0.00120102      0.00129813
     0.000795794     0.000821842
      0.00954642       0.0090666
       0.0144525       0.0138094
      0.00242219      0.00219169
      0.00022902     0.000205979
      0.00745465      0.00832332
      0.00506095      0.00461245
      0.00343596      0.00366067
       0.0128698       0.0111027
     0.000747295     0.000475823
     0.000582816       0.0005392
      0.00176265      0.00150571
     0.000489865     0.000389404
       0.0232477       0.0254753
     0.000432294     0.000313465
     0.000381204     0.000461367
      0.00780825      0.00814602
      0.00251988      0.00293626
       0.0129725       0.0128373
     0.000536148      0.00055128
       0.0182252        0.020269
       0.0274323        0.024729
       0.0143016       0.0141076
     0.000181207     0.000166304
      0.00040314     0.000377904
     0.000607974       0.0005009
       0.0419866       0.0358575
      0.00677428      0.00715367
      0.00635446       0.0059131
     0.000726047     0.000958355
      9.7588e-05      0.00010246
      0.00878598       0.0100197
      0.00175491      0.00173214
       0.0229917       0.0227475
      0.00241158      0.00217529
       0.0105257      0.00941143
      0.00720828      0.00723848
      0.00114173     0.000832855
       0.0028335      0.00220462
      0.00186919      0.00192831
      0.00873854      0.00818526
      0.00560009      0.00610891
      0.00604472      0.00512349
     0.000392275     0.000399708
      0.00115223      0.00106855
      0.00261774      0.00214483
       0.0195281       0.0165129
      0.00246905      0.00254804
      0.00297234       0.0024253
       0.0016011      0.00159056
     0.000804587     0.000759118
       0.0337226       0.0326983
     0.000460378     0.000479892
       0.0018417      0.00182058
     0.000320286     0.000340772
     0.000501865     0.000481465
     0.000657882     0.000446447
     0.000590102     0.000626381
     0.000379708     0.000315049
     0.000524699     0.000449219
      0.00292597      0.00336792
      0.00143893      0.00135102
     0.000643334     0.000545796
        0.011817       0.0127445
      0.00554576      0.00615103
     0.000258847     0.000236623
       0.0167248       0.0181094
     0.000769393     0.000729538
     0.000604225     0.000602627
      0.00165295      0.00123485
      0.00176996      0.00186275
     0.000648837     0.000725684
      0.00111816      0.00130387
      0.00411436      0.00441034
       0.0017185      0.00177706
     0.000627078     0.000566237
       0.0224201       0.0204463
      0.00629816      0.00573594
      0.00132998      0.00143279
       0.0360419       0.0323937
      0.00136486      0.00116496
      0.00558513      0.00539149
      0.00231488      0.00200917
      0.00502237      0.00499318
      0.00254589      0.00275519
       0.0177793       0.0182753
      0.00850118      0.00922211
      0.00345423      0.00357686
       0.0172451       0.0169178
      0.00310894       0.0033885
     0.000887422     0.000994492
      0.00977166        0.012128
     0.000765469     0.000694735
      0.00953296      0.00994755
      0.00020257     0.000170018
       0.0136196       0.0146511
       0.0114565        0.011308
     0.000943509     0.000962969
       0.0052528      0.00480981
      0.00306694      0.00325296
      0.00787763      0.00786446
      0.00118314      0.00125057
      0.00533971      0.00523584
       0.0231541       0.0203401
       0.0198388       0.0192727
      0.00640259      0.00646739
      0.00149397      0.00121296
      0.00329129      0.00304769
     0.000325191      0.00037823
      0.00472718      0.00559803
      0.00218719      0.00249773
      0.00510406      0.00486016
       0.0158249       0.0173232
       0.0199445       0.0208787
      0.00107117      0.00114841
      0.00139339      0.00180552
       0.0151515       0.0142215
      0.00344306      0.00383074
     0.000183462     0.000113345
       0.0194965       0.0188158
       0.0111236         0.01357
     0.000870878     0.000886266
     0.000480431     0.000348663
      0.00239114      0.00229699
       0.0372939       0.0344362
      0.00267546      0.00277602
       0.0261264       0.0256322
       0.0210537       0.0208558
      0.00533641      0.00469816
      0.00292389      0.00309533
        0.023305       0.0211109
     0.000569882     0.000531289
         0.01191       0.0128202
     0.000295594     0.000250025
     0.000596028     0.000547729
      0.00295281      0.00291599
      0.00103463      0.00124912
     0.000300667     0.000300209
       0.0112384       0.0101521
     0.000367657     0.000353333
     0.000261725     0.000261649
     0.000384308     0.000478704
     0.000728138     0.000618349
      0.00297472      0.00274962
       0.0115871       0.0118529
       0.0083596      0.00766023
       0.0163329       0.0167051
       0.0199318       0.0179145
        0.011043       0.0108433
     0.000258586     0.000274594
       0.0226778       0.0219612
          0.0316       0.0343221
      0.00449865      0.00460254
       0.0183469       0.0167407
       0.0307346       0.0377156
      0.00922439      0.00958935
       0.0157007       0.0159382
      0.00116747       0.0010924
     0.000213141     0.000256188
        0.037357       0.0344582
      0.00149025      0.00160553
      0.00355524      0.00300328
       0.0354347       0.0310607
     0.000201553     0.000230449
      0.00550032      0.00481212
      0.00775029      0.00717968
      0.00169717      0.00171732
       0.0101684       0.0104533
      0.00115324      0.00135651
      0.00163715      0.00165596
       0.0023411      0.00219105
       0.0414822         0.03751
      0.00602225      0.00589756
      0.00340387      0.00324227
     0.000838051     0.000586567
      0.00175285      0.00193551
       0.0104132       0.0115192
       0.0381244       0.0391965
     0.000332762     0.000194685
      0.00825282      0.00906827
       0.0197582        0.019139
      0.00121285      0.00126406
      0.00191821      0.00148649
      0.00477794      0.00342793
     0.000619418     0.000643087
     0.000339241     0.000354453
     0.000761586     0.000758294
      0.00629628      0.00642313
     0.000171766     0.000213266
     0.000792221     0.000700952
       0.0530937       0.0545429
      0.00699293      0.00692086
       0.0030078      0.00238213
