QM Energy	FF Energy
      0.00242576      0.00196062
     0.000396207      0.00010168
     -0.00248445     -0.00265019
     -0.00167816     -0.00150101
      0.00210411      0.00227479
      0.00538719      0.00469548
     0.000217511      2.1121e-05
      0.00676837      0.00544384
      0.00230131      0.00194697
     -0.00264535     -0.00246251
      0.00340978       0.0044562
      0.00115712      0.00104888
      0.00239038       0.0042058
     -0.00145322     -0.00133805
      0.00167568      0.00226522
    -0.000685248    -0.000943541
     -0.00128816     -0.00131218
       0.0024093      0.00224212
      -0.0019127     -0.00180232
       0.0019155      0.00188713
     -0.00171536     -0.00164999
    -0.000581788    -0.000825396
      -0.0008369    -0.000701518
     -0.00230501     -0.00224084
     -0.00258078     -0.00217379
     -0.00129653     -0.00133299
     -0.00150258     -0.00138108
       0.0121921      0.00975098
    -0.000351098    -0.000519704
    -0.000582914    -0.000490339
     -0.00143894     -0.00140462
      0.00756645      0.00644862
     -0.00124503     -0.00125452
     -0.00104569     -0.00108798
     -0.00302669     -0.00286741
    -0.000931421    -0.000927289
     -0.00122477     -0.00119727
      0.00629907      0.00598573
      0.00331497      0.00323115
     0.000744637      0.00057041
      0.00468594      0.00581047
     -0.00179248     -0.00157069
      0.00128462      0.00109912
    -0.000877065    -0.000874549
       0.0094958       0.0123904
      -0.0018322     -0.00151686
    -0.000756094    -0.000697183
     -0.00147029     -0.00142048
     -0.00149319      -0.0013966
    -0.000577462    -0.000542656
     0.000372972     0.000535016
     -0.00129164     -0.00132487
      -0.0016966     -0.00168271
     -0.00193297     -0.00195835
     -0.00100953     -0.00150844
    -0.000753072    -0.000764153
     -0.00161042     -0.00157251
    -0.000701536    -0.000598684
      -0.0016689     -0.00153186
      0.00326358      0.00154204
    -0.000784234    -0.000845672
     -0.00184427      -0.0018543
     -0.00127578      -0.0013566
     0.000244848     0.000177028
     -0.00197535      -0.0021466
     -0.00213929     -0.00197417
    -0.000172639    -0.000217137
      0.00221525      0.00163189
     -0.00252574      -0.0020462
    -0.000214805    -0.000227868
     -0.00199981     -0.00205349
      0.00101723      0.00164688
     -0.00122042     -0.00116729
      0.00115642      0.00162043
      0.00565484       0.0067061
     -0.00138042     -0.00129936
     -0.00229462      -0.0019559
      0.00019935     -6.6396e-05
     -0.00123884     -0.00119313
      -0.0011185     -0.00112494
      0.00134369     0.000884042
      -0.0011099     -0.00146886
    -0.000900609    -0.000847327
       0.0055042      0.00497954
    -0.000370544    -0.000897165
     -0.00211299     -0.00199248
      0.00137291      0.00201318
     -0.00149758     -0.00151043
     -0.00198551     -0.00201806
     -0.00214033     -0.00199463
     -0.00127297    -0.000751851
     -0.00101784     -0.00100335
     -0.00119134     -0.00123131
     -0.00123141     -0.00127187
     -0.00155434      -0.0015494
     -0.00206948     -0.00204077
     -0.00198138     -0.00181436
    -0.000511587    -0.000591964
     -0.00192618     -0.00133238
      0.00692524      0.00876236
    -0.000814263    -0.000828895
      0.00166948      0.00371146
     -0.00142621     -0.00159254
    -0.000761721    -0.000473681
      -0.0027745     -0.00314543
       0.0133769        0.010072
      0.00189487      0.00261055
     -0.00123643     -0.00127384
      0.00445027      0.00424131
     -0.00107262     -0.00122283
     -0.00295165     -0.00271718
    -0.000816646    -0.000799982
    -0.000478859    -0.000372693
    -0.000420195    -0.000417813
      0.00259469      0.00518262
     -0.00117981     -0.00162412
    -0.000563943    -0.000546346
    -0.000875557    -4.24721e-05
    -0.000924927    -0.000790526
    -0.000806918     -0.00113067
     0.000872217     0.000772188
    -0.000836775    -0.000333116
    -0.000622151    -0.000794582
      0.00018398     -0.00019731
     -0.00262028     -0.00164372
      -0.0018965     -0.00184942
     -0.00104168     -0.00103849
     -0.00189038     -0.00184976
     -0.00123733      -0.0012697
     -0.00160873     -0.00149352
    -0.000853883    -0.000810417
     -0.00137481     -0.00113363
      -0.0018067     -0.00180662
    -0.000719929    -0.000828839
     -0.00129137     -0.00129594
    -0.000922721      -0.0009621
     -0.00060844     -0.00061933
     -0.00186226     -0.00173221
      -0.0013204       -0.001263
     -0.00121388     -0.00113793
      -0.0011651     -0.00112882
     -0.00127075     -0.00119397
     -0.00217587     -0.00213507
    -0.000383502    -0.000622111
     -0.00275569     -0.00291361
    -0.000877194     -0.00106248
    -0.000907457     -0.00117695
     -0.00234312     -0.00231518
      0.00380889      0.00359449
     -0.00194213     -0.00189973
    -0.000390784    -0.000180334
    -0.000921435    -0.000893774
     -0.00117101     -0.00112326
     -0.00164368      -0.0019878
     -0.00211833     -0.00133559
     -0.00112248     -0.00114858
    -0.000382455    -0.000463519
     -0.00107817     -0.00131603
     -0.00123993     -0.00123552
     -0.00124039     -0.00135087
    -0.000730534    -0.000706151
     -0.00207831     -0.00198196
      0.00278822      0.00302036
     -0.00165554     -0.00154557
     -0.00154009     -0.00161618
     0.000487938      0.00111739
     -0.00166888     -0.00170764
    -0.000814953     -0.00100661
     0.000886356       0.0013934
      -0.0025552     -0.00199434
      0.00631043       0.0046233
     -0.00245821     -0.00227275
    -0.000835008     -0.00112748
     -0.00072188    -0.000861289
     0.000166648    -0.000502129
      0.00260391      0.00135577
     -0.00136104     -0.00138335
     -0.00087993    -0.000844475
     -0.00186916     -0.00198224
     0.000655993     0.000454694
    -0.000465058    -0.000524876
      0.00187388     0.000877897
      -0.0023696     -0.00279174
       0.0020028      0.00179931
     0.000529076     0.000437265
     -0.00273071     -0.00258193
      0.00323026      0.00218139
      0.00168243      0.00118273
     -0.00218859     -0.00214106
     -0.00152106     -0.00160712
     -0.00086672    -0.000870171
      -0.0027672     -0.00252877
     -0.00210513     -0.00213951
     -0.00160188    -0.000987713
      -0.0012413     -0.00121096
     -0.00102013     -0.00101369
     -0.00011189    -0.000536248
     -0.00224869      -0.0021012
      0.00121965     0.000753999
     -0.00111174     -0.00121095
    -0.000977836    -0.000915402
     -0.00115988     -0.00114826
    -0.000878761    -0.000582518
      0.00342103      0.00261495
     -0.00120738      -0.0012145
     -0.00163288     -0.00158645
    -0.000800088     -0.00109795
      0.00206757      0.00248051
     -0.00104542     -0.00110956
       0.0214259       0.0213155
      0.00251953      0.00369983
       0.0008057      0.00209999
    -0.000927597    -0.000943831
     -0.00215564     -0.00185299
     -0.00106101    -0.000400271
      0.00261297      0.00258124
     -0.00193802     -0.00196266
     -0.00149851     -0.00140129
    -0.000710545     -0.00026095
     -0.00224578     -0.00140091
    -0.000550273    -0.000539511
    -0.000867108    -0.000847698
     -0.00154257     -0.00153626
     -0.00066094     -0.00075978
     -0.00139546     -0.00101852
     -0.00119433     -0.00115287
    -0.000913209     -0.00123831
     -0.00140919     -0.00154279
     -0.00202315     -0.00195613
      0.00400005      0.00708898
    -0.000934692    -0.000960101
    -0.000664573    -0.000810954
     -0.00086296    -0.000891646
    -0.000830693    -0.000806467
      0.00046406     0.000469783
      0.00451233      0.00476851
     -0.00206485     -0.00207548
    -0.000622177    -0.000600431
       0.0103914      0.00897724
     -0.00183922     -0.00178744
     -0.00174378     -0.00168977
    -0.000985374    -0.000990961
      0.00555724      0.00611708
     0.000726834    -0.000274847
     -0.00116807     -0.00120346
    -0.000572438    -0.000569083
    -0.000428468    -0.000731227
    -0.000391375    -0.000412407
     -0.00167436     -0.00151927
     -0.00109463     -0.00066383
     -0.00153622     -0.00145646
      0.00638178      0.00822302
    -0.000660835     -0.00181963
     -0.00124916     -0.00120404
    -0.000749815    -0.000714157
     -0.00141092      -0.0013398
     -0.00146265     -0.00149702
     -0.00132842     -0.00125637
    -0.000748829     -0.00028266
     -0.00156992     -0.00153346
      0.00297435      0.00364719
     -0.00120454      -0.0012998
     -0.00339051     -0.00315267
     -0.00179409    -0.000712005
     -0.00105043     -0.00085269
      0.00204183      0.00225202
    -0.000459951    -0.000818128
      0.00196885      0.00193039
      0.00266217      0.00477087
     -0.00204529      -0.0018953
     -0.00108769     -0.00102305
    -0.000919053    -0.000915763
     -0.00104741     -0.00115906
     -0.00101811     -0.00103253
      0.00227804      0.00173422
      0.00231913      0.00260884
     -0.00132092      -0.0012429
     -0.00146891     -0.00201107
     -0.00166466     -0.00167711
    -0.000204799    -0.000394436
     -0.00170219     -0.00157628
      -0.0012136    -0.000911828
    -0.000725334    -0.000747788
    -0.000406823    -0.000630001
     -0.00200577     -0.00207121
    -0.000845287     -0.00094079
     -0.00123549     -0.00127203
     0.000606546     0.000535698
      0.00479259      0.00437729
    -0.000379744    -0.000407457
      -0.0019979     -0.00199356
      0.00232395      0.00282096
     -0.00229065     -0.00205731
     -0.00013005     4.03381e-05
     -0.00125371     -0.00142743
     -0.00128029    -0.000951061
     -0.00165243     -0.00147392
     -0.00133207     -0.00123025
     -0.00108941     -0.00112909
    -0.000791297    -0.000791848
    -0.000848527    -0.000958662
     -0.00209689     -0.00261268
      0.00937072      0.00866133
    -0.000543908    -0.000488369
      0.00464751      0.00545417
    -0.000200993    -0.000834742
      0.00381491      0.00395937
    -0.000922155    -0.000927752
       0.0015811      0.00295474
     -0.00100874    -0.000811122
     -0.00124107     -0.00108812
    -0.000633606    -0.000899432
     0.000386312     0.000436918
      0.00665254      0.00626783
      0.00544293      0.00425672
     0.000759514      0.00128525
    -0.000895024    -0.000926443
    -0.000230138     5.12098e-05
     -0.00100622     -0.00105112
     -0.00107728     -0.00105942
     -0.00300735     -0.00264868
      0.00398658      0.00340809
     -0.00138072      -0.0013243
      -0.0013805       -0.001362
    -0.000114588     0.000302926
     -0.00200862     -0.00187357
       0.0141248       0.0150888
     -0.00142685     -0.00145867
    -0.000382141    -0.000326953
      -0.0014406     -0.00117973
     -0.00107067       -0.001029
     -0.00202175     -0.00188739
     -0.00085616    -0.000708658
     0.000745668      0.00119276
    -0.000412398    -0.000263151
     -0.00240992     -0.00217717
     0.000230081     0.000803838
     -0.00191334     -0.00178151
     0.000513435     0.000252256
     -0.00203022     -0.00195597
    -0.000734241     -0.00083179
     -0.00291008     -0.00291676
      0.00586679      0.00698458
    -0.000606812    -0.000890762
     -0.00151526     -0.00144168
      0.00115612     0.000604672
     -0.00147908     -0.00136385
     -0.00209536     -0.00216132
    -0.000318291    -0.000269547
    -0.000245255     -0.00045819
      -0.0010437    -0.000946834
    -0.000709653    -0.000660456
     -0.00131257     -0.00130752
     -0.00113007     -0.00107475
    -0.000822253    -0.000677262
    -0.000946353    -0.000958976
       0.0165673       0.0128155
    -0.000898444     -0.00122209
     0.000756703     0.000214219
      0.00693217      0.00614115
    -0.000538465    -0.000497604
    -0.000764915    -0.000452129
    -0.000439328     -0.00033387
     -0.00110576     -0.00116217
    -0.000622835     0.000354861
    -0.000954554    -0.000950857
     -0.00162488     -0.00162351
    -0.000838042     -0.00081989
      0.00575703       0.0061288
      0.00103215      0.00158096
      0.00606689      0.00532822
    -0.000796942    -0.000854156
      0.00298005      0.00266569
      0.00224024      0.00308606
     -0.00195636     -0.00193631
      0.00344938       0.0029229
     -0.00123634     -0.00101856
     -0.00183071     -0.00173417
      0.00137573      0.00101622
       0.0178993       0.0137843
    -0.000748828    -0.000825819
     -0.00193018     -0.00190352
    -0.000919638    -0.000845246
     -0.00120644     -0.00119389
     -0.00197495     -0.00198558
      0.00821525      0.00817822
      0.00108025     0.000917843
      0.00165582      0.00149339
    -0.000919047    -0.000839724
    -0.000326621    -0.000296951
     -0.00194512     -0.00190058
     -0.00214025     -0.00200906
    -0.000158376     -2.0017e-05
     -0.00172405     -0.00194272
    -0.000535732    -0.000447133
       0.0106846       0.0112065
     -0.00115843     -0.00115411
        0.009829      0.00758627
    -0.000468248    -0.000728867
     -0.00171814     -0.00170489
      0.00917763       0.0105292
    -0.000860472    -0.000802426
     -0.00257495     -0.00266835
      0.00210004       0.0021326
     0.000390332    -4.42921e-05
     -0.00118086    -0.000752631
      0.00381167      0.00252719
    -0.000185289     0.000747413
     -0.00165472     -0.00156043
     -0.00143966     -0.00139481
      0.00284777      0.00206256
     0.000748752     0.000711993
    -0.000982645    -0.000889769
    -0.000763789     -0.00115967
      0.00117012      0.00176039
      0.00253056      0.00106115
     0.000540939     0.000194733
    -0.000984146     -0.00103793
      -0.0014684     -0.00129812
      0.00238065      0.00386335
       0.0042835      0.00467307
     -0.00188268     -0.00176247
      0.00414969      0.00339387
     -0.00084113     -0.00108381
     -0.00162284     -0.00154672
     -0.00108619     -0.00124112
     -0.00214321     -0.00183312
     0.000534438     0.000578403
      0.00331185       0.0051534
    -0.000760785    -0.000795994
     -0.00174139     -0.00165218
     -0.00189765       -0.001693
    -0.000676018    -0.000449718
     0.000814912     0.000411412
      0.00300527      0.00327217
      0.00159519     0.000703846
     -0.00107251     -0.00116623
     -0.00103399      -0.0010649
     -0.00225898     -0.00143161
    -0.000954068     -0.00107788
     -0.00119761     -0.00112924
     0.000196796     0.000162951
      -0.0009359    -0.000894701
     -0.00192182     -0.00209248
     -8.5208e-05    -0.000356961
     -0.00186799     -0.00167065
     0.000568769    -0.000609784
     -0.00118215     -0.00113676
     0.000686018     0.000493039
     -0.00239662     -0.00228487
    -0.000158439    -0.000284247
     -0.00127913     -0.00123507
     -0.00102952    -0.000982164
      0.00159469      0.00115002
      0.00166323       0.0015942
     -0.00160855     -0.00154095
     -0.00243394        -0.00228
      0.00148477      0.00193912
     -0.00162492      -0.0016678
    -0.000552086    -0.000547229
    -0.000172462    -0.000109003
      0.00230321      0.00236124
      0.00856697      0.00595967
     -0.00107636     -0.00101652
     -0.00166732     -0.00169333
     -0.00135719     -0.00134366
    -0.000888687    -0.000895041
     -0.00216975     -0.00219585
     -0.00139782     -0.00142677
    -0.000534675      0.00145468
     -0.00131459     -0.00157911
    -0.000708953    -0.000721073
    -0.000597426    -0.000722985
     -0.00103467     -0.00106451
      0.00137907      0.00116709
      0.00132703     0.000876919
     -0.00081347    -0.000699701
     -0.00112171     -0.00163571
     -0.00138417     -0.00171817
       0.0025428      0.00229856
      0.00249004       0.0019188
     -0.00170261     -0.00167621
    -0.000331871    -0.000510034
     -0.00116152     -0.00113207
      0.00117412      0.00101994
     -0.00144156     -0.00132419
      -0.0012227     -0.00126521
      -0.0011491     -0.00109492
     -0.00143657     -0.00142919
     -0.00129101     -0.00120597
     -0.00147141     -0.00145661
     0.000135218      0.00028383
      0.00752909      0.00848688
     -0.00106335     -0.00104319
      0.00710978      0.00680731
     -0.00108572     -0.00144468
     -0.00110304     -0.00103362
        0.015995       0.0121583
    -0.000725333      0.00167324
      0.00186975      0.00238885
      0.00122529      0.00116541
    -0.000695249    -0.000685562
      -0.0020727      -0.0018835
     -0.00139312     -0.00139544
     -0.00184942      -0.0016035
     -0.00149757     -0.00136749
    -0.000744535    -0.000792532
      0.00690657      0.00781763
     -0.00222419     -0.00211222
    -0.000872413    -0.000836281
    -0.000951325     -0.00121818
     -0.00136784     -0.00131077
     -0.00112594     -0.00138424
     -0.00118905     -0.00114399
    -0.000742874    -0.000768105
     -0.00189896      -0.0018769
     -0.00168983     -0.00174776
     0.000978103     0.000183022
    -0.000237378    -0.000152324
     -0.00175373     -0.00191744
     -0.00122811     -0.00113466
     0.000632196     0.000404186
      0.00831439      0.00910297
     0.000788089     0.000802893
     0.000498279     0.000858988
      0.00759613      0.00707226
    -0.000598752     -0.00058992
      -0.0017217     -0.00166832
     -0.00166022      -0.0014106
     -0.00205798      -0.0018769
     -0.00163763     -0.00156809
     -0.00273067     -0.00249469
     -0.00135478     -0.00132404
     -0.00116923     -0.00134689
     -0.00222799     -0.00226451
    -0.000706912    -0.000795571
    -0.000974515     -0.00104102
    -0.000552223     -0.00095714
    -0.000428869     0.000529991
     -0.00108537     -0.00103492
       0.0128598       0.0127641
    -0.000158508    -0.000451638
     -0.00125621     -0.00115439
     0.000733076      0.00103854
     -0.00079597    -0.000929244
     -0.00197236     -0.00184676
     -0.00165733     -0.00156536
     -0.00238561     -0.00215566
       0.0031224       0.0043063
    -0.000724234    -0.000713859
     -0.00123311     -0.00109684
       -0.001239     -0.00143765
    -0.000513097    -1.79894e-06
      0.00379913      0.00262284
     -0.00035046    -0.000320771
     -0.00156362     -0.00144133
      0.00212225       0.0018164
    -0.000584477    -0.000520469
    -0.000355889    -0.000293119
     0.000304017     1.78044e-05
     -0.00195881     -0.00197054
       0.0079476      0.00684031
    -0.000648274    -0.000657451
      0.00367795      0.00574208
      0.00359015      0.00331263
    -0.000889068    -0.000958828
      -0.0027566     -0.00241898
     -0.00175186     -0.00183236
      0.00148087      0.00501396
      0.00314647      0.00653023
     0.000935548     0.000853088
    -0.000994012     -0.00135854
      0.00431948      0.00369722
     -0.00165469     -0.00161576
      0.00108099      0.00188171
     -0.00172309     -0.00174034
      0.00108773     0.000801204
    -0.000790443    -0.000660535
     -0.00218037     -0.00221121
     -0.00104336     -0.00118487
     -0.00148673     -0.00149932
      0.00378374      0.00444627
     -0.00029186    -0.000307736
     -0.00158414     -0.00156297
    -0.000967451    -0.000895307
      0.00567759       0.0071608
     0.000717026     0.000826269
     -0.00226149     -0.00200795
     0.000626645     0.000755841
       0.0102577      0.00957751
     -0.00109853     -0.00119935
     -0.00156197     -0.00192063
    -0.000694155    -0.000745115
      0.00766804      0.00872643
      0.00327748      0.00607494
     -0.00104748     -0.00107215
     -0.00110044     -0.00107169
     -0.00126915    -0.000877046
      -0.0010612     -0.00107646
    -0.000580115    -0.000546393
     0.000835917     0.000334568
    -0.000421687    -0.000345273
      0.00207878      0.00214272
     -0.00105165    -0.000956078
     -0.00215029     -0.00221198
      0.00314856      0.00419205
     0.000269971       0.0027991
      0.00523699      0.00476731
    -0.000171187    -0.000110787
     -0.00164308     -0.00154538
     -0.00115214     -0.00113433
    -0.000227694     3.59808e-05
     -0.00114667     -0.00109541
     -0.00122142      -0.0010405
     -0.00123687     -0.00116367
    -0.000376718    -0.000277327
     -0.00140818     -0.00136277
      0.00897595      0.00730645
     -0.00164622     -0.00149016
      0.00231061       0.0022549
     -9.5665e-05    -3.48378e-05
     -0.00140353     -0.00133151
       0.0107713      0.00801766
     -0.00217941     -0.00218126
     -0.00149594     -0.00110721
      0.00033707    -0.000496602
    -0.000971811     -0.00112132
     -0.00162131     -0.00168621
    -0.000905608    -0.000984666
      0.00316504      0.00276098
    -0.000651183    -0.000584456
    -0.000592834    -0.000620368
     -0.00143178      -0.0013586
     -0.00168906     -0.00187261
     -0.00128132     -0.00117722
     -0.00112681     -0.00113583
     -0.00139567     -0.00116418
    -0.000363071    -0.000445508
     -0.00205692     -0.00203144
      0.00600907      0.00874443
     -0.00207545     -0.00184336
     0.000738306      0.00115752
     -0.00077937    -0.000754963
     0.000993427      0.00199989
     -0.00269635     -0.00235775
      0.00368216      0.00340605
     -0.00101207    -0.000759252
    -0.000961473    -0.000964063
     -0.00150187     -0.00152675
      -0.0020291     -0.00198205
     -0.00148522      -0.0014082
     -0.00137742     -0.00131731
     -0.00136039     -0.00129916
     -0.00108804     -0.00119157
     0.000968217     0.000715745
      -0.0019907     -0.00194539
     -0.00222834     -0.00119312
     -0.00202777     -0.00205019
    -0.000840739    -0.000815672
      0.00138245       0.0011787
     -0.00110347    -0.000574732
    -0.000649405    -0.000786493
     -0.00117951     -0.00121336
     -0.00148204     -0.00128892
    -0.000732438     -0.00104148
     -0.00051251    -0.000438944
      0.00254228      0.00155402
     -0.00109117      -0.0011252
     -0.00116877     -0.00100351
     -0.00182545     -0.00187783
     -0.00114577     -0.00110194
      0.00162505      0.00351689
     -0.00140786     -0.00139231
    -0.000307969    -0.000241245
     -0.00202908     -0.00144305
      -0.0017589     -0.00163066
      0.00267357      0.00298575
    -0.000131742    -0.000120838
    -0.000131379      0.00145363
      0.00659797      0.00473661
     -0.00203839      -0.0014074
    -0.000605165    -0.000512746
    -0.000977503    -0.000975497
    -0.000777886    -0.000812955
       0.0133589       0.0107721
     -0.00109349    -0.000668229
     0.000138818    -4.96661e-05
     -0.00189982     -0.00185497
     -0.00106123    -0.000977473
    -0.000751233    -0.000316731
    -0.000850316    -0.000733119
      0.00593118      0.00551687
      0.00100322     0.000805656
      0.00195551      0.00153692
     -0.00036295     -0.00021338
      0.00133471      0.00143612
     -0.00197369     -0.00209519
    -0.000807789    -0.000784258
     0.000909827      0.00023988
    -0.000638967    -0.000606378
     -0.00247019     -0.00233639
     -0.00102978    -0.000971763
     0.000753765     0.000803156
    -0.000967079     -0.00113658
      0.00401457      0.00270986
     -0.00244675     -0.00243711
    -0.000707401    -0.000970352
     -0.00181379     -0.00182416
     -0.00170481     -0.00171375
      0.00823992      0.00754799
     -0.00138484     -0.00136614
     -0.00186632     -0.00177733
    -0.000944428    -0.000907883
     -0.00113106     -0.00110678
     0.000887906     0.000842417
    -0.000154849    -3.29068e-05
     -0.00144861     -0.00137369
    -0.000950705    -0.000985363
     -0.00157343      -0.0014828
     -0.00160818     -0.00159938
     -0.00159218     -0.00157088
    -0.000736802    -0.000594459
     0.000529443     0.000512513
    -0.000955109    -0.000945217
      0.00208273      0.00287524
    -0.000363645    -0.000331262
    -0.000932943    -0.000887622
      -0.0021677     -0.00222327
    -0.000499375    -0.000488428
     -0.00107704     -0.00109769
     -0.00131276     -0.00131388
    -0.000839955    -0.000810205
    -0.000529723    -0.000472839
      -0.0012907     -0.00131467
      0.00607687      0.00508051
      7.0477e-05    -0.000203546
     0.000101493     0.000114261
      0.00939619      0.00732145
    -0.000928531    -0.000960056
      3.2453e-05    -0.000258793
      -0.0022604     -0.00211278
    -0.000548679    -0.000246946
    -0.000560786     -0.00053049
      0.00327356      0.00375363
      0.00240199      0.00277985
     -0.00030897    -0.000219237
      0.00129647      0.00109906
      -0.0010296     -0.00085541
    -0.000988244    -0.000946446
     -0.00288838     -0.00190071
    -0.000695448      -0.0007166
      0.00044565     0.000578918
    -0.000366462    -0.000289769
     -0.00113754     2.97818e-05
     0.000996129      0.00117988
     -0.00177547     -0.00184395
     0.000180379     0.000100382
     -0.00264137     -0.00239199
     0.000666214     0.000443576
    -0.000780932    -0.000771107
    -0.000248663    -0.000268716
      0.00629376      0.00542494
      0.00488632      0.00461022
     -0.00276624     -0.00231371
       0.0013962      0.00155057
    -0.000912338       -0.001162
    -0.000894238    -0.000892194
     0.000313388     0.000894189
     -0.00339372     -0.00316005
    -0.000288762    -0.000504929
      0.00240636      0.00325651
      0.00368472      0.00440375
     -0.00104382     -0.00108372
      -0.0023283     -0.00207668
     -0.00113827    -0.000804678
     -0.00038068    -0.000283984
     0.000919321      0.00101639
      0.00124262      0.00235218
     -0.00245955     -0.00120435
     -0.00132751     -0.00125245
     0.000284232      0.00031072
     -0.00177208     -0.00178522
      0.00914786      0.00744802
     0.000204855     3.04006e-05
      0.00601136      0.00631751
      0.00391832      0.00376325
    -0.000567909     -0.00104384
     -0.00114624     -0.00113848
      0.00482994      0.00338773
     -0.00117025     -0.00110854
      0.00252071      0.00325581
    -0.000219887    -0.000153643
     -0.00120043     -0.00116082
     -0.00196203     -0.00185589
     -0.00103368    -0.000974131
     -0.00142472     -0.00143166
      0.00153497      0.00132634
     -0.00105455     -0.00107909
     0.000228003     0.000270846
      -0.0013043     -0.00114375
    -0.000729982    -0.000753472
     -0.00160651      -0.0017841
     0.000526396     0.000401741
    -0.000587498    -0.000939439
       0.0031674         0.00358
      0.00531656       0.0041494
    -0.000959285    -0.000937974
    -0.000751424    -0.000722251
      0.00490393      0.00516747
      0.00393463      0.00760438
    -0.000521178    -0.000446632
      0.00115871     0.000800641
      0.00554126       0.0100592
    -0.000597482    -0.000382954
      0.00314443      0.00338796
     -0.00196239     -0.00179783
     -0.00089126    -0.000898555
      0.00801667      0.00621323
     -0.00131438     -0.00132035
     -0.00143365     -0.00166497
      0.00890523      0.00657572
     -0.00153517     -0.00148991
     -0.00171545     -0.00175097
     0.000614076     0.000535765
     -0.00120619      -0.0010772
      0.00223495      0.00285509
     -0.00175957     -0.00172089
    -0.000893951    -0.000879651
      -0.0008671    -0.000980724
      0.00989945      0.00872014
    -0.000518709      -0.0005076
     -0.00040892    -0.000579027
     -0.00161545     -0.00154524
     -0.00191705      -0.0019285
    -0.000416693     0.000492603
        0.010419       0.0109667
     -0.00148223     -0.00146653
     -0.00131447     -0.00119613
      0.00300993      0.00301926
     -0.00134615     -0.00126659
     -0.00113575     -0.00133055
      0.00227557      0.00167436
     -0.00193863     -0.00191891
      -0.0015071     -0.00139934
    -0.000818748    -0.000841181
     0.000303415     0.000173627
     -0.00109988     -0.00100405
     -0.00129977     -0.00131817
       0.0175113        0.018114
      0.00214934      0.00219683
     -0.00183955     -0.00188928
