QM Energy	FF Energy
    -0.000231033    -0.000353967
    -0.000669931    -0.000843472
    -0.000279498    -0.000271796
    -0.000613292    -0.000699146
    -0.000521999    -0.000476225
    -0.000796421    -0.000989191
    -0.000300129    -0.000300876
    -0.000613098    -0.000637915
    -0.000425806     -0.00044094
    -0.000190269    -0.000202439
    -0.000947379     -0.00103727
    -0.000285675    -0.000336207
     -0.00132228     -0.00117343
    -0.000207226    -0.000214959
    -0.000641888    -0.000677943
    -0.000407083     -0.00051317
     -2.9402e-05    -3.09894e-05
    -0.000244017    -0.000384371
    -0.000183474     -0.00017937
    -0.000351119    -0.000309642
     -0.00014415    -0.000149201
     -7.2242e-05    -0.000133973
    -0.000219527    -0.000216441
    -0.000463829    -0.000471551
    -0.000645694    -0.000719069
     -3.3431e-05     -3.5311e-05
    -0.000249568    -0.000248997
     -0.00095087    -0.000931696
    -0.000137538    -0.000130871
     -9.3151e-05    -9.52124e-05
     -6.9083e-05    -6.99785e-05
      -0.0011572     -0.00122705
    -0.000111457    -0.000121378
     -4.1501e-05    -4.58426e-05
    -0.000234903    -0.000242752
     -7.8066e-05    -7.28285e-05
     -8.4011e-05    -7.51857e-05
    -0.000955133    -0.000957998
     -0.00092634     -0.00104631
    -0.000193668    -0.000241951
     -0.00135886     -0.00158184
    -0.000196161    -0.000221791
    -0.000353712    -0.000341865
     -8.9463e-05    -8.37547e-05
     -0.00174267     -0.00181479
    -0.000183737    -0.000188035
    -0.000147425    -0.000160908
    -0.000101273    -9.67967e-05
    -0.000184904    -0.000171297
      -5.128e-05    -4.76477e-05
    -0.000237404    -0.000278178
     -8.9071e-05    -0.000102744
    -0.000120114     -0.00011178
    -0.000221827     -0.00023031
    -0.000234419    -0.000311356
      -5.865e-05    -5.85264e-05
     -8.9278e-05    -9.43061e-05
    -0.000230182    -0.000216442
     -8.6124e-05    -7.97587e-05
    -0.000332251    -0.000486075
     -2.9697e-05    -3.15209e-05
     -9.3667e-05      -8.937e-05
    -0.000112476    -0.000106395
     -0.00011862    -9.01867e-05
    -0.000248677    -0.000251726
    -0.000236263    -0.000240242
    -0.000569514    -0.000647212
    -0.000283657    -0.000356638
     -0.00059101    -0.000633743
      -6.552e-05    -7.15811e-05
    -0.000259351    -0.000278054
    -0.000646329    -0.000678681
    -0.000105085     -0.00010063
    -0.000329745    -0.000331714
     -0.00116011    -0.000978179
     -9.5654e-05    -8.59169e-05
    -0.000240381    -0.000249035
    -0.000169507    -0.000233478
     -6.2421e-05    -6.32841e-05
     -3.9348e-05    -4.01026e-05
    -0.000631945    -0.000666471
    -0.000319485    -0.000368061
    -0.000119131    -0.000141424
    -0.000465904    -0.000584859
    -0.000110648    -0.000161692
    -0.000303548    -0.000303101
    -0.000689242    -0.000703549
    -0.000147208    -0.000141039
    -0.000141319    -0.000146411
     -0.00022117    -0.000222653
    -0.000753663    -0.000754053
    -0.000102251    -9.62368e-05
     -3.0643e-05    -3.96212e-05
     -6.6694e-05    -7.46186e-05
     -5.5055e-05    -5.73439e-05
    -0.000163095    -0.000178921
    -0.000135797    -0.000134674
    -0.000150711    -0.000147481
    -0.000857395    -0.000876178
     -0.00116657      -0.0014177
     -5.2537e-05    -6.12616e-05
     -0.00113516     -0.00104458
    -0.000101317    -0.000127396
    -0.000214959    -0.000237969
    -0.000347373    -0.000368244
     -0.00102196    -0.000970309
    -0.000623212    -0.000690896
     -9.7688e-05    -9.61817e-05
     -0.00057618    -0.000675665
     -6.9411e-05    -9.06042e-05
    -0.000277178    -0.000320183
     -4.9764e-05    -5.22362e-05
    -0.000322649    -0.000359024
     -2.0004e-05    -2.07885e-05
      -0.0011762     -0.00121476
    -0.000236744    -0.000281811
     -9.2376e-05    -7.89862e-05
    -0.000406415    -0.000464593
    -0.000142885     -0.00016235
     -8.4864e-05     -0.00011865
    -0.000312409    -0.000263511
    -0.000551996    -0.000637989
    -0.000100838    -0.000127211
    -0.000162262    -0.000213975
    -0.000735476    -0.000756465
    -0.000140213     -0.00012104
       -2.96e-05    -3.36102e-05
    -0.000139612    -0.000149318
     -5.7424e-05    -6.48566e-05
    -0.000132163    -0.000141632
      -7.067e-05    -8.16646e-05
    -0.000348948     -0.00041224
    -0.000141866    -0.000137906
     -6.8729e-05    -7.89746e-05
    -0.000239568    -0.000230761
     -3.1594e-05    -3.39105e-05
    -0.000105626    -0.000106403
    -0.000147255    -0.000163086
    -0.000100979     -9.1545e-05
    -0.000110322    -0.000102891
     -9.7129e-05     -9.5169e-05
       -7.18e-05    -6.76922e-05
    -0.000135875    -0.000145748
     -8.2707e-05    -0.000111499
    -0.000297021    -0.000302639
     -4.6383e-05     -7.9181e-05
      -8.523e-05    -0.000115294
    -0.000332427     -0.00032989
    -0.000747957    -0.000917744
     -9.5164e-05     -0.00010144
    -0.000195613    -0.000192973
     -5.3596e-05    -5.72682e-05
     -0.00018325    -0.000206078
    -0.000332412    -0.000369795
    -0.000914943     -0.00103639
     -7.4661e-05    -8.81698e-05
    -0.000114951    -0.000111252
     -5.0761e-05    -7.85814e-05
     -4.0864e-05    -4.18325e-05
     -7.4834e-05    -0.000104726
     -2.6527e-05     -2.5569e-05
    -0.000142502    -0.000151343
    -0.000734568    -0.000718176
    -0.000122731    -0.000123305
    -0.000150635    -0.000145686
    -0.000441029    -0.000432389
     -7.9656e-05    -7.20628e-05
     -6.9269e-05     -7.9846e-05
    -0.000483626    -0.000473528
    -0.000463656    -0.000485089
    -0.000706647    -0.000856238
    -0.000473142    -0.000461623
     -7.4029e-05    -0.000104462
    -0.000160701    -0.000194464
    -0.000568649    -0.000719328
    -0.000534275    -0.000590816
     -7.4921e-05    -7.69763e-05
     -2.6749e-05    -2.77408e-05
    -0.000304276    -0.000342395
    -0.000289313     -0.00031549
     -6.9795e-05    -7.30511e-05
    -0.000738072    -0.000923983
    -0.000351782    -0.000389666
    -0.000471536     -0.00058126
     -0.00022838    -0.000247446
    -0.000305529    -0.000318917
    -0.000430668    -0.000566169
    -0.000443417    -0.000488472
    -0.000308134    -0.000322207
    -0.000416874    -0.000471254
     -1.9228e-05    -2.19977e-05
    -0.000363981    -0.000356549
    -0.000178071     -0.00019311
    -0.000372357    -0.000426888
    -0.000127602    -0.000126619
     -5.6714e-05    -5.33788e-05
    -0.000136775    -0.000210978
    -0.000167393    -0.000164533
     -0.00023069      -0.0003775
     -3.3266e-05    -5.75818e-05
    -0.000125329    -0.000115418
     -7.0575e-05    -7.61409e-05
    -0.000383272    -0.000442961
    -0.000669931    -0.000821896
     -4.3545e-05    -4.49533e-05
    -0.000129388     -0.00011377
     -8.0207e-05    -0.000142324
    -0.000582756    -0.000637808
     -5.2614e-05    -5.41528e-05
     -0.00299579     -0.00212764
    -0.000795111    -0.000742286
    -0.000550557    -0.000540939
     -3.1508e-05    -3.03225e-05
    -0.000296746    -0.000301831
    -0.000685785     -0.00067118
      -0.0011393     -0.00117904
    -0.000170001    -0.000164763
     -6.7128e-05    -6.28664e-05
    -0.000220634     -0.00025277
     -0.00065372    -0.000652031
     -5.6737e-05     -6.7457e-05
      -4.103e-05     -4.2211e-05
     -5.5701e-05    -5.26682e-05
    -0.000132549    -0.000153397
    -0.000340476    -0.000366312
     -5.4352e-05    -4.89597e-05
    -0.000445235    -0.000522393
    -0.000138577    -0.000136491
    -0.000177311    -0.000179845
     -0.00134431     -0.00130568
     -6.1938e-05     -7.0645e-05
     -6.6157e-05    -0.000112454
     -3.4432e-05    -3.85394e-05
     -4.6549e-05    -4.74585e-05
    -0.000322217    -0.000351575
    -0.000771613     -0.00085766
    -0.000149499    -0.000163511
     -4.9948e-05    -5.69041e-05
     -0.00110848    -0.000892063
     -8.2981e-05    -7.66047e-05
    -0.000128325    -0.000115805
     -5.8406e-05    -6.16631e-05
    -0.000980509    -0.000952548
    -0.000350143    -0.000444902
     -5.1375e-05    -6.35208e-05
     -2.1301e-05    -2.39459e-05
    -0.000142009     -0.00017165
     -3.3309e-05    -3.19148e-05
     -0.00012687    -0.000119234
    -0.000384001    -0.000441783
    -0.000119908    -0.000112966
     -0.00130813     -0.00144434
     -0.00010209    -0.000220472
     -5.1935e-05    -4.61183e-05
     -7.5129e-05    -9.45751e-05
    -0.000132616    -0.000131107
    -0.000226252    -0.000260163
     -8.4957e-05    -7.68446e-05
    -0.000502793    -0.000535696
     -8.0165e-05    -6.76424e-05
    -0.000765771    -0.000895726
    -0.000115384    -0.000112866
    -0.000454496    -0.000456784
    -0.000397437    -0.000463533
    -0.000233677    -0.000241122
    -0.000581383    -0.000518759
     -8.6307e-05    -0.000145129
    -0.000420708    -0.000419049
     -0.00106072     -0.00104549
    -0.000165792    -0.000158482
     -9.4462e-05    -9.49195e-05
     -4.0216e-05    -4.30717e-05
     -2.5025e-05    -4.56327e-05
     -3.1134e-05    -3.63559e-05
    -0.000254967    -0.000354231
     -0.00067083    -0.000816063
    -0.000106121     -9.8086e-05
    -0.000182396    -0.000242543
    -0.000117485    -0.000129806
    -0.000359866    -0.000400196
    -0.000205676    -0.000206133
    -0.000327021    -0.000335887
      -3.397e-05    -3.47748e-05
     -8.0416e-05    -0.000142868
    -0.000415289    -0.000428895
      -3.294e-05    -5.24765e-05
    -0.000239868    -0.000242236
    -0.000297636    -0.000350024
    -0.000819319    -0.000821428
     -4.2348e-05    -4.36348e-05
    -0.000157062    -0.000178313
    -0.000893314    -0.000965164
    -0.000300402    -0.000328429
    -0.000251078    -0.000267588
    -0.000101736    -0.000116589
    -0.000486949    -0.000523083
    -0.000199671    -0.000214883
     -7.3185e-05    -7.35112e-05
     -7.4697e-05     -7.5632e-05
     -5.1605e-05    -5.06903e-05
     -5.2077e-05    -6.08264e-05
    -0.000424521    -0.000495943
     -0.00111735      -0.0011655
     -8.2929e-05    -7.62591e-05
    -0.000795437    -0.000874069
    -0.000197912    -0.000220234
    -0.000636386     -0.00063531
     -3.2072e-05     -3.4193e-05
    -0.000840087    -0.000838115
    -0.000251064    -0.000271529
    -0.000123225    -0.000127739
    -0.000121751    -0.000119471
    -0.000312351    -0.000405246
    -0.000762589    -0.000729863
    -0.000655896    -0.000672577
    -0.000521618    -0.000605084
    -0.000198671    -0.000190009
    -0.000366676    -0.000476464
     -4.2489e-05    -4.96597e-05
     -6.7906e-05    -7.26864e-05
    -0.000602498    -0.000632506
     -0.00047804    -0.000497816
    -0.000108962    -9.76294e-05
     -7.4326e-05    -8.11901e-05
    -0.000436401    -0.000422532
    -0.000486426    -0.000507503
     -0.00155504     -0.00199293
    -0.000128513    -0.000124592
     -3.8662e-05    -3.67157e-05
    -0.000581369    -0.000651188
     -7.4225e-05    -7.60275e-05
    -0.000133389    -0.000140022
    -0.000192203    -0.000185544
    -0.000531105    -0.000536704
    -0.000147953    -0.000159545
    -0.000206058    -0.000211894
    -0.000456731    -0.000534597
    -0.000190357    -0.000201788
    -0.000121249    -0.000229915
    -0.000103174    -0.000107933
     -0.00060348    -0.000712565
    -0.000385148    -0.000379131
     -0.00146867     -0.00142979
    -0.000139518    -0.000151113
      -8.847e-05    -8.09324e-05
    -0.000218919    -0.000271962
    -0.000185539    -0.000181344
    -0.000212382    -0.000220859
     -6.9302e-05    -6.33034e-05
    -0.000269256     -0.00029928
    -0.000107009     -0.00010738
    -0.000133412    -0.000127578
     -8.0124e-05    -6.98814e-05
    -0.000270186    -0.000266141
    -0.000133486    -0.000128842
     -2.8066e-05    -3.28114e-05
     -0.00167349     -0.00150363
     -6.1207e-05    -0.000102403
    -0.000311607    -0.000338146
    -0.000670292    -0.000696482
     -5.1134e-05    -5.13605e-05
    -0.000462699    -0.000507732
    -0.000101716    -0.000115101
      -4.296e-05    -4.97702e-05
    -0.000744718    -0.000809125
     -4.5048e-05    -4.88696e-05
     -7.4416e-05    -7.80698e-05
      -4.823e-05    -4.85328e-05
      -0.0011515     -0.00137113
    -0.000716506    -0.000707894
     -0.00072212    -0.000676603
     -2.6889e-05    -3.35483e-05
    -0.000295321    -0.000420802
    -0.000537711    -0.000700729
    -0.000132519    -0.000140153
    -0.000363796    -0.000452998
    -0.000202576    -0.000209317
    -0.000119567    -0.000113351
    -0.000376929    -0.000334928
     -0.00127139     -0.00197419
    -0.000233268     -0.00021309
    -0.000176036    -0.000171958
     -9.6186e-05    -8.73246e-05
     -4.3664e-05    -6.91904e-05
    -0.000212621    -0.000217603
     -0.00131991     -0.00140651
    -0.000306421    -0.000394935
    -0.000381546    -0.000393593
      -7.729e-05    -7.96793e-05
     -1.9997e-05    -2.19353e-05
    -0.000241525    -0.000256471
    -0.000401104     -0.00038552
    -0.000373945     -0.00043104
    -0.000244865    -0.000256301
    -0.000121106    -0.000108676
     -0.00120767     -0.00115606
     -3.2546e-05    -3.28327e-05
    -0.000900854     -0.00128156
     -7.4968e-05    -0.000128507
     -5.4922e-05    -5.45287e-05
     -0.00129684     -0.00130433
     -7.0818e-05    -7.06817e-05
    -0.000296658    -0.000302083
    -0.000205805    -0.000353404
    -0.000518989    -0.000588364
    -0.000283699    -0.000332137
    -0.000584702    -0.000620181
    -0.000552054    -0.000587093
    -0.000125527    -0.000117105
     -9.6098e-05     -8.8234e-05
    -0.000654371    -0.000768906
    -0.000205453     -0.00024473
    -0.000158034    -0.000141754
    -0.000392417    -0.000417534
    -0.000442055    -0.000438424
    -0.000370514    -0.000482857
    -0.000403551    -0.000405749
     -6.0867e-05    -7.47988e-05
    -0.000173424    -0.000214843
    -0.000916161    -0.000867978
     -0.00109531     -0.00119525
    -0.000167039     -0.00016317
    -0.000934596     -0.00117252
     -5.9294e-05    -7.59722e-05
    -0.000296313    -0.000312106
     -0.00043917    -0.000502865
    -0.000329831    -0.000348245
    -0.000134961    -0.000117144
     -0.00102669     -0.00101359
     -3.7203e-05    -5.43564e-05
    -0.000115369    -0.000114804
    -0.000222359    -0.000239782
    -0.000112748    -0.000139923
    -0.000490322    -0.000550075
    -0.000525806    -0.000506788
    -0.000809073     -0.00093556
     -3.7182e-05    -4.25574e-05
     -3.4141e-05    -3.93965e-05
    -0.000855277     -0.00080793
    -0.000110165    -0.000129934
     -6.4689e-05    -7.58203e-05
     -0.00022894    -0.000268979
    -0.000108887    -0.000100168
    -0.000432561    -0.000486512
    -0.000102573    -0.000160238
    -0.000231112    -0.000249885
    -0.000329031    -0.000474571
     -6.0833e-05    -6.39673e-05
    -0.000255531    -0.000243543
     -0.00017591    -0.000188683
     -9.9964e-05    -0.000157169
     -9.1947e-05    -8.48431e-05
     -9.3801e-05    -0.000107274
    -0.000433017    -0.000416814
    -0.000252015    -0.000364278
     -7.8194e-05    -7.67865e-05
    -0.000295906    -0.000290563
    -0.000490147    -0.000461844
     -7.4395e-05    -9.58439e-05
     -1.8159e-05     -2.1142e-05
    -0.000288843    -0.000330511
    -0.000417406     -0.00044041
     -0.00129912     -0.00132932
     -4.5421e-05    -4.01516e-05
      -8.942e-05    -9.40134e-05
     -9.4538e-05    -0.000117982
     -2.7739e-05    -2.85142e-05
    -0.000138467     -0.00013251
     -0.00011595     -0.00012097
     -0.00104752     -0.00110982
    -0.000246224    -0.000287308
    -0.000703233    -0.000833462
    -0.000113114    -0.000115418
     -4.4651e-05     -4.4822e-05
    -0.000263295    -0.000338849
    -0.000300686    -0.000433079
     -0.00033101    -0.000368005
     -9.5728e-05    -0.000139568
    -0.000498517    -0.000571254
    -0.000265928    -0.000385433
    -0.000339412    -0.000398757
     -0.00020789    -0.000202666
    -0.000252306      -0.0003481
     -6.1465e-05    -5.68307e-05
    -0.000311679    -0.000320456
    -0.000281911     -0.00029335
     -3.8187e-05    -4.10425e-05
     -5.3879e-05    -5.06247e-05
     -7.8872e-05    -8.99215e-05
    -0.000116248    -0.000119248
    -0.000111761    -9.68592e-05
    -0.000120287    -0.000109603
     -0.00105196     -0.00108888
     -4.8151e-05     -5.0701e-05
      -0.0010623    -0.000953861
     -5.5382e-05    -9.58632e-05
     -8.1564e-05    -7.41697e-05
     -0.00117494     -0.00175831
    -0.000953179     -0.00100431
    -0.000438019    -0.000438475
    -0.000341104    -0.000303835
     -5.3727e-05    -5.76455e-05
    -0.000197508    -0.000204731
     -8.5279e-05    -7.51944e-05
    -0.000597725     -0.00066514
    -0.000274582    -0.000270539
     -3.6185e-05     -4.7365e-05
     -0.00122207     -0.00118727
    -0.000214841    -0.000220937
     -4.8217e-05    -4.51806e-05
    -0.000621628    -0.000666258
    -0.000125503    -0.000131191
     -6.9588e-05    -0.000122936
     -6.5299e-05     -6.5115e-05
     -6.2445e-05    -6.73053e-05
     -6.5594e-05    -6.66288e-05
    -0.000151423    -0.000141196
    -0.000542434    -0.000567273
    -0.000130253     -0.00011474
    -0.000209402    -0.000208881
     -7.8834e-05    -7.46898e-05
    -0.000273172    -0.000227931
     -0.00140878     -0.00130124
    -0.000443324    -0.000459706
     -0.00048651    -0.000507884
     -0.00075981    -0.000748145
     -2.5394e-05    -2.51644e-05
    -0.000156977    -0.000141105
     -0.00030797    -0.000363752
    -0.000246863    -0.000229797
    -0.000168666    -0.000156503
    -0.000289772     -0.00027427
     -7.6721e-05    -0.000106545
     -6.4444e-05    -8.49125e-05
    -0.000305789    -0.000303387
     -5.1479e-05    -5.76677e-05
      -4.202e-05    -4.97452e-05
     -9.6915e-05    -0.000129363
    -0.000461629    -0.000532079
     -6.9971e-05    -7.09967e-05
     -0.00129386     -0.00142436
     -9.0622e-05    -0.000135228
     -7.9212e-05    -8.41345e-05
    -0.000542785    -0.000476232
     -7.7306e-05    -9.17123e-05
    -0.000217827    -0.000226836
    -0.000143068    -0.000142495
    -0.000250103    -0.000282428
      -0.0010481     -0.00105855
     -3.1284e-05    -3.17327e-05
     -0.00026352    -0.000262079
     -4.1749e-05    -9.67641e-05
    -0.000366547    -0.000388143
    -0.000329883     -0.00043839
    -0.000110448    -9.56086e-05
    -0.000365458    -0.000382233
    -0.000437664     -0.00047263
     -8.0348e-05    -9.11721e-05
     -5.3797e-05    -5.92724e-05
    -0.000243717    -0.000326765
    -0.000286355     -0.00028182
    -0.000944122     -0.00131858
     -4.3067e-05     -3.8588e-05
     -0.00100885    -0.000966781
    -0.000703936    -0.000838048
     -6.4499e-05    -8.58274e-05
     -0.00063495    -0.000680482
     -9.9685e-05    -9.41745e-05
     -0.00148759      -0.0014857
     -0.00141858     -0.00131974
    -0.000232808    -0.000303339
     -8.7177e-05    -0.000147882
      -0.0010103     -0.00121762
    -0.000109967     -9.7134e-05
    -0.000504885    -0.000553896
     -5.7685e-05    -5.51757e-05
    -0.000389084    -0.000450566
     -0.00011319    -0.000110913
     -0.00013595    -0.000140814
     -4.0512e-05    -6.78976e-05
     -7.6556e-05    -7.55847e-05
    -0.000564055    -0.000645195
     -3.0747e-05    -3.32513e-05
    -0.000204398    -0.000214193
     -9.3982e-05    -9.17158e-05
     -0.00122158       -0.001051
     -0.00026491    -0.000284073
    -0.000290076    -0.000283243
    -0.000191312    -0.000161425
     -0.00133334     -0.00111833
     -0.00012608    -0.000147564
    -0.000265061      -0.0002825
     -8.9017e-05    -0.000124628
     -0.00118418     -0.00107127
     -0.00136854     -0.00116243
     -3.4134e-05    -3.68393e-05
    -0.000115211    -0.000113972
     -0.00025811    -0.000267098
    -0.000101775    -0.000110846
     -4.7689e-05    -5.06125e-05
    -0.000311795    -0.000367331
    -0.000119754    -0.000106227
    -0.000623527    -0.000567777
     -9.6272e-05    -9.58392e-05
    -0.000182983     -0.00019318
     -0.00102547     -0.00116484
     -0.00098528    -0.000867471
    -0.000828874    -0.000793413
     -5.7641e-05     -5.8816e-05
    -0.000232132    -0.000245097
     -8.4417e-05    -8.11891e-05
    -0.000227852    -0.000250105
      -5.731e-05    -6.00464e-05
    -0.000187572      -0.0001745
     -8.3301e-05    -7.98711e-05
     -0.00014376    -0.000133937
     -6.6381e-05    -6.27637e-05
       -0.001134     -0.00119246
    -0.000100493    -9.94071e-05
    -0.000667177    -0.000795148
     -0.00020956    -0.000199743
    -0.000448056      -0.0005445
    -0.000886078     -0.00136141
    -0.000538594    -0.000542605
    -0.000400309    -0.000494541
    -0.000133756     -0.00023992
     -0.00030545    -0.000376785
    -0.000147703     -0.00013792
     -3.8095e-05    -5.30748e-05
    -0.000300196    -0.000421177
     -6.6259e-05    -6.99441e-05
     -3.5384e-05    -3.60033e-05
    -0.000101793    -8.99326e-05
     -7.6187e-05    -8.50342e-05
    -0.000197838    -0.000179209
     -3.9067e-05    -4.31715e-05
    -0.000603388    -0.000650894
    -0.000420473    -0.000510352
     -9.0218e-05    -8.99156e-05
     -0.00176379     -0.00153765
    -0.000229064    -0.000245453
    -0.000284194    -0.000301519
     -5.0848e-05    -5.88104e-05
    -0.000574635    -0.000655285
    -0.000568791    -0.000579627
    -0.000476257    -0.000558492
    -0.000269815    -0.000292397
     -9.7789e-05    -9.10193e-05
    -0.000172024    -0.000188722
    -0.000101743    -0.000102737
      -0.0001276    -0.000131506
    -0.000102428    -9.42835e-05
     -9.0731e-05    -8.28498e-05
     -4.1885e-05     -5.1778e-05
    -0.000202854    -0.000299077
    -0.000200683    -0.000232476
    -0.000454738    -0.000476416
    -0.000113702    -0.000115272
     -5.6995e-05    -5.70948e-05
    -0.000348704    -0.000401356
    -0.000827227    -0.000935884
     -7.7532e-05    -9.73017e-05
     -6.6125e-05    -6.16644e-05
    -0.000294906    -0.000332643
    -0.000164149    -0.000211613
    -0.000135929    -0.000160886
    -0.000203333     -0.00034515
      -2.311e-05    -2.86809e-05
    -0.000195091    -0.000175863
    -0.000233232    -0.000234496
    -0.000129251    -0.000121791
     -0.00115264     -0.00101072
    -0.000122336    -0.000113104
     -5.5977e-05    -5.81369e-05
    -0.000620936     -0.00062387
    -0.000179761    -0.000178837
    -0.000666291    -0.000576169
     -8.2479e-05    -7.25847e-05
    -0.000902138     -0.00108878
    -0.000777277     -0.00103674
    -0.000952364     -0.00105236
    -0.000103915    -9.88069e-05
     -2.8695e-05    -2.85526e-05
     -2.6086e-05    -3.06109e-05
     -0.00117926    -0.000990087
     -0.00055768      -0.0005549
    -0.000170588    -0.000223014
    -0.000104063    -0.000108604
     -6.1609e-05     -5.7364e-05
    -0.000446751    -0.000505594
    -0.000261316    -0.000242681
    -0.000473661     -0.00059469
    -0.000342298    -0.000299202
    -0.000266129    -0.000326453
    -0.000356545    -0.000339837
    -0.000307202    -0.000267595
    -0.000283377    -0.000293187
     -9.0105e-05    -9.79831e-05
    -0.000178835    -0.000278504
    -0.000218639    -0.000272939
    -0.000508993    -0.000522579
     -4.2078e-05     -4.2163e-05
    -0.000275806    -0.000233785
     -7.8205e-05     -9.3752e-05
    -0.000488918    -0.000542742
    -0.000180161    -0.000180589
     -5.4573e-05    -8.90964e-05
      -7.788e-05    -8.88578e-05
     -7.3525e-05      -6.971e-05
     -0.00129793     -0.00142569
     -6.1496e-05    -6.14597e-05
    -0.000105919    -0.000113142
     -3.8283e-05    -3.84983e-05
     -6.0961e-05     -5.8127e-05
    -0.000211809    -0.000170813
    -0.000165939    -0.000146192
     -9.2938e-05    -8.51819e-05
     -2.3832e-05    -2.88295e-05
    -0.000155484     -0.00017977
    -0.000144761    -0.000149089
    -0.000111412     -0.00010265
    -0.000481775     -0.00055078
    -0.000257127    -0.000297054
     -2.8761e-05    -2.93219e-05
     -0.00085702    -0.000976864
     -6.0509e-05    -5.71008e-05
    -0.000111659    -0.000105098
    -0.000188938    -0.000169374
    -0.000104429    -0.000114957
     -4.1892e-05    -5.12996e-05
      -6.637e-05    -7.71136e-05
    -0.000144773      -0.0001879
    -0.000108454    -0.000112822
     -4.8602e-05      -4.725e-05
    -0.000706942    -0.000685885
    -0.000140919     -0.00021135
     -9.1889e-05    -9.79874e-05
    -0.000938072     -0.00110501
     -7.8163e-05    -7.22884e-05
    -0.000118691    -0.000179293
    -0.000283996    -0.000283628
    -0.000462778    -0.000474755
    -0.000144655    -0.000150709
    -0.000810719    -0.000904697
    -0.000473499    -0.000472298
    -0.000184186    -0.000180214
    -0.000587316    -0.000641232
    -0.000220043     -0.00022938
     -8.5612e-05    -9.05575e-05
    -0.000638546    -0.000711315
      -4.908e-05    -5.14508e-05
    -0.000379822    -0.000406734
    -0.000121007    -0.000103017
    -0.000810704    -0.000904731
    -0.000413139    -0.000440907
    -0.000103181    -0.000102559
    -0.000231062    -0.000217576
    -0.000369085      -0.0003611
    -0.000146141    -0.000231932
     -6.3475e-05    -6.59836e-05
    -0.000442519    -0.000446255
    -0.000715256    -0.000692135
    -0.000634933    -0.000643517
    -0.000633341    -0.000659593
    -0.000358152    -0.000324698
     -7.8065e-05    -0.000116086
     -3.1466e-05     -3.2493e-05
    -0.000436333    -0.000468205
    -0.000337894    -0.000335775
     -8.2295e-05    -0.000153865
    -0.000709371    -0.000674417
    -0.000919679    -0.000913122
     -4.6785e-05    -5.50665e-05
    -0.000206933    -0.000213887
    -0.000815333    -0.000830524
    -0.000165645    -0.000195682
    -0.000145002    -0.000119204
    -0.000914128     -0.00088567
    -0.000742363    -0.000733916
    -0.000138524    -0.000137664
    -0.000194104    -0.000158217
    -0.000132592    -0.000148848
     -0.00101498     -0.00104444
    -0.000154224    -0.000164895
    -0.000815552    -0.000821068
    -0.000858625    -0.000909961
    -0.000152025    -0.000197921
    -0.000127897    -0.000151379
    -0.000605695     -0.00079328
    -0.000168336    -0.000145863
    -0.000747199    -0.000650848
    -0.000155449    -0.000131377
    -0.000117698      -0.0001163
    -0.000169072    -0.000181274
     -5.6941e-05    -6.35997e-05
     -8.6847e-05    -8.11781e-05
     -0.00052686    -0.000446528
     -2.7643e-05    -3.22462e-05
    -0.000121377     -9.9159e-05
    -0.000112846    -0.000111865
     -4.6435e-05     -5.0586e-05
    -0.000206878    -0.000223132
    -0.000543223    -0.000593574
    -0.000296274     -0.00031653
    -0.000745619    -0.000694373
      -0.0004892    -0.000587603
    -0.000463348    -0.000583454
     -3.3664e-05    -3.30485e-05
    -0.000761452     -0.00077719
     -0.00140218     -0.00110233
     -7.7936e-05    -0.000142753
    -0.000768212    -0.000904084
     -0.00151422     -0.00124702
    -0.000298186    -0.000371361
    -0.000329638    -0.000447762
    -0.000154668    -0.000148719
     -2.7358e-05    -2.98872e-05
     -0.00120036     -0.00130877
    -0.000127257    -0.000129647
    -0.000103175    -0.000133397
     -0.00129309     -0.00137003
     -7.8517e-05    -7.73103e-05
    -0.000391244    -0.000447619
    -0.000327743    -0.000312534
    -0.000224382     -0.00021472
    -0.000689935    -0.000810112
     -9.9098e-05    -0.000101272
    -0.000141032    -0.000143953
      -5.475e-05    -8.16848e-05
     -0.00175648      -0.0015847
    -0.000262015    -0.000264794
    -0.000121015    -0.000138715
      -0.0001619    -0.000148116
    -0.000174561    -0.000186881
    -0.000478885    -0.000582431
      -0.0012015     -0.00114414
    -0.000103656    -8.76411e-05
     -0.00031698    -0.000357546
    -0.000702049     -0.00070626
    -0.000196947    -0.000197165
     -4.4722e-05     -6.4802e-05
    -0.000502289    -0.000505957
    -0.000105598    -9.56255e-05
     -8.7859e-05    -8.35123e-05
     -3.9309e-05    -4.56473e-05
    -0.000158549     -0.00022353
     -8.8221e-05    -8.87613e-05
     -5.1324e-05    -5.25811e-05
     -0.00220805     -0.00177704
    -0.000553493    -0.000590853
    -0.000274439    -0.000276989
