QM Energy	FF Energy
      0.00242576      0.00196061
     0.000396207      0.00010168
     -0.00248445     -0.00265021
     -0.00167816     -0.00150099
      0.00210411      0.00227478
      0.00538719      0.00469548
     0.000217511     2.10603e-05
      0.00676837      0.00544383
      0.00230131      0.00194697
     -0.00264535     -0.00246251
      0.00340978      0.00445615
      0.00115712       0.0010489
      0.00239038      0.00420584
     -0.00145322     -0.00133805
      0.00167568      0.00226521
    -0.000685248    -0.000943626
     -0.00128816     -0.00131216
       0.0024093      0.00224211
      -0.0019127     -0.00180233
       0.0019155      0.00188713
     -0.00171536     -0.00164999
    -0.000581788    -0.000825399
      -0.0008369    -0.000701536
     -0.00230501     -0.00224084
     -0.00258078      -0.0021737
     -0.00129653     -0.00133302
     -0.00150258     -0.00138104
       0.0121921      0.00975096
    -0.000351098    -0.000519704
    -0.000582914     -0.00049034
     -0.00143894     -0.00140461
      0.00756645       0.0064487
     -0.00124503     -0.00125449
     -0.00104569     -0.00108799
     -0.00302669     -0.00286741
    -0.000931421    -0.000927274
     -0.00122477     -0.00119727
      0.00629907      0.00598572
      0.00331497      0.00323112
     0.000744637     0.000570405
      0.00468594      0.00581047
     -0.00179248     -0.00157074
      0.00128462      0.00109911
    -0.000877065    -0.000874447
       0.0094958       0.0123908
      -0.0018322     -0.00151692
    -0.000756094    -0.000697216
     -0.00147029     -0.00142047
     -0.00149319      -0.0013966
    -0.000577462    -0.000542661
     0.000372972     0.000535009
     -0.00129164     -0.00132487
      -0.0016966     -0.00168271
     -0.00193297     -0.00195838
     -0.00100953     -0.00150846
    -0.000753072     -0.00076415
     -0.00161042     -0.00157251
    -0.000701536      -0.0005987
      -0.0016689     -0.00153184
      0.00326358      0.00154204
    -0.000784234    -0.000845678
     -0.00184427      -0.0018543
     -0.00127578     -0.00135659
     0.000244848     0.000177031
     -0.00197535     -0.00214664
     -0.00213929     -0.00197415
    -0.000172639    -0.000217138
      0.00221525      0.00163193
     -0.00252574     -0.00204619
    -0.000214805    -0.000227862
     -0.00199981     -0.00205349
      0.00101723      0.00164688
     -0.00122042     -0.00116729
      0.00115642      0.00162043
      0.00565484      0.00670609
     -0.00138042     -0.00129936
     -0.00229462     -0.00195591
      0.00019935    -6.63798e-05
     -0.00123884     -0.00119311
      -0.0011185     -0.00112494
      0.00134369      0.00088403
      -0.0011099     -0.00146885
    -0.000900609    -0.000847359
       0.0055042      0.00497953
    -0.000370544    -0.000897169
     -0.00211299     -0.00199248
      0.00137291      0.00201314
     -0.00149758     -0.00151044
     -0.00198551     -0.00201806
     -0.00214033     -0.00199463
     -0.00127297    -0.000751797
     -0.00101784     -0.00100334
     -0.00119134     -0.00123131
     -0.00123141     -0.00127186
     -0.00155434      -0.0015494
     -0.00206948     -0.00204078
     -0.00198138      -0.0018144
    -0.000511587    -0.000591989
     -0.00192618     -0.00133232
      0.00692524      0.00876237
    -0.000814263    -0.000828891
      0.00166948      0.00371146
     -0.00142621     -0.00159254
    -0.000761721    -0.000473683
      -0.0027745     -0.00314543
       0.0133769        0.010072
      0.00189487      0.00261054
     -0.00123643     -0.00127383
      0.00445027      0.00424116
     -0.00107262     -0.00122283
     -0.00295165     -0.00271723
    -0.000816646    -0.000800007
    -0.000478859    -0.000372694
    -0.000420195    -0.000417813
      0.00259469      0.00518254
     -0.00117981     -0.00162412
    -0.000563943    -0.000546329
    -0.000875557    -4.24746e-05
    -0.000924927     -0.00079053
    -0.000806918     -0.00113066
     0.000872217     0.000772194
    -0.000836775    -0.000333096
    -0.000622151     -0.00079459
      0.00018398    -0.000197358
     -0.00262028     -0.00164372
      -0.0018965     -0.00184941
     -0.00104168     -0.00103848
     -0.00189038     -0.00184971
     -0.00123733      -0.0012697
     -0.00160873     -0.00149355
    -0.000853883    -0.000810409
     -0.00137481     -0.00113363
      -0.0018067     -0.00180671
    -0.000719929    -0.000828838
     -0.00129137     -0.00129598
    -0.000922721    -0.000962101
     -0.00060844    -0.000619319
     -0.00186226      -0.0017322
      -0.0013204     -0.00126297
     -0.00121388     -0.00113792
      -0.0011651     -0.00112883
     -0.00127075     -0.00119397
     -0.00217587     -0.00213508
    -0.000383502    -0.000622107
     -0.00275569     -0.00291361
    -0.000877194     -0.00106248
    -0.000907457     -0.00117694
     -0.00234312     -0.00231521
      0.00380889      0.00359452
     -0.00194213     -0.00189973
    -0.000390784    -0.000180331
    -0.000921435    -0.000893777
     -0.00117101     -0.00112327
     -0.00164368     -0.00198785
     -0.00211833     -0.00133559
     -0.00112248     -0.00114855
    -0.000382455    -0.000463519
     -0.00107817     -0.00131606
     -0.00123993     -0.00123552
     -0.00124039     -0.00135083
    -0.000730534    -0.000706148
     -0.00207831     -0.00198212
      0.00278822      0.00302034
     -0.00165554     -0.00154555
     -0.00154009     -0.00161621
     0.000487938      0.00111738
     -0.00166888     -0.00170764
    -0.000814953     -0.00100661
     0.000886356      0.00139339
      -0.0025552     -0.00199437
      0.00631043       0.0046233
     -0.00245821     -0.00227277
    -0.000835008     -0.00112746
     -0.00072188    -0.000861298
     0.000166648    -0.000502128
      0.00260391      0.00135583
     -0.00136104     -0.00138334
     -0.00087993    -0.000844484
     -0.00186916     -0.00198225
     0.000655993     0.000454705
    -0.000465058    -0.000524877
      0.00187388     0.000877889
      -0.0023696     -0.00279176
       0.0020028      0.00179931
     0.000529076     0.000437264
     -0.00273071     -0.00258191
      0.00323026      0.00218138
      0.00168243      0.00118273
     -0.00218859     -0.00214105
     -0.00152106     -0.00160706
     -0.00086672    -0.000870172
      -0.0027672     -0.00252877
     -0.00210513      -0.0021394
     -0.00160188    -0.000987782
      -0.0012413     -0.00121095
     -0.00102013     -0.00101372
     -0.00011189    -0.000536253
     -0.00224869      -0.0021012
      0.00121965     0.000754042
     -0.00111174     -0.00121094
    -0.000977836      -0.0009154
     -0.00115988     -0.00114826
    -0.000878761    -0.000582507
      0.00342103      0.00261492
     -0.00120738     -0.00121449
     -0.00163288     -0.00158647
    -0.000800088     -0.00109795
      0.00206757      0.00248051
     -0.00104542     -0.00110955
       0.0214259       0.0213155
      0.00251953      0.00369982
       0.0008057      0.00210006
    -0.000927597    -0.000943834
     -0.00215564     -0.00185298
     -0.00106101    -0.000400248
      0.00261297      0.00258122
     -0.00193802     -0.00196265
     -0.00149851     -0.00140128
    -0.000710545    -0.000260961
     -0.00224578     -0.00140091
    -0.000550273    -0.000539519
    -0.000867108    -0.000847702
     -0.00154257     -0.00153626
     -0.00066094    -0.000759791
     -0.00139546     -0.00101852
     -0.00119433     -0.00115287
    -0.000913209     -0.00123833
     -0.00140919     -0.00154282
     -0.00202315     -0.00195616
      0.00400005      0.00708895
    -0.000934692     -0.00096002
    -0.000664573    -0.000810957
     -0.00086296    -0.000891643
    -0.000830693    -0.000806471
      0.00046406     0.000469654
      0.00451233      0.00476831
     -0.00206485     -0.00207549
    -0.000622177    -0.000600433
       0.0103914      0.00897721
     -0.00183922     -0.00178744
     -0.00174378     -0.00168978
    -0.000985374    -0.000990945
      0.00555724      0.00611704
     0.000726834    -0.000274849
     -0.00116807     -0.00120345
    -0.000572438    -0.000569088
    -0.000428468    -0.000731219
    -0.000391375    -0.000412424
     -0.00167436     -0.00151928
     -0.00109463    -0.000663812
     -0.00153622     -0.00145646
      0.00638178      0.00822296
    -0.000660835     -0.00181964
     -0.00124916     -0.00120404
    -0.000749815    -0.000714159
     -0.00141092      -0.0013398
     -0.00146265     -0.00149702
     -0.00132842     -0.00125637
    -0.000748829    -0.000282554
     -0.00156992     -0.00153346
      0.00297435      0.00364718
     -0.00120454     -0.00129979
     -0.00339051     -0.00315266
     -0.00179409    -0.000712037
     -0.00105043    -0.000852685
      0.00204183      0.00225202
    -0.000459951    -0.000818134
      0.00196885      0.00193039
      0.00266217      0.00477086
     -0.00204529     -0.00189527
     -0.00108769     -0.00102306
    -0.000919053    -0.000915756
     -0.00104741     -0.00115907
     -0.00101811     -0.00103254
      0.00227804       0.0017342
      0.00231913      0.00260887
     -0.00132092      -0.0012429
     -0.00146891     -0.00201106
     -0.00166466     -0.00167711
    -0.000204799    -0.000394436
     -0.00170219     -0.00157629
      -0.0012136    -0.000911843
    -0.000725334    -0.000747766
    -0.000406823    -0.000630005
     -0.00200577     -0.00207122
    -0.000845287     -0.00094079
     -0.00123549     -0.00127203
     0.000606546     0.000535683
      0.00479259      0.00437734
    -0.000379744     -0.00040747
      -0.0019979     -0.00199358
      0.00232395      0.00282097
     -0.00229065     -0.00205721
     -0.00013005     4.03463e-05
     -0.00125371     -0.00142741
     -0.00128029    -0.000951059
     -0.00165243     -0.00147392
     -0.00133207     -0.00123022
     -0.00108941     -0.00112906
    -0.000791297    -0.000791845
    -0.000848527    -0.000958676
     -0.00209689     -0.00261265
      0.00937072      0.00866143
    -0.000543908    -0.000488374
      0.00464751      0.00545416
    -0.000200993    -0.000834762
      0.00381491      0.00395936
    -0.000922155    -0.000927751
       0.0015811      0.00295473
     -0.00100874    -0.000811132
     -0.00124107     -0.00108811
    -0.000633606    -0.000899435
     0.000386312     0.000436837
      0.00665254      0.00626779
      0.00544293      0.00425677
     0.000759514      0.00128524
    -0.000895024    -0.000926446
    -0.000230138     5.11852e-05
     -0.00100622     -0.00105115
     -0.00107728     -0.00105941
     -0.00300735     -0.00264868
      0.00398658      0.00340811
     -0.00138072     -0.00132429
      -0.0013805     -0.00136203
    -0.000114588     0.000302882
     -0.00200862     -0.00187357
       0.0141248       0.0150888
     -0.00142685     -0.00145869
    -0.000382141    -0.000326951
      -0.0014406     -0.00117973
     -0.00107067       -0.001029
     -0.00202175     -0.00188738
     -0.00085616    -0.000708673
     0.000745668      0.00119273
    -0.000412398    -0.000263166
     -0.00240992     -0.00217718
     0.000230081     0.000803742
     -0.00191334      -0.0017815
     0.000513435     0.000252253
     -0.00203022     -0.00195591
    -0.000734241    -0.000831794
     -0.00291008     -0.00291675
      0.00586679      0.00698457
    -0.000606812    -0.000890751
     -0.00151526     -0.00144162
      0.00115612     0.000604647
     -0.00147908     -0.00136386
     -0.00209536     -0.00216136
    -0.000318291    -0.000269553
    -0.000245255    -0.000458189
      -0.0010437    -0.000946836
    -0.000709653    -0.000660453
     -0.00131257      -0.0013075
     -0.00113007     -0.00107474
    -0.000822253    -0.000677261
    -0.000946353    -0.000958973
       0.0165673        0.012816
    -0.000898444     -0.00122208
     0.000756703     0.000214216
      0.00693217      0.00614113
    -0.000538465    -0.000497604
    -0.000764915    -0.000452137
    -0.000439328    -0.000333869
     -0.00110576     -0.00116219
    -0.000622835     0.000354864
    -0.000954554    -0.000950859
     -0.00162488     -0.00162351
    -0.000838042    -0.000819885
      0.00575703      0.00612877
      0.00103215      0.00158095
      0.00606689      0.00532821
    -0.000796942    -0.000854155
      0.00298005      0.00266568
      0.00224024      0.00308606
     -0.00195636     -0.00193631
      0.00344938      0.00292289
     -0.00123634     -0.00101856
     -0.00183071     -0.00173416
      0.00137573      0.00101622
       0.0178993       0.0137843
    -0.000748828    -0.000825822
     -0.00193018     -0.00190351
    -0.000919638    -0.000845264
     -0.00120644      -0.0011939
     -0.00197495     -0.00198558
      0.00821525      0.00817809
      0.00108025     0.000917852
      0.00165582      0.00149339
    -0.000919047    -0.000839721
    -0.000326621    -0.000296958
     -0.00194512     -0.00190062
     -0.00214025     -0.00200906
    -0.000158376     -1.9996e-05
     -0.00172405     -0.00194263
    -0.000535732    -0.000447133
       0.0106846       0.0112066
     -0.00115843     -0.00115411
        0.009829       0.0075863
    -0.000468248    -0.000728876
     -0.00171814     -0.00170489
      0.00917763       0.0105287
    -0.000860472    -0.000802426
     -0.00257495     -0.00266838
      0.00210004      0.00213259
     0.000390332    -4.44078e-05
     -0.00118086    -0.000752631
      0.00381167      0.00252717
    -0.000185289     0.000747508
     -0.00165472     -0.00156041
     -0.00143966     -0.00139483
      0.00284777      0.00206254
     0.000748752     0.000711985
    -0.000982645    -0.000889761
    -0.000763789     -0.00115962
      0.00117012       0.0017604
      0.00253056      0.00106116
     0.000540939     0.000194731
    -0.000984146     -0.00103793
      -0.0014684     -0.00129808
      0.00238065      0.00386336
       0.0042835      0.00467307
     -0.00188268     -0.00176247
      0.00414969      0.00339384
     -0.00084113     -0.00108378
     -0.00162284     -0.00154668
     -0.00108619     -0.00124114
     -0.00214321     -0.00183313
     0.000534438     0.000578393
      0.00331185      0.00515342
    -0.000760785    -0.000795993
     -0.00174139     -0.00165228
     -0.00189765     -0.00169298
    -0.000676018     -0.00044976
     0.000814912     0.000411496
      0.00300527      0.00327218
      0.00159519     0.000703719
     -0.00107251     -0.00116624
     -0.00103399      -0.0010649
     -0.00225898     -0.00143162
    -0.000954068     -0.00107789
     -0.00119761     -0.00112924
     0.000196796     0.000162946
      -0.0009359    -0.000894695
     -0.00192182     -0.00209249
     -8.5208e-05    -0.000356961
     -0.00186799     -0.00167064
     0.000568769    -0.000609795
     -0.00118215     -0.00113675
     0.000686018        0.000493
     -0.00239662     -0.00228487
    -0.000158439     -0.00028425
     -0.00127913     -0.00123508
     -0.00102952    -0.000982162
      0.00159469         0.00115
      0.00166323      0.00159419
     -0.00160855     -0.00154096
     -0.00243394     -0.00227998
      0.00148477      0.00193913
     -0.00162492     -0.00166782
    -0.000552086     -0.00054724
    -0.000172462    -0.000109006
      0.00230321      0.00236123
      0.00856697      0.00595933
     -0.00107636     -0.00101653
     -0.00166732     -0.00169331
     -0.00135719     -0.00134368
    -0.000888687    -0.000895038
     -0.00216975     -0.00219588
     -0.00139782     -0.00142678
    -0.000534675      0.00145469
     -0.00131459     -0.00157916
    -0.000708953    -0.000721061
    -0.000597426     -0.00072299
     -0.00103467     -0.00106451
      0.00137907      0.00116706
      0.00132703     0.000876938
     -0.00081347     -0.00069963
     -0.00112171     -0.00163572
     -0.00138417     -0.00171813
       0.0025428      0.00229854
      0.00249004      0.00191878
     -0.00170261      -0.0016762
    -0.000331871     -0.00051002
     -0.00116152     -0.00113206
      0.00117412      0.00101992
     -0.00144156      -0.0013242
      -0.0012227     -0.00126521
      -0.0011491     -0.00109492
     -0.00143657     -0.00142922
     -0.00129101     -0.00120597
     -0.00147141     -0.00145662
     0.000135218     0.000283832
      0.00752909      0.00848686
     -0.00106335     -0.00104321
      0.00710978      0.00680727
     -0.00108572     -0.00144468
     -0.00110304     -0.00103362
        0.015995       0.0121584
    -0.000725333      0.00167324
      0.00186975      0.00238882
      0.00122529      0.00116541
    -0.000695249    -0.000685558
      -0.0020727     -0.00188328
     -0.00139312     -0.00139539
     -0.00184942     -0.00160359
     -0.00149757     -0.00136748
    -0.000744535    -0.000792533
      0.00690657      0.00781763
     -0.00222419     -0.00211222
    -0.000872413    -0.000836284
    -0.000951325     -0.00121821
     -0.00136784     -0.00131078
     -0.00112594     -0.00138425
     -0.00118905     -0.00114399
    -0.000742874    -0.000768102
     -0.00189896     -0.00187687
     -0.00168983     -0.00174779
     0.000978103      0.00018302
    -0.000237378    -0.000152321
     -0.00175373      -0.0019174
     -0.00122811     -0.00113465
     0.000632196     0.000404169
      0.00831439      0.00910297
     0.000788089     0.000802949
     0.000498279     0.000858953
      0.00759613      0.00707221
    -0.000598752    -0.000589891
      -0.0017217     -0.00166832
     -0.00166022      -0.0014106
     -0.00205798      -0.0018769
     -0.00163763     -0.00156809
     -0.00273067     -0.00249469
     -0.00135478     -0.00132404
     -0.00116923     -0.00134691
     -0.00222799      -0.0022645
    -0.000706912    -0.000795562
    -0.000974515     -0.00104102
    -0.000552223    -0.000957147
    -0.000428869     0.000529935
     -0.00108537     -0.00103491
       0.0128598       0.0127641
    -0.000158508    -0.000451641
     -0.00125621     -0.00115442
     0.000733076      0.00103853
     -0.00079597     -0.00092923
     -0.00197236     -0.00184683
     -0.00165733     -0.00156525
     -0.00238561     -0.00215559
       0.0031224      0.00430631
    -0.000724234    -0.000713857
     -0.00123311     -0.00109684
       -0.001239     -0.00143765
    -0.000513097    -1.78969e-06
      0.00379913      0.00262284
     -0.00035046    -0.000320782
     -0.00156362     -0.00144134
      0.00212225      0.00181643
    -0.000584477    -0.000520451
    -0.000355889    -0.000293119
     0.000304017     1.78042e-05
     -0.00195881     -0.00197054
       0.0079476      0.00684035
    -0.000648274    -0.000657444
      0.00367795      0.00574207
      0.00359015      0.00331264
    -0.000889068    -0.000958809
      -0.0027566     -0.00241898
     -0.00175186     -0.00183234
      0.00148087      0.00501398
      0.00314647      0.00653026
     0.000935548     0.000853075
    -0.000994012     -0.00135855
      0.00431948      0.00369717
     -0.00165469     -0.00161576
      0.00108099      0.00188172
     -0.00172309     -0.00174034
      0.00108773     0.000801169
    -0.000790443    -0.000660535
     -0.00218037     -0.00221121
     -0.00104336     -0.00118487
     -0.00148673     -0.00149931
      0.00378374      0.00444625
     -0.00029186    -0.000307733
     -0.00158414     -0.00156299
    -0.000967451    -0.000895301
      0.00567759      0.00716078
     0.000717026     0.000826266
     -0.00226149     -0.00200794
     0.000626645     0.000755847
       0.0102577      0.00957751
     -0.00109853     -0.00119936
     -0.00156197     -0.00192067
    -0.000694155    -0.000745078
      0.00766804      0.00872642
      0.00327748      0.00607496
     -0.00104748     -0.00107216
     -0.00110044     -0.00107165
     -0.00126915    -0.000877052
      -0.0010612     -0.00107646
    -0.000580115    -0.000546395
     0.000835917     0.000334583
    -0.000421687    -0.000345273
      0.00207878      0.00214272
     -0.00105165    -0.000956054
     -0.00215029     -0.00221217
      0.00314856      0.00419205
     0.000269971       0.0027991
      0.00523699       0.0047673
    -0.000171187     -0.00011079
     -0.00164308     -0.00154537
     -0.00115214     -0.00113434
    -0.000227694     3.59661e-05
     -0.00114667     -0.00109542
     -0.00122142     -0.00104051
     -0.00123687     -0.00116368
    -0.000376718    -0.000277337
     -0.00140818     -0.00136276
      0.00897595      0.00730643
     -0.00164622     -0.00149015
      0.00231061      0.00225495
     -9.5665e-05     -3.4845e-05
     -0.00140353     -0.00133147
       0.0107713      0.00801767
     -0.00217941     -0.00218127
     -0.00149594     -0.00110723
      0.00033707    -0.000496607
    -0.000971811     -0.00112127
     -0.00162131     -0.00168621
    -0.000905608    -0.000984675
      0.00316504      0.00276097
    -0.000651183    -0.000584456
    -0.000592834    -0.000620369
     -0.00143178      -0.0013586
     -0.00168906     -0.00187258
     -0.00128132     -0.00117721
     -0.00112681     -0.00113582
     -0.00139567     -0.00116421
    -0.000363071      -0.0004455
     -0.00205692      -0.0020314
      0.00600907       0.0087444
     -0.00207545     -0.00184342
     0.000738306      0.00115752
     -0.00077937    -0.000754962
     0.000993427       0.0019999
     -0.00269635     -0.00235775
      0.00368216      0.00340606
     -0.00101207    -0.000759251
    -0.000961473    -0.000964074
     -0.00150187     -0.00152677
      -0.0020291     -0.00198205
     -0.00148522      -0.0014082
     -0.00137742     -0.00131728
     -0.00136039     -0.00129916
     -0.00108804     -0.00119159
     0.000968217     0.000715719
      -0.0019907     -0.00194541
     -0.00222834     -0.00119314
     -0.00202777     -0.00205019
    -0.000840739    -0.000815667
      0.00138245      0.00117869
     -0.00110347    -0.000574733
    -0.000649405    -0.000786508
     -0.00117951     -0.00121337
     -0.00148204     -0.00128892
    -0.000732438     -0.00104147
     -0.00051251    -0.000438923
      0.00254228      0.00155401
     -0.00109117      -0.0011252
     -0.00116877     -0.00100351
     -0.00182545     -0.00187784
     -0.00114577     -0.00110194
      0.00162505      0.00351685
     -0.00140786     -0.00139233
    -0.000307969    -0.000241262
     -0.00202908     -0.00144306
      -0.0017589     -0.00163065
      0.00267357      0.00298571
    -0.000131742    -0.000120815
    -0.000131379       0.0014534
      0.00659797      0.00473645
     -0.00203839     -0.00140738
    -0.000605165    -0.000512757
    -0.000977503    -0.000975508
    -0.000777886    -0.000812955
       0.0133589       0.0107721
     -0.00109349    -0.000668245
     0.000138818    -4.96785e-05
     -0.00189982     -0.00185497
     -0.00106123    -0.000977467
    -0.000751233    -0.000316707
    -0.000850316    -0.000733092
      0.00593118      0.00551684
      0.00100322     0.000805658
      0.00195551      0.00153693
     -0.00036295    -0.000213394
      0.00133471      0.00143612
     -0.00197369     -0.00209521
    -0.000807789     -0.00078425
     0.000909827     0.000239867
    -0.000638967    -0.000606497
     -0.00247019     -0.00233639
     -0.00102978    -0.000971775
     0.000753765     0.000803162
    -0.000967079     -0.00113658
      0.00401457      0.00270981
     -0.00244675      -0.0024371
    -0.000707401    -0.000970356
     -0.00181379     -0.00182417
     -0.00170481     -0.00171374
      0.00823992      0.00754836
     -0.00138484     -0.00136614
     -0.00186632     -0.00177734
    -0.000944428    -0.000907882
     -0.00113106     -0.00110677
     0.000887906     0.000842409
    -0.000154849    -3.28837e-05
     -0.00144861     -0.00137369
    -0.000950705    -0.000985362
     -0.00157343      -0.0014828
     -0.00160818     -0.00159937
     -0.00159218     -0.00157087
    -0.000736802    -0.000594509
     0.000529443      0.00051252
    -0.000955109     -0.00094524
      0.00208273      0.00287526
    -0.000363645    -0.000331264
    -0.000932943    -0.000887625
      -0.0021677     -0.00222327
    -0.000499375    -0.000488427
     -0.00107704     -0.00109768
     -0.00131276     -0.00131387
    -0.000839955    -0.000810197
    -0.000529723    -0.000472841
      -0.0012907     -0.00131467
      0.00607687      0.00508049
      7.0477e-05    -0.000203558
     0.000101493     0.000114215
      0.00939619      0.00732175
    -0.000928531    -0.000960058
      3.2453e-05    -0.000258795
      -0.0022604     -0.00211279
    -0.000548679    -0.000246912
    -0.000560786    -0.000530467
      0.00327356      0.00375357
      0.00240199      0.00277989
     -0.00030897    -0.000219235
      0.00129647      0.00109907
      -0.0010296    -0.000855226
    -0.000988244    -0.000946442
     -0.00288838      -0.0019007
    -0.000695448    -0.000716595
      0.00044565     0.000578961
    -0.000366462    -0.000289747
     -0.00113754     2.98038e-05
     0.000996129      0.00117989
     -0.00177547     -0.00184396
     0.000180379     0.000100381
     -0.00264137     -0.00239199
     0.000666214     0.000443566
    -0.000780932    -0.000771124
    -0.000248663    -0.000268603
      0.00629376      0.00542495
      0.00488632      0.00461019
     -0.00276624      -0.0023137
       0.0013962      0.00155058
    -0.000912338       -0.001162
    -0.000894238    -0.000892193
     0.000313388     0.000894203
     -0.00339372     -0.00316005
    -0.000288762     -0.00050493
      0.00240636      0.00325649
      0.00368472      0.00440344
     -0.00104382     -0.00108373
      -0.0023283     -0.00207668
     -0.00113827    -0.000804687
     -0.00038068    -0.000283984
     0.000919321       0.0010164
      0.00124262      0.00235218
     -0.00245955     -0.00120434
     -0.00132751     -0.00125246
     0.000284232     0.000310728
     -0.00177208      -0.0017852
      0.00914786      0.00744805
     0.000204855     3.03952e-05
      0.00601136       0.0063175
      0.00391832      0.00376322
    -0.000567909     -0.00104385
     -0.00114624     -0.00113849
      0.00482994      0.00338764
     -0.00117025     -0.00110852
      0.00252071      0.00325578
    -0.000219887     -0.00015363
     -0.00120043     -0.00116083
     -0.00196203     -0.00185591
     -0.00103368    -0.000974134
     -0.00142472     -0.00143161
      0.00153497      0.00132633
     -0.00105455      -0.0010791
     0.000228003     0.000270849
      -0.0013043     -0.00114376
    -0.000729982    -0.000753468
     -0.00160651      -0.0017841
     0.000526396     0.000401745
    -0.000587498    -0.000939428
       0.0031674      0.00357994
      0.00531656      0.00414938
    -0.000959285    -0.000937954
    -0.000751424     -0.00072225
      0.00490393      0.00516746
      0.00393463       0.0076044
    -0.000521178    -0.000446638
      0.00115871     0.000800628
      0.00554126       0.0100593
    -0.000597482     -0.00038296
      0.00314443      0.00338797
     -0.00196239     -0.00179782
     -0.00089126    -0.000898562
      0.00801667      0.00621329
     -0.00131438     -0.00132036
     -0.00143365     -0.00166497
      0.00890523       0.0065757
     -0.00153517     -0.00148991
     -0.00171545      -0.0017509
     0.000614076     0.000535761
     -0.00120619      -0.0010772
      0.00223495      0.00285509
     -0.00175957     -0.00172089
    -0.000893951    -0.000879618
      -0.0008671    -0.000980734
      0.00989945      0.00872029
    -0.000518709    -0.000507607
     -0.00040892    -0.000579023
     -0.00161545     -0.00154525
     -0.00191705     -0.00192851
    -0.000416693     0.000492583
        0.010419       0.0109667
     -0.00148223     -0.00146652
     -0.00131447     -0.00119609
      0.00300993      0.00301924
     -0.00134615     -0.00126659
     -0.00113575     -0.00133055
      0.00227557      0.00167436
     -0.00193863     -0.00191891
      -0.0015071     -0.00139936
    -0.000818748    -0.000841148
     0.000303415     0.000173632
     -0.00109988     -0.00100404
     -0.00129977     -0.00131817
       0.0175113        0.018114
      0.00214934      0.00219684
     -0.00183955     -0.00188928
