QM Energy	FF Energy
    -0.000519025    -0.000695138
      6.3128e-05     8.62803e-05
       0.0049983       0.0048609
      0.00350109      0.00347061
      0.00103475     0.000736402
       0.0014301      0.00108092
    -0.000794588    -0.000748299
      0.00165745      0.00177799
     0.000729528     0.000684774
      0.00071006     0.000484401
    -0.000760887    -0.000741871
      0.00117574      0.00109649
      0.00190059      0.00188578
      0.00203515      0.00170273
    -0.000466753    -0.000593034
    -0.000329246    -0.000308968
    -0.000627785    -0.000669028
       0.0020151      0.00193666
      0.00102367     0.000642852
    -0.000692029    -0.000823469
    -0.000601308      -0.0006384
    -0.000716879    -0.000821979
    -0.000625245    -0.000654992
    -0.000518573    -0.000576148
      0.00446056      0.00439954
    -0.000711354    -0.000713383
     0.000600563     0.000697165
    -0.000425379    -0.000415696
      0.00303893      0.00297503
    -0.000560605    -0.000577735
      0.00100142      0.00133727
      0.00698998      0.00548097
    -0.000138978    -0.000378918
       0.0060302      0.00579973
     0.000665324     0.000592514
    -0.000601156    -0.000608561
    -0.000291687    -0.000248761
    -0.000563493    -0.000584772
     -8.2901e-05    -0.000141031
      -0.0005608    -0.000586666
    -0.000394283     -0.00037814
    -0.000541807    -0.000553502
    -0.000520274    -0.000526251
    -0.000614548    -0.000634767
    -0.000580421    -0.000626883
    -0.000624137    -0.000649107
    -0.000628101     -0.00068125
     0.000718287     0.000931701
      0.00728627      0.00660274
     0.000523487     0.000108621
      0.00497923      0.00455883
     0.000989409      0.00110225
      0.00162774      0.00106197
     0.000542496     0.000292901
    -0.000585674     -0.00062366
      0.00231606      0.00187225
      5.5862e-05     0.000142699
    -0.000489967    -0.000558165
    -0.000733267    -0.000779012
    -0.000524293     -0.00053128
    -0.000570363    -0.000601714
    -0.000660352    -0.000671279
      6.3733e-05    -6.38857e-05
      0.00113482      0.00132714
     0.000981026     0.000671169
      0.00513192      0.00480498
      9.8612e-05     3.55999e-05
    -0.000659407    -0.000708736
    -0.000647008    -0.000707425
    -0.000558102    -0.000603936
    -0.000452427    -0.000504442
       0.0082123      0.00773136
      0.00438899      0.00446066
     -0.00056745    -0.000613896
     -0.00066458    -0.000738348
    -0.000590512    -0.000582061
      0.00148361      0.00139749
     0.000275825     0.000426623
      0.00821564      0.00775745
    -0.000616987    -0.000660744
    -0.000334529    -0.000494132
    -0.000534326    -0.000537087
    -0.000556539    -0.000570555
    -0.000576294    -0.000673841
     -0.00033406    -0.000411676
      0.00160695      0.00163574
     0.000722636     0.000963232
      0.00892766      0.00907869
     -2.2584e-05    -0.000135846
    -0.000560345    -0.000591184
     -0.00033889    -0.000510218
    -0.000573546    -0.000594039
    -0.000668263    -0.000730883
    -0.000562575    -0.000599849
    -0.000665305    -0.000701949
    -0.000365401    -0.000415089
    -0.000696396    -0.000736127
    -0.000557727    -0.000580704
    -0.000619817    -0.000672074
    -0.000478616     -0.00052034
    -0.000351255    -0.000310661
    -0.000524976    -0.000527387
    -0.000689927    -0.000730814
     0.000448589     9.65651e-05
      0.00263642      0.00220662
    -0.000284134    -0.000327275
      0.00699736      0.00662645
    -0.000518173    -0.000557975
    -0.000510532    -0.000526774
    -0.000569399     -0.00067902
       0.0162656       0.0147087
      0.00418666      0.00374992
    -0.000408527    -0.000411345
      8.5945e-05    -2.94262e-05
    -0.000234958    -0.000488791
      0.00300513       0.0035136
    -0.000716994    -0.000790024
    -0.000352798     -0.00033743
     0.000327069     0.000189687
      0.00558933      0.00530521
       0.0035367      0.00310693
    -0.000213741    -0.000279843
    -0.000575198    -0.000607698
    -0.000657913     -0.00086787
      0.00202192      0.00152189
      0.00187186      0.00143542
     -0.00026685    -0.000405343
     -0.00062177    -0.000644985
    -0.000564128    -0.000607725
    -0.000396457    -0.000465768
     0.000491297     0.000644813
    -0.000472891    -0.000493068
      0.00473358      0.00472712
    -0.000539904    -0.000576418
      0.00793059      0.00818259
     0.000343011      9.5688e-05
      0.00266438      0.00262213
     -0.00019976    -0.000236905
     0.000445374     0.000628803
      0.00817697      0.00796645
      0.00176702      0.00169662
    -0.000417213    -0.000403116
      0.00172751      0.00230536
      0.00194824      0.00184737
    -0.000604432    -0.000655615
    -0.000790927    -0.000785203
      0.00139694      0.00128376
       0.0117044       0.0106276
    -0.000560574    -0.000600424
     0.000170795     6.17766e-05
     -0.00040204    -0.000405737
    -0.000461191    -0.000465865
      0.00943448      0.00939808
      0.00145954      0.00113938
     -0.00056862    -0.000579139
      0.00118695      0.00085125
    -0.000491436    -0.000613492
     -0.00057269    -0.000630967
    -0.000838393    -0.000767347
    -0.000455768    -0.000588975
      -0.0004149    -0.000417048
      0.00117865      0.00121403
      6.5597e-05    -0.000126395
      0.00199802      0.00198437
    -0.000673203    -0.000725961
    -0.000458427    -0.000463844
     -0.00067065    -0.000710004
    -0.000521685    -0.000534911
       0.0126107       0.0126284
    -0.000497466    -0.000510824
      0.00608034      0.00550213
    -0.000487936    -0.000546925
    -0.000360785    -0.000356623
       0.0078739      0.00791083
    -0.000440809    -0.000453524
      0.00882621      0.00809698
      0.00992651      0.00936964
     0.000314899     8.75058e-05
    -0.000640011     -0.00068422
       0.0012376      0.00125588
     0.000212336     0.000203141
      0.00697003      0.00625064
    -0.000596923    -0.000630842
    -0.000604057     -0.00062833
    -0.000445142    -0.000437115
    -0.000659557    -0.000656884
    -0.000561722      -0.0005728
      0.00720915      0.00712548
      0.00564427      0.00590999
    -0.000510806    -0.000572396
    -0.000536156     -0.00056306
    -0.000671884    -0.000750071
    -0.000739327    -0.000825226
      0.00169017      0.00143231
    -0.000533828    -0.000579596
    -0.000494923     -0.00064189
      0.00460023      0.00454916
    -0.000370096    -0.000355401
    -0.000224408    -0.000172275
     -0.00055316    -0.000586772
       0.0173004       0.0152917
      0.00329423      0.00285704
      0.00756998      0.00677431
       7.953e-05      2.0253e-05
     -0.00061027    -0.000722143
     0.000478279     -7.8334e-05
      0.00270522      0.00234006
    -0.000488618    -0.000493983
    -0.000637388    -0.000659987
      0.00973532      0.00871043
       0.0174554       0.0181891
    -0.000645233    -0.000676845
      0.00329581      0.00323171
    -0.000364967    -0.000453318
     0.000380335     0.000306711
    -0.000587833    -0.000672353
    -0.000789945    -0.000722962
      2.7413e-05    -7.09402e-05
      0.00771073      0.00734983
    -0.000498418    -0.000509936
    -0.000518468    -0.000541685
    -0.000521098    -0.000560306
    -0.000487543    -0.000478973
    -0.000116997    -0.000296586
    -0.000509546    -0.000488546
    -0.000527923    -0.000547201
    -0.000465785     -0.00064285
    -0.000482802    -0.000497025
      0.00326498      0.00373901
    -0.000543689    -0.000578392
    -0.000505444    -0.000522446
    -0.000366602    -0.000369571
        0.001725      0.00161922
    -0.000612826    -0.000669091
    -0.000520392    -0.000633794
    -0.000483886    -0.000632968
      0.00578038      0.00517614
      -0.0004609    -0.000447132
    -0.000330838    -0.000312224
      0.00101982     0.000840603
    -0.000499031    -0.000514938
      0.00172288        0.001374
     -0.00041432    -0.000569237
     -0.00047531    -0.000479066
    -0.000562999    -0.000594518
    -0.000567984    -0.000570896
    -0.000454769     -0.00046378
    -0.000623246    -0.000642364
    -0.000643244    -0.000642877
       0.0027403      0.00333532
    -0.000647777    -0.000655796
      0.00858134      0.00911218
    -0.000390365    -0.000433262
    -0.000586148    -0.000621759
    -0.000516915    -0.000540171
      0.00121758      0.00163014
    -0.000535232    -0.000542281
    -0.000518259    -0.000523709
       0.0048265      0.00467885
      0.00023959     5.92077e-05
    -0.000575336    -0.000628979
     -6.3277e-05      1.9887e-05
    -0.000428571    -0.000489374
     0.000690283     0.000793518
    -0.000550328    -0.000560989
    -0.000374235    -0.000411513
    -0.000624298    -0.000634504
      0.00209531      0.00178679
    -0.000630721    -0.000678491
    -0.000398277    -0.000396252
     0.000378999     0.000130621
      0.00179373       0.0015544
    -0.000375022    -0.000385637
    -0.000526153    -0.000501126
      0.00104476     0.000940833
       0.0111494       0.0104251
      0.00236454       0.0018861
      0.00497419      0.00521055
     -8.7187e-05     -0.00027153
       0.0049139      0.00555348
      0.00361553       0.0036071
      0.00375427      0.00347273
    -0.000709299     -0.00074796
     0.000693263     0.000580924
      0.00262358      0.00258874
      0.00308912      0.00307291
    -0.000355698    -0.000339357
      0.00854404      0.00830144
     -0.00047657    -0.000478654
    -0.000536677     -0.00054937
    -0.000546437    -0.000580716
       0.0141943       0.0139587
    -0.000410343    -0.000414197
    -0.000419853    -0.000409829
    -0.000721545    -0.000814439
      0.00536538      0.00532964
      4.8695e-05    -1.17638e-05
    -0.000635724    -0.000698483
    -0.000680889    -0.000746977
    -0.000579279    -0.000608492
    -0.000510681    -0.000518118
      0.00439406       0.0043779
    -0.000756734    -0.000788284
    -0.000500133     -0.00051067
    -0.000615342    -0.000666122
    -0.000554811    -0.000567942
    -0.000502721    -0.000519718
    -0.000703895    -0.000761299
      0.00284143      0.00294398
    -0.000467638    -0.000477397
     0.000884767     0.000646276
      0.00203244      0.00182528
    -0.000754411    -0.000816709
    -0.000662304    -0.000742299
    -0.000501862    -0.000521971
      0.00383562      0.00366403
     0.000319626     9.14147e-05
    -0.000420606    -0.000470565
       0.0112224       0.0107885
    -0.000489554    -0.000483002
     0.000615521     0.000413042
    -0.000344106    -0.000575673
     0.000433726     0.000374518
     0.000877607     0.000636428
    -0.000500601    -0.000515777
      0.00133495     0.000896643
      0.00168055      0.00172721
    -0.000554168    -0.000570618
    -0.000501897    -0.000509879
      0.00164636      0.00142164
    -0.000569097    -0.000569159
    -0.000758306    -0.000821724
    -0.000442291    -0.000435492
    -0.000632744    -0.000695935
    -0.000350022    -0.000318873
    -0.000528733    -0.000550597
    -0.000690236    -0.000819649
      0.00543109      0.00560069
    -0.000476678    -0.000656214
    -0.000104882    -0.000180218
     0.000677265     0.000474261
    -0.000729105    -0.000764392
       0.0112674       0.0102211
      -0.0004008    -0.000382865
    -0.000411597    -0.000407014
    -0.000500313     -0.00052528
    -0.000409186    -0.000403588
    -0.000347545    -0.000320699
     -4.4613e-05    -0.000207902
    -0.000433246    -0.000485742
    -0.000544641    -0.000573463
    -0.000460869    -0.000523619
    -0.000343704    -0.000317977
    -0.000437684    -0.000474799
    -0.000572356     -0.00055691
    -0.000508183    -0.000575328
     0.000630095     0.000686322
    -0.000706702    -0.000804178
    -0.000538362    -0.000557393
      0.00236832      0.00231976
      0.00146563      0.00129275
     -0.00038068    -0.000572765
      0.00334511      0.00361683
      0.00180119      0.00153037
      0.00281066      0.00261683
    -0.000506816    -0.000529374
     -0.00043734    -0.000432283
       0.0113456       0.0113084
      0.00191956      0.00157506
     0.000604971     0.000637121
        -0.00059    -0.000620804
    -0.000506182    -0.000523039
      2.9519e-05    -7.04243e-05
    -0.000518604    -0.000615676
    -0.000547729     -0.00059951
      0.00761736      0.00725472
     -0.00051648    -0.000546938
    -0.000536018    -0.000557132
    -0.000725543    -0.000853418
     -0.00055381    -0.000569614
    -0.000574948    -0.000614472
     -6.1872e-05    -6.14489e-05
    -0.000613141    -0.000623135
      0.00257963      0.00232547
     -0.00044878    -0.000528544
    -0.000711419    -0.000721847
      0.00258066      0.00231379
    -0.000763225    -0.000829302
      0.00326297      0.00333453
     -0.00066381    -0.000726076
    -0.000608199    -0.000677676
    -0.000517559    -0.000528064
      -0.0005417    -0.000576824
      0.00710502      0.00699972
    -0.000617367    -0.000615137
      0.00128555      0.00152462
       0.0056982      0.00553709
    -0.000510394    -0.000561312
    -0.000441438    -0.000463281
      0.00492127      0.00480012
      0.00163334      0.00110104
     0.000832511     0.000871866
    -0.000354477    -0.000336648
    -0.000398786    -0.000582656
    -0.000788203    -0.000777014
    -0.000436388    -0.000468058
    -0.000641292    -0.000731334
     0.000773689     0.000821179
    -0.000178818    -0.000406612
    -0.000608493    -0.000709997
    -0.000161529    -0.000238581
     0.000974925      0.00103051
    -0.000495233     -0.00050417
      0.00552381      0.00510585
    -0.000493016    -0.000657176
     0.000334133     0.000207394
    -0.000450987    -0.000454478
    -0.000493797    -0.000539499
    -0.000541456    -0.000557275
        0.013158       0.0116888
    -0.000433038    -0.000433957
    -0.000373899    -0.000482409
      0.00705297      0.00701135
       0.0131638       0.0137597
      0.00191885      0.00250092
     0.000311292     0.000323031
     0.000671705     0.000417065
     0.000829913     0.000662982
    -0.000583451    -0.000611546
     0.000787995     0.000742316
    -0.000732237    -0.000780125
       0.0029467      0.00256845
       0.0150646       0.0140871
    -0.000682006    -0.000649651
    -0.000581751    -0.000602542
    -0.000637367    -0.000694851
    -0.000261959    -0.000258254
     -5.2772e-05    -0.000403903
      0.00194527      0.00146454
      0.00431622      0.00404093
    -0.000331078    -0.000303461
    -0.000672963    -0.000695338
    -0.000512336    -0.000522411
    -0.000691438    -0.000729483
    -0.000648713    -0.000770624
    -0.000554775    -0.000700668
      0.00123402      0.00126233
    -0.000670105    -0.000701271
    -0.000401728    -0.000394909
      0.00159166      0.00139973
     0.000158389     -0.00015699
     -0.00022873    -0.000318603
     0.000309601     0.000178474
    -0.000549041    -0.000598329
     -0.00074364    -0.000789131
    -0.000792232     -0.00080317
    -0.000660869    -0.000656695
    -0.000558579    -0.000675899
      -7.085e-05    -0.000177614
      0.00117507     0.000890541
      0.00972635      0.00886493
    -0.000606362    -0.000663811
      0.00662495      0.00620504
      0.00333304      0.00349548
    -0.000537496    -0.000574809
      0.00102712      0.00110338
      0.00339611      0.00348218
      0.00332343      0.00309338
    -0.000529156    -0.000505492
    -0.000413584    -0.000535163
     0.000542123     0.000372107
    -0.000484486    -0.000490321
    -0.000710336    -0.000718555
      0.00742157      0.00671442
      0.00294306      0.00283245
    -0.000676497    -0.000762357
     -0.00050153    -0.000502538
      0.00426186      0.00383447
    -0.000480771    -0.000483352
     -0.00039584    -0.000376793
      0.00713424      0.00745917
    -0.000439225     -0.00053552
     0.000793728      0.00083882
      0.00438645      0.00424623
      0.00602535      0.00565366
       0.0108271      0.00989474
    -0.000245833     -0.00031155
    -0.000316843     -0.00037508
     -0.00059172    -0.000609948
     0.000705162     0.000784428
    -0.000117541    -0.000190388
    -0.000461979    -0.000491083
    -0.000618491    -0.000660224
      0.00160466      0.00127859
    -0.000387759    -0.000387534
      7.6609e-05     0.000188061
      0.00231552      0.00172165
    -0.000459191    -0.000403315
    -0.000546279    -0.000552296
    -0.000139507    -0.000239514
    -0.000671102     -0.00069506
    -0.000237277    -0.000449721
    -0.000418994     -0.00043936
    -0.000846183    -0.000770699
    -0.000245839    -0.000289315
    -0.000659707    -0.000735596
    -0.000478299      -0.0004864
    -0.000583534    -0.000587143
       0.0167925       0.0164851
    -0.000580094    -0.000604965
     0.000336092      5.8829e-05
    -0.000657858    -0.000689931
     -2.8267e-05    -0.000320463
      0.00137854      0.00129735
     -0.00043922    -0.000645892
    -0.000777289    -0.000771882
    -0.000483545    -0.000485053
    -0.000574498    -0.000583889
      0.00419283      0.00356069
      0.00389347      0.00395689
       0.0129484       0.0118682
    -0.000531931    -0.000558689
    -0.000741687    -0.000839932
      0.00987445      0.00960969
    -0.000755067    -0.000773636
    -0.000204365     -0.00035597
       0.0035232      0.00331973
    -0.000664356    -0.000648734
      0.00646633      0.00528012
    -0.000385634    -0.000421799
    -0.000336211    -0.000301291
     0.000177788     0.000252154
    -0.000525455    -0.000553898
    -0.000397889    -0.000382843
      0.00307271      0.00356937
      0.00955412      0.00891854
    -0.000559274    -0.000685238
       0.0055709      0.00591707
    -0.000544984    -0.000596952
      0.00256771      0.00243225
       0.0039638       0.0036139
    -0.000625931     -0.00066109
    -0.000478295    -0.000531531
        0.007421      0.00825553
    -0.000627404    -0.000643698
    -0.000256991    -0.000350999
     -0.00048045    -0.000485596
      0.00426995      0.00433605
    -0.000590572    -0.000612882
       0.0064411      0.00573073
    -0.000487301    -0.000547031
     -6.7218e-05    -0.000109694
    -0.000579456    -0.000615977
    -0.000510083    -0.000518877
    -0.000462979    -0.000461761
      0.00190219      0.00166943
      0.00505192      0.00484914
    -0.000546573    -0.000639246
     0.000945648     0.000535135
    -0.000465667    -0.000478583
    -0.000697215    -0.000768548
    -0.000559006    -0.000607055
      0.00360621      0.00306846
    -0.000607049    -0.000629514
      -0.0006405    -0.000741341
      0.00182048      0.00158973
      0.00152371      0.00172362
    -0.000684045    -0.000718017
      0.00149021      0.00107037
    -0.000472037    -0.000483116
     -2.3233e-05     -0.00015644
    -0.000504992    -0.000545041
     0.000219662     0.000237893
    -0.000219858     -0.00028004
    -0.000455051    -0.000451915
    -0.000604073    -0.000661452
    -0.000614771    -0.000722031
     0.000377303     0.000297247
    -0.000536612    -0.000565046
     -0.00024945     -0.00032798
    -0.000675965    -0.000725054
      0.00623246      0.00606801
    -0.000635798    -0.000802661
    -0.000748349    -0.000739279
    -0.000491318    -0.000473165
    -0.000499107    -0.000630789
    -0.000659404    -0.000699481
    -0.000450927    -0.000641237
    -0.000512554    -0.000612652
     0.000572991     5.17332e-05
    -0.000712013    -0.000889316
        0.011378       0.0107896
    -0.000477196    -0.000480246
     -0.00056575     -0.00056289
     -6.8148e-05    -0.000176711
     -2.8971e-05     9.08525e-05
    -0.000246121    -0.000311758
       0.0122902       0.0117431
     -0.00060185    -0.000707788
      0.00238311      0.00256172
      0.00220907      0.00190055
    -0.000160652    -9.66663e-05
    -0.000688063    -0.000753259
      0.00133229      0.00173756
    -0.000546617    -0.000588774
    -0.000423494    -0.000416882
      0.00096634      0.00117526
    -0.000635479    -0.000630214
    -0.000818831    -0.000761147
      0.00138535      0.00185402
       0.0162728       0.0148363
     -0.00026904    -0.000218343
    -0.000607928    -0.000660115
    -0.000556907    -0.000600253
       0.0076086      0.00713152
      0.00240972      0.00259433
    -0.000530685    -0.000677628
    -0.000531199    -0.000548904
    -0.000390619    -0.000380746
      0.00207818      0.00202586
    -0.000615979    -0.000660715
    -0.000668831    -0.000743809
     0.000786162     0.000631344
    -0.000154063    -0.000339376
    -0.000619477    -0.000668221
      0.00589186      0.00532736
    -0.000577251    -0.000633287
    -0.000387822    -0.000648176
    -0.000531781    -0.000559955
    -0.000408741    -0.000405067
    -0.000449828    -0.000454977
     0.000983137      0.00108111
    -0.000531061    -0.000557234
      0.00463002      0.00443071
    -0.000513421    -0.000538455
    -0.000582382    -0.000641817
    -0.000531233    -0.000536383
     0.000557124     0.000204739
      2.7834e-05     5.76768e-05
      4.7863e-05     9.60529e-05
      0.00224079      0.00237751
      0.00117329     0.000941178
    -0.000595059    -0.000646061
    -0.000341064     -0.00035184
     0.000113598    -0.000123377
    -0.000470674    -0.000479285
      0.00035003     0.000261631
      0.00453257      0.00469698
       0.0110091        0.010209
    -0.000652514    -0.000739048
       0.0104821      0.00915585
    -0.000636841    -0.000716951
    -0.000845083    -0.000795312
    -0.000504619    -0.000528555
    -0.000309199    -0.000498627
     0.000959125     0.000684556
    -0.000581814    -0.000626064
    -0.000295483     -0.00040195
     0.000965875       0.0011033
       0.0137973       0.0141411
    -0.000360544    -0.000557448
    -0.000467181    -0.000477868
     -0.00063859    -0.000648143
        0.014953       0.0142884
    -0.000753457    -0.000725657
      0.00187041      0.00187944
      0.00506645      0.00527097
     0.000644978     0.000592287
    -0.000607164    -0.000633261
    -0.000555577    -0.000596456
    -0.000637855    -0.000707638
       0.0090533      0.00805265
    -0.000623096    -0.000648167
    -0.000490392    -0.000478746
    -0.000637033    -0.000717071
    -0.000675289    -0.000732319
     -8.3936e-05    -5.74639e-06
      0.00038598     0.000263206
    -0.000639716    -0.000702269
     0.000513111     0.000444566
    -0.000485514    -0.000495229
    -0.000433384    -0.000427846
    -0.000149102    -0.000501652
     0.000769435     0.000931824
      0.00371323      0.00344457
       0.0016902      0.00153325
    -0.000510645    -0.000633679
    -0.000636249    -0.000695511
      0.00590602      0.00561866
    -0.000666287    -0.000694796
      0.00898717      0.00869489
    -0.000633771    -0.000572574
    -0.000373646    -0.000466729
      0.00441564      0.00425586
    -0.000181141    -0.000440156
    -0.000557422    -0.000583035
      0.00615388      0.00492029
    -0.000520574    -0.000531828
     0.000489725     0.000252192
     -0.00037146     -0.00035905
    -0.000586219    -0.000594376
      0.00508945       0.0054408
    -0.000604896     -0.00071309
    -0.000595716    -0.000644218
    -0.000573758    -0.000601133
    -0.000473035    -0.000486048
    -0.000664331    -0.000716653
    -0.000531693    -0.000540095
    -0.000491257    -0.000507388
    -0.000499286    -0.000660139
    -0.000476289    -0.000657958
      0.00396773      0.00310781
    -0.000517495    -0.000530014
      0.00285072       0.0025836
     -0.00073665    -0.000821377
      0.00171922      0.00152075
      0.00518061       0.0052201
    -0.000690503    -0.000731004
    -0.000346432    -0.000543257
      0.00679208      0.00647544
    -0.000531168    -0.000546797
    -0.000639583    -0.000677675
    -0.000550495    -0.000577228
      0.00336105      0.00302601
    -0.000432078    -0.000522495
    -0.000215359    -0.000224776
      0.00232641      0.00241685
      0.00109639      0.00103924
       0.0102068      0.00940457
    -0.000619169    -0.000673086
      0.00655598      0.00658262
    -0.000512015     -0.00057204
      0.00309628      0.00293213
    -0.000523879    -0.000555225
    -0.000528611     -0.00053586
    -0.000551074    -0.000561605
    -0.000562336    -0.000661168
    -0.000452737    -0.000454546
      0.00835967      0.00840086
      0.00737091      0.00784884
    -0.000413572    -0.000588126
    -0.000378659    -0.000383523
      0.00219151      0.00217737
      0.00549812      0.00548539
    -0.000697165    -0.000756676
    -0.000728306    -0.000764845
    -0.000542658    -0.000547234
    -0.000473565    -0.000486967
    -0.000305565    -0.000405779
    -0.000476693    -0.000481853
      0.00380616      0.00335578
    -0.000537912    -0.000552487
     -2.6575e-05    -1.35066e-05
    -0.000639541    -0.000688169
    -0.000736964    -0.000802686
      0.00384302      0.00327773
    -0.000522942    -0.000537886
     0.000750246      0.00069002
     0.000142218     3.37526e-05
      0.00393876      0.00329909
       0.0119859       0.0106107
    -0.000594242     -0.00061405
      0.00038644     0.000269926
       0.0107666      0.00973113
    -0.000555684    -0.000561373
     -0.00050488    -0.000538433
     -0.00061362    -0.000670791
    -0.000657446    -0.000812191
    -0.000755527    -0.000803404
    -0.000333298    -0.000424594
     -0.00042188    -0.000412799
       0.0075141      0.00652018
     -0.00065684    -0.000693826
      0.00345084       0.0035395
      0.00105258     0.000911553
      0.00526625      0.00557679
       0.0269407       0.0257296
     0.000332747      0.00035951
    -0.000268098     -0.00048826
    -0.000577875    -0.000616896
    -0.000584594    -0.000629236
      0.00539077       0.0047726
    -0.000400391    -0.000623199
      0.00336783      0.00302106
    -0.000624538    -0.000656253
      -0.0005806     -0.00061719
    -0.000716965    -0.000773176
    -0.000241928    -0.000301001
    -0.000583902    -0.000649217
       0.0141502       0.0136321
      0.00663003      0.00646149
    -0.000805261     -0.00076314
    -0.000442402     -0.00046292
     -9.6985e-05    -0.000413133
      0.00360713      0.00400671
      0.00326863      0.00244153
     -0.00058511    -0.000606252
    -0.000578929    -0.000617677
    -0.000542717    -0.000592947
    -0.000702148    -0.000807491
    -0.000473543    -0.000486411
    -0.000530958    -0.000528511
       0.0141308       0.0136067
      0.00584421      0.00562385
        0.002296      0.00166858
    -0.000691086    -0.000758499
       0.0215192       0.0209004
    -0.000528284      -0.0005525
    -0.000403521    -0.000603343
    -0.000559962    -0.000582694
        0.001239     0.000941697
       0.0180702       0.0173688
    -0.000277076    -0.000403174
    -0.000577019    -0.000597667
     0.000221954     -0.00012776
    -0.000700899     -0.00077155
    -0.000583228    -0.000681498
    -0.000517926    -0.000527454
     0.000136449    -4.67253e-05
    -0.000609359    -0.000666226
      0.00341996      0.00318449
    -0.000640817    -0.000828977
       0.0102857       0.0102728
    -0.000682619    -0.000736591
    -0.000407241    -0.000403536
    -0.000320465    -0.000484219
     -0.00013713    -0.000358708
    -0.000525891    -0.000555518
    -0.000405767    -0.000398394
    -0.000568394    -0.000616695
    -0.000492344    -0.000618245
     -0.00034464    -0.000328384
     0.000407439     0.000529952
      0.00430098      0.00338934
     0.000973306      0.00112895
    -0.000635191     -0.00066644
     0.000626465     0.000360363
      0.00361395      0.00288109
    -0.000536162    -0.000535062
    -0.000299538    -0.000390543
    -0.000512079    -0.000525285
      0.00485543      0.00544358
    -0.000635422    -0.000694284
    -0.000176949    -0.000379607
      0.00239492      0.00182289
      0.00323953      0.00346428
      0.00147802      0.00159908
    -0.000349705    -0.000324005
      0.00195239      0.00168689
    -0.000579822    -0.000622939
    -0.000777508    -0.000771401
    -0.000638261    -0.000710828
       0.0073443      0.00720602
    -0.000747114    -0.000773425
    -0.000447084    -0.000631359
      0.00531212      0.00476773
     0.000516408     0.000505023
    -0.000598112    -0.000623121
      0.00694979      0.00708048
    -0.000530071    -0.000538172
      0.00309632      0.00301985
     0.000812211      0.00100718
       0.0111456      0.00983838
      0.00168336       0.0015272
      0.00150435      0.00140666
    -0.000648591    -0.000711354
    -0.000614559    -0.000621943
    -0.000307513    -0.000407108
       0.0148742       0.0147916
    -0.000420393    -0.000412152
      0.00920037      0.00831621
     -8.8369e-05    -0.000125047
    -0.000512157    -0.000522374
     0.000446443     0.000328997
     0.000925333     0.000682177
    -0.000650046    -0.000796653
      0.00532416       0.0046833
    -0.000503082    -0.000645166
    -0.000186252     -0.00013265
    -0.000598389    -0.000693083
      0.00804373      0.00812646
    -0.000519385    -0.000602083
    -0.000501174    -0.000606447
    -0.000685393    -0.000699608
    -0.000576676    -0.000646707
      0.00568816      0.00492876
        0.013615       0.0129934
     0.000401885     0.000144438
      0.00332921      0.00421414
    -0.000408677    -0.000431723
    -0.000634854    -0.000729847
      0.00295292      0.00258114
    -0.000512323    -0.000571924
     -0.00055659    -0.000590944
       0.0013105     0.000958156
    -0.000688961    -0.000726397
       0.0132333       0.0123286
    -0.000514617    -0.000529767
     -0.00060467    -0.000646363
    -0.000526941    -0.000632596
    -0.000497187    -0.000507765
     0.000496252     0.000175139
      0.00671228      0.00611891
    -0.000602539    -0.000645261
    -0.000632705    -0.000687315
     0.000325522     0.000156348
    -0.000359447    -0.000389225
    -0.000443373    -0.000436236
      0.00191611        0.001428
      0.00162491      0.00132441
    -0.000730749    -0.000741434
     -0.00054973    -0.000581933
    -0.000441756    -0.000501125
       0.0105537      0.00919583
    -0.000648989    -0.000656639
    -0.000711182    -0.000737507
    -0.000595078    -0.000625005
      0.00553767      0.00564541
    -0.000635922    -0.000691443
    -0.000437094    -0.000467168
    -0.000597188    -0.000635649
    -0.000541461    -0.000563611
    -0.000454902      -0.0004559
      0.00159842      0.00109565
      0.00977187      0.00897781
    -0.000244939    -0.000440751
       0.0115344       0.0110424
    -0.000331233    -0.000295815
    -0.000732755    -0.000812207
      0.00793313      0.00709175
     -0.00043482    -0.000533766
    -0.000626873    -0.000696194
    -0.000448012    -0.000497605
    -0.000559643    -0.000674949
      0.00736716      0.00708788
      0.00161037      0.00141888
    -0.000849183    -0.000767679
    -0.000524293    -0.000546502
    -0.000637504     -0.00068574
    -0.000737406    -0.000763352
    -0.000424139    -0.000414799
     -0.00056703    -0.000655927
    -0.000665591    -0.000735169
       0.0107127       0.0102045
    -0.000633987    -0.000694508
     0.000594182     0.000543777
    -0.000525646    -0.000527163
      0.00405457      0.00420293
    -0.000558468    -0.000589372
    -0.000503911    -0.000517162
    -0.000594265    -0.000621337
    -0.000712079    -0.000867367
    -0.000414797    -0.000583372
    -0.000455022    -0.000481205
      0.00494116       0.0048346
    -0.000587915    -0.000622103
      0.00448927      0.00432574
      0.00619479      0.00633024
     0.000102505    -6.40278e-05
      0.00462191      0.00424269
       0.0104205       0.0106324
    -0.000468751    -0.000488146
    -0.000327768    -0.000292505
      0.00673963      0.00725784
      0.00615487      0.00519975
      0.00453385      0.00457978
     0.000750813     0.000694963
      0.00154734      0.00141731
      0.00342813      0.00358177
    -0.000579555    -0.000586865
    -0.000451625    -0.000586058
    -0.000746752    -0.000735825
    -0.000473528    -0.000512762
      0.00345923      0.00301994
    -0.000573332    -0.000600042
    -0.000545794    -0.000574581
    -0.000670026    -0.000727229
      0.00272374      0.00230541
    -0.000438202    -0.000432586
      0.00986401      0.00935128
      4.9035e-05     0.000126794
       0.0100958       0.0101744
     0.000670207     0.000689505
    -0.000559028    -0.000705885
      0.00102704      0.00084567
      0.00294149      0.00357493
    -0.000399667    -0.000391557
      0.00549563      0.00530919
     0.000187961      0.00016821
    -0.000630634    -0.000704922
      0.00333769      0.00351887
    -0.000432946    -0.000589692
