QM Energy	FF Energy
    -0.000784729    -0.000877938
    -0.000906428    -0.000941026
     -0.00574304     -0.00608036
     -0.00466608     -0.00512473
     -0.00171622     -0.00176666
     -0.00216202     -0.00230318
    -0.000181607    -0.000214974
     -0.00233451     -0.00238621
     -0.00165293     -0.00174993
     -0.00189526     -0.00185332
    -0.000143945    -0.000185398
     -0.00219243     -0.00211505
     -0.00280034     -0.00305222
     -0.00316346     -0.00312409
    -0.000708054    -0.000677718
    -0.000301967    -0.000347895
    -0.000179514    -0.000200857
     -0.00321819     -0.00354557
     -0.00221525     -0.00230146
    -0.000625531    -0.000745166
    -0.000212203    -0.000205791
    -0.000294455    -0.000349729
     -0.00022581     -0.00023808
    -0.000823151    -0.000912701
     -0.00497659     -0.00502187
    -0.000183466    -0.000198399
     -0.00208914     -0.00233921
     -7.7815e-05    -7.57006e-05
     -0.00389072     -0.00411737
    -0.000166763    -0.000162091
      -0.0011836     -0.00144987
      -0.0067667     -0.00651196
     -0.00123697     -0.00131868
     -0.00558442     -0.00578629
     -0.00172968      -0.0017243
     -6.3424e-05     -8.9764e-05
    -0.000147911    -0.000221296
    -0.000187064    -0.000166731
     -0.00123087     -0.00133356
    -0.000140085    -0.000135456
     -5.8943e-05    -5.85142e-05
     -5.5848e-05    -7.16727e-05
    -0.000115091    -0.000114217
    -0.000141291    -0.000142965
    -0.000327901    -0.000334469
    -0.000181782     -0.00020418
    -0.000143587    -0.000163199
     -0.00117637     -0.00133638
     -0.00733291     -0.00751756
     -0.00171498     -0.00170659
     -0.00525308      -0.0051644
     -0.00141889     -0.00161829
     -0.00230983      -0.0023167
     -0.00188158      -0.0019651
    -0.000310228    -0.000378014
     -0.00324062     -0.00329931
     -0.00159824     -0.00181514
    -0.000591083     -0.00062413
    -0.000427282    -0.000513832
    -0.000172968     -0.00020178
    -0.000112894    -0.000129475
    -0.000133079    -0.000167059
     -0.00143974     -0.00163116
     -0.00185256     -0.00203781
     -0.00240994     -0.00259228
     -0.00459178     -0.00467868
     -0.00115413     -0.00116488
     -0.00028389    -0.000353256
      -0.0005605    -0.000659332
    -0.000239056     -0.00024367
    -0.000284893    -0.000318699
     -0.00788473     -0.00758321
     -0.00488626     -0.00497985
    -0.000125013    -0.000140566
    -0.000302347    -0.000314521
     -4.5074e-05    -6.49132e-05
     -0.00178374     -0.00199194
    -0.000741737    -0.000897773
     -0.00758615      -0.0075978
    -0.000120791    -0.000152816
     -0.00089547    -0.000932199
     -3.3601e-05     -5.2658e-05
    -0.000147385    -0.000166351
    -0.000317938    -0.000377532
     -0.00101525     -0.00114774
     -0.00307028     -0.00348178
    -0.000832108     -0.00110402
     -0.00844431     -0.00864988
    -0.000977041     -0.00102573
     -0.00011309    -0.000126364
    -0.000661061    -0.000741235
     -9.9822e-05    -0.000121854
    -0.000342691    -0.000358763
    -0.000154746    -0.000154907
    -0.000200297    -0.000238566
    -0.000578336    -0.000585943
    -0.000342109    -0.000384145
    -0.000159275    -0.000146493
    -0.000377661    -0.000395982
    -0.000369116    -0.000375737
    -0.000941466     -0.00110771
    -0.000102018    -9.65282e-05
    -0.000222368    -0.000282435
     -0.00162654     -0.00167784
      -0.0037806     -0.00391031
    -0.000387799    -0.000453367
      -0.0072218     -0.00753942
    -0.000450085    -0.000517224
     -5.6817e-05    -7.49004e-05
    -0.000301562    -0.000337921
      -0.0133908      -0.0124846
     -0.00495559     -0.00501706
    -0.000157269    -0.000198654
     -0.00163566     -0.00185096
     -0.00107366     -0.00107516
     -0.00304305     -0.00325544
    -0.000593759    -0.000713086
      -5.348e-06    -1.89231e-05
     -0.00156236      -0.0015179
     -0.00558735     -0.00580714
      -0.0043381      -0.0043687
    -0.000651623    -0.000703678
     -0.00016534    -0.000161283
    -0.000604062     -0.00069153
     -0.00228405     -0.00239636
     -0.00268424     -0.00282366
    -0.000918491     -0.00102855
    -0.000661105    -0.000761236
    -0.000277806    -0.000291456
    -0.000493929    -0.000505601
    -0.000764994    -0.000972329
     -7.7891e-05    -9.14648e-05
     -0.00563021     -0.00615849
    -0.000338737    -0.000313608
     -0.00804302     -0.00856836
     -0.00176025     -0.00190408
     -0.00310984     -0.00328558
    -0.000733464     -0.00075939
    -0.000696253      -0.0009186
     -0.00733004      -0.0073942
     -0.00183737     -0.00206519
    -0.000112619    -0.000128034
     -0.00147791      -0.0019023
     -0.00296788     -0.00312127
    -0.000170189    -0.000213872
    -0.000484794    -0.000601416
     -0.00278752     -0.00300745
      -0.0101112     -0.00931893
     -0.00034695    -0.000330176
     -0.00141055     -0.00145785
    -0.000311997     -0.00033971
    -0.000132321    -0.000141941
     -0.00883531     -0.00860148
      -0.0027839     -0.00289804
     -5.4724e-05    -8.00075e-05
     -0.00236722      -0.0023998
    -0.000502104    -0.000553427
    -0.000409731    -0.000393071
    -0.000193755    -0.000232253
    -0.000886781    -0.000965975
    -0.000275828    -0.000306381
     -0.00255442     -0.00269055
     -0.00077105    -0.000855969
     -0.00304967     -0.00306923
    -0.000336493    -0.000411328
     -8.4326e-05    -7.62835e-05
    -0.000177278    -0.000227058
     -7.5559e-05    -8.52214e-05
      -0.0113278       -0.011139
     -4.4451e-05    -5.91284e-05
      -0.0051988      -0.0052851
     -0.00034914    -0.000379026
    -0.000402414     -0.00041408
     -0.00785664     -0.00823211
     -6.9843e-05    -7.43182e-05
     -0.00685178     -0.00690134
     -0.00818672     -0.00822886
     -0.00111391     -0.00118252
    -0.000137813     -0.00016869
     -0.00179552     -0.00195447
     -0.00144642     -0.00158221
     -0.00646134     -0.00623735
    -0.000221713     -0.00019774
    -0.000185064    -0.000189935
     -8.8812e-05    -7.92981e-05
     -9.8135e-05    -0.000134018
     -5.1281e-05    -7.22719e-05
     -0.00638036     -0.00632477
     -0.00561073     -0.00548923
    -0.000357638    -0.000405049
    -0.000178291    -0.000186427
    -0.000216687    -0.000248983
    -0.000334661    -0.000388534
     -0.00287047     -0.00283763
    -0.000344033    -0.000331465
    -0.000557222    -0.000631358
     -0.00558188     -0.00611744
    -0.000107169    -0.000151822
    -0.000200237     -0.00029745
    -0.000167842    -0.000217022
      -0.0140557      -0.0131281
     -0.00390587     -0.00382189
     -0.00670922     -0.00664696
     -0.00120313      -0.0012373
    -0.000420044    -0.000421338
     -0.00179538     -0.00191429
      -0.0037679     -0.00374309
      -2.821e-05     -4.2329e-05
    -0.000104657    -0.000139719
     -0.00701714     -0.00695451
      -0.0151969      -0.0156432
     -0.00022724    -0.000282496
     -0.00451433     -0.00502229
     -0.00100053     -0.00116985
      -0.0011821     -0.00126288
     -0.00045113    -0.000459483
     -0.00012723     -0.00015175
     -0.00130079     -0.00141133
     -0.00681188     -0.00691271
     -0.00011065     -0.00010993
     -0.00024926     -0.00025274
     -9.0019e-05    -0.000101911
     -2.4756e-05     -3.1635e-05
     -0.00119785     -0.00127731
     -1.2115e-05    -2.25957e-05
     -7.7288e-05    -9.19596e-05
     -0.00082564    -0.000870379
     -7.0423e-05     -7.6355e-05
     -0.00337955     -0.00356788
     -7.9667e-05    -9.65459e-05
    -0.000127696    -0.000133041
    -0.000324089    -0.000364674
     -0.00313527     -0.00347036
    -0.000165882    -0.000194573
    -0.000349262     -0.00038511
    -0.000671382    -0.000635844
     -0.00537811     -0.00547826
     -1.7988e-05    -2.96539e-05
    -0.000257519    -0.000302105
     -0.00230827     -0.00239108
    -0.000124818     -0.00012856
     -0.00279384     -0.00271079
    -0.000434078    -0.000476841
     -2.4296e-05    -3.72344e-05
     -8.1822e-05    -0.000107094
     -5.4854e-05     -7.4593e-05
     -7.7903e-05     -8.0247e-05
     -8.5138e-05    -0.000114028
     -7.8728e-05    -0.000104831
     -0.00234091     -0.00272584
     -0.00010856    -0.000137368
       -0.008062     -0.00842342
     -0.00096936     -0.00106601
    -0.000129251    -0.000139221
    -0.000118385    -0.000138336
     -0.00124396      -0.0015698
    -0.000142088    -0.000127937
    -0.000112973    -0.000130344
      -0.0055952     -0.00603116
     -0.00135362     -0.00135387
    -0.000663339    -0.000773342
    -0.000490699    -0.000585391
    -0.000474704    -0.000559666
     -0.00153533     -0.00169609
     -0.00016688    -0.000150343
    -0.000243547    -0.000301663
     -9.3645e-05    -0.000119564
     -0.00332699     -0.00358423
    -0.000664364    -0.000761826
    -0.000256686    -0.000292062
     -0.00147368     -0.00163635
     -0.00274659     -0.00277052
    -0.000216493     -0.00027198
     -2.2142e-05    -2.52485e-05
     -0.00190124     -0.00194365
     -0.00827197     -0.00821092
      -0.0035301     -0.00366278
     -0.00526521     -0.00529374
     -0.00108426     -0.00104916
      -0.0046178     -0.00477489
     -0.00460178     -0.00497794
     -0.00440593     -0.00461382
    -0.000294406    -0.000345513
     -0.00175553     -0.00189394
     -0.00399234      -0.0044706
     -0.00432068     -0.00480778
     -2.7274e-05    -3.78995e-05
     -0.00803477     -0.00788727
     -6.8223e-05     -7.0995e-05
     -0.00013928    -0.000119845
    -0.000316257     -0.00032597
      -0.0114139       -0.011494
    -0.000113485     -0.00015874
    -0.000147555    -0.000170174
    -0.000285382    -0.000329637
     -0.00592294     -0.00627595
      -0.0011251     -0.00113169
    -0.000262802    -0.000253426
    -0.000231612    -0.000258411
    -0.000142405    -0.000153264
    -0.000134693     -0.00011957
     -0.00511475     -0.00543141
    -0.000244104    -0.000303102
    -0.000194726    -0.000185241
    -0.000179081    -0.000175287
     -8.7692e-05    -0.000103424
     -0.00028695    -0.000301411
    -0.000229154    -0.000274402
      -0.0039733     -0.00433388
     -6.5036e-05    -6.96923e-05
     -0.00231949     -0.00250128
     -0.00280442     -0.00298893
    -0.000586225    -0.000719991
    -0.000236035    -0.000271105
    -0.000144872    -0.000144535
     -0.00450333     -0.00448139
     -0.00157287     -0.00148069
    -0.000274873    -0.000316599
      -0.0101121      -0.0097786
     -2.6189e-05    -3.18414e-05
     -0.00166995      -0.0018243
     -0.00113877     -0.00128297
     -0.00144044     -0.00142227
     -0.00203511     -0.00193165
     -8.2473e-05    -9.59122e-05
     -0.00237338     -0.00246373
     -0.00246927     -0.00252506
     -6.8482e-05    -8.83507e-05
    -0.000100253    -0.000122706
      -0.0022842     -0.00237778
     -4.8943e-05     -6.9753e-05
    -0.000244063    -0.000308508
     -9.4216e-05    -9.23638e-05
    -0.000342622    -0.000329867
     -0.00011469    -0.000163388
     -9.9007e-05    -0.000115989
    -0.000277129    -0.000313787
      -0.0052097     -0.00514586
    -0.000728242    -0.000822631
     -0.00072767      -0.0008203
     -0.00211157     -0.00224253
    -0.000262752    -0.000306987
     -0.00975904     -0.00931952
     -7.8851e-05    -9.35549e-05
     -4.9376e-05    -6.43429e-05
     -9.9915e-05    -0.000102589
     -6.6791e-05    -6.34803e-05
    -0.000111984    -0.000164929
     -0.00106372     -0.00107534
    -0.000419903    -0.000473764
     -0.00010943    -0.000111113
    -0.000980364     -0.00109742
     -1.7518e-05    -5.04688e-05
    -0.000409125    -0.000416425
     -6.3451e-05       -6.26e-05
    -0.000390221    -0.000442759
     -0.00214768     -0.00244722
    -0.000408508    -0.000450589
     -6.4088e-05    -8.19611e-05
     -0.00332988     -0.00342832
     -0.00274608     -0.00275074
    -0.000896827      -0.0009702
     -0.00314801     -0.00337484
     -0.00289805     -0.00281757
     -0.00267607     -0.00292436
     -9.4354e-05    -9.67201e-05
     -9.3568e-05    -9.65234e-05
      -0.0101891      -0.0105076
     -0.00246455     -0.00256094
     -0.00148306     -0.00149892
    -0.000162308     -0.00015673
    -0.000194143    -0.000200101
    -0.000841957    -0.000913992
    -0.000549605    -0.000537197
    -0.000341891    -0.000336309
     -0.00734061     -0.00758444
    -0.000130452    -0.000146621
     -5.9966e-05    -7.97703e-05
    -0.000475894    -0.000551233
    -0.000222021    -0.000220562
     -0.00013516    -0.000148828
      -0.0013465     -0.00150165
     -7.5535e-05    -0.000102723
      -0.0032735     -0.00325309
    -0.000577944     -0.00059558
    -0.000195547    -0.000245377
      -0.0034926     -0.00377785
    -0.000307927    -0.000378299
     -0.00446107     -0.00494013
    -0.000175016    -0.000210445
    -0.000342007     -0.00032463
      -3.105e-05    -5.11806e-05
     -0.00020264    -0.000234411
     -0.00644175     -0.00658688
      -6.728e-05    -8.69538e-05
     -0.00176199     -0.00192595
     -0.00524891     -0.00533534
    -0.000373638    -0.000385889
    -0.000366567    -0.000378952
     -0.00529292     -0.00500192
     -0.00268489     -0.00255905
     -0.00161095     -0.00167886
     -3.3669e-05    -3.58216e-05
    -0.000973766     -0.00105623
    -0.000369343    -0.000446981
    -0.000396269    -0.000461602
     -0.00020655    -0.000229713
     -0.00220473     -0.00245534
    -0.000781573    -0.000834942
    -0.000323481     -0.00033588
     -0.00129226     -0.00148316
     -0.00210897     -0.00225057
     -6.3228e-05    -7.81238e-05
     -0.00573057     -0.00553997
    -0.000699431    -0.000796522
     -0.00115347     -0.00121224
     -9.1168e-05    -0.000108686
    -0.000296604    -0.000327202
     -8.4852e-05    -0.000104633
     -0.00979426     -0.00946599
     -6.8724e-05    -9.37489e-05
    -0.000730744    -0.000716497
     -0.00686078     -0.00654806
      -0.0107221      -0.0111132
     -0.00148188     -0.00196302
     -0.00108788     -0.00119918
     -0.00171212     -0.00176286
     -0.00217461     -0.00227103
    -0.000129682    -0.000150139
     -0.00178361     -0.00173926
    -0.000277826    -0.000318151
      -0.0034073     -0.00357954
      -0.0104423      -0.0102562
    -0.000654353    -0.000717305
    -0.000185951    -0.000225529
    -0.000224468    -0.000232891
    -0.000445831    -0.000492313
     -0.00125333     -0.00130081
     -0.00271762     -0.00269334
     -0.00505782     -0.00507858
      -4.283e-06     -3.5383e-05
    -0.000122881    -0.000142441
    -0.000123661    -0.000115007
    -0.000389142    -0.000441626
    -0.000445486     -0.00050468
    -0.000548189    -0.000575457
     -0.00206383     -0.00205835
    -0.000134755    -0.000166061
     -4.8634e-05     -5.7149e-05
     -0.00221965     -0.00233802
     -0.00108642     -0.00115011
      -0.0010471      -0.0012032
     -0.00138722     -0.00152308
    -0.000512725    -0.000527391
    -0.000273155    -0.000335962
    -0.000398779    -0.000489813
     -9.3076e-05    -0.000121616
    -0.000849944    -0.000977023
    -0.000602158     -0.00068065
     -0.00239157     -0.00230745
     -0.00820757     -0.00795825
    -0.000353366    -0.000347932
     -0.00584357     -0.00610003
     -0.00413871      -0.0044454
     -9.1932e-05    -0.000116557
     -0.00215629     -0.00225768
     -0.00441738     -0.00478922
      -0.0040254     -0.00424895
     -1.6124e-05    -2.52055e-05
    -0.000736573    -0.000724496
     -0.00204663     -0.00223612
     -6.9889e-05    -7.80263e-05
    -0.000183296    -0.000231626
     -0.00677691     -0.00672621
      -0.0041997     -0.00464296
     -0.00035073    -0.000415978
     -4.6334e-05    -6.12981e-05
       -0.004788     -0.00500416
     -9.1749e-05    -8.07176e-05
     -7.3195e-05    -9.29898e-05
     -0.00734559     -0.00778095
    -0.000856979    -0.000919454
     -0.00115223     -0.00133423
     -0.00494248     -0.00503373
     -0.00622119     -0.00589638
     -0.00931012     -0.00899261
    -0.000998826     -0.00114896
    -0.000812531    -0.000857151
     -7.0782e-05    -9.67488e-05
     -0.00094399     -0.00116675
     -0.00130695     -0.00138771
    -0.000338895    -0.000350786
    -0.000192223    -0.000227473
     -0.00290455     -0.00308772
    -0.000304038    -0.000334006
      -0.0004753     -0.00062825
     -0.00336258     -0.00337168
    -0.000934898     -0.00110093
     -5.1969e-05    -6.83773e-05
     -0.00139262     -0.00162323
    -0.000211677    -0.000251237
     -0.00112355     -0.00117511
    -0.000173332    -0.000220002
    -0.000396048    -0.000465403
    -0.000834325    -0.000855754
    -0.000280932    -0.000307091
      -3.891e-05    -5.70931e-05
     -5.3665e-05    -7.55368e-05
      -0.0131081      -0.0126937
    -0.000191563    -0.000175464
     -0.00155877     -0.00169883
    -0.000134231    -0.000167114
      -0.0013274     -0.00135488
     -0.00282081     -0.00312188
     -0.00082251    -0.000906919
    -0.000245361     -0.00029087
    -0.000121385    -0.000108729
     -7.7105e-05    -0.000101395
     -0.00443365     -0.00444177
     -0.00476935     -0.00514384
     -0.00984404     -0.00941296
    -0.000127185     -0.00012682
    -0.000292074    -0.000340025
     -0.00893824     -0.00904653
    -0.000182957    -0.000235701
    -0.000810964    -0.000816785
     -0.00424545     -0.00405524
     -8.5797e-05    -0.000113711
     -0.00586273     -0.00572193
    -0.000462842    -0.000467976
    -0.000104765    -0.000159401
    -0.000801418    -0.000912316
    -0.000152072    -0.000189468
     -6.6138e-05    -8.00074e-05
     -0.00435901     -0.00490451
     -0.00690658     -0.00702318
    -0.000520926    -0.000545378
     -0.00589401     -0.00616047
    -0.000476449    -0.000452391
     -0.00351913     -0.00349806
     -0.00482134     -0.00512345
    -0.000188977    -0.000209922
    -0.000209646     -0.00025633
     -0.00717042     -0.00769075
    -0.000147259    -0.000154856
    -0.000839261    -0.000807609
     -2.4913e-05    -3.77999e-05
     -0.00508797     -0.00533113
    -0.000158013    -0.000169585
     -0.00628075     -0.00613528
    -0.000389967    -0.000399076
     -0.00100943     -0.00101605
    -0.000216153    -0.000201924
     -9.6034e-05    -0.000101104
     -9.5663e-05    -9.60065e-05
     -0.00309092     -0.00314852
     -0.00450985     -0.00479349
    -0.000579374    -0.000563399
     -0.00210515     -0.00218694
     -7.6935e-05    -8.51316e-05
    -0.000638079    -0.000735517
    -0.000798422    -0.000868162
     -0.00416259     -0.00405788
      -9.843e-05    -0.000129535
    -0.000332334    -0.000377552
     -0.00217937     -0.00231312
     -0.00285627     -0.00306631
    -0.000290961    -0.000286688
     -0.00197652       -0.002065
     -7.2667e-05    -9.46546e-05
     -0.00117651     -0.00119918
    -0.000527334    -0.000622361
     -0.00159526      -0.0017472
    -0.000957504    -0.000997704
    -0.000140978    -0.000153242
    -0.000192342     -0.00020797
    -0.000623652     -0.00071223
     -0.00123793     -0.00129887
    -0.000116451    -0.000122707
    -0.000595676    -0.000648057
    -0.000227633    -0.000256394
     -0.00574235     -0.00569303
    -0.000445156    -0.000498471
    -0.000147253    -0.000185163
     -2.9784e-05    -2.59224e-05
    -0.000860424    -0.000949716
      -0.0002976    -0.000302572
    -0.000561045    -0.000591106
    -0.000274385     -0.00032236
     -0.00186343     -0.00200173
    -0.000407735    -0.000457696
      -0.0100108     -0.00927105
     -2.4261e-05    -4.36622e-05
     -6.2669e-05    -7.07388e-05
     -0.00127372     -0.00131968
    -0.000278155    -0.000440495
    -0.000924773    -0.000918723
      -0.0109091      -0.0107294
    -0.000441229    -0.000424629
     -0.00325249     -0.00338903
     -0.00327752     -0.00317284
     -0.00030345    -0.000406484
    -0.000170721    -0.000209348
     -0.00141483     -0.00170564
    -0.000107841    -0.000120846
     -6.9688e-05    -8.37743e-05
     -0.00148676     -0.00164745
     -8.7649e-05    -0.000117359
    -0.000417843    -0.000480001
     -0.00105581     -0.00150724
       -0.013413      -0.0127374
    -0.000200581    -0.000276288
    -0.000549159     -0.00057246
    -0.000262866    -0.000261045
     -0.00711832     -0.00718009
     -0.00253655     -0.00281283
     -0.00091187     -0.00107345
    -0.000127516    -0.000118212
     -2.1645e-05    -4.32801e-05
     -0.00239442     -0.00263094
    -0.000171145    -0.000188586
    -0.000343179    -0.000362267
     -0.00198588     -0.00190938
     -0.00134046     -0.00154315
    -0.000179838    -0.000187877
     -0.00555157     -0.00568143
    -0.000862207     -0.00102142
    -0.000805379    -0.000829686
    -0.000159711     -0.00015641
     -4.8703e-05     -8.2513e-05
     -4.7062e-05    -5.60792e-05
     -0.00191886     -0.00204178
    -0.000193179    -0.000188331
     -0.00549543     -0.00589877
    -0.000298093    -0.000295015
     -0.00023131    -0.000275503
     -6.9109e-05    -8.27031e-05
     -0.00170237     -0.00167919
    -0.000820082    -0.000873741
    -0.000578753    -0.000687862
     -0.00370579     -0.00418301
     -0.00192403     -0.00205351
    -0.000202367    -0.000194748
    -0.000348049    -0.000409751
     -0.00160768     -0.00173503
    -0.000157371    -0.000187035
     -0.00140078     -0.00144753
     -0.00523585     -0.00536588
     -0.00939465     -0.00934768
    -0.000285903    -0.000324113
     -0.00923203     -0.00906872
    -0.000404976    -0.000435311
    -0.000303487    -0.000364604
    -0.000304999    -0.000319457
    -0.000576556    -0.000636759
     -0.00206338     -0.00209024
    -0.000147821     -0.00016261
    -0.000841768      -0.0008051
     -0.00221995     -0.00241508
       -0.012491      -0.0129995
     -0.00100245     -0.00112824
     -9.4004e-05     -8.8489e-05
    -0.000106199    -0.000116531
      -0.0121483      -0.0118077
    -0.000231681     -0.00029265
     -0.00281192      -0.0028312
     -0.00514805     -0.00497678
     -0.00152041     -0.00163575
    -0.000133512    -0.000135742
    -0.000328103    -0.000333591
    -0.000333839    -0.000355396
     -0.00703035     -0.00694471
    -0.000111191    -0.000138047
     -3.7902e-05    -3.54397e-05
    -0.000262929    -0.000283281
    -0.000299495    -0.000315734
     -0.00129338     -0.00153023
     -0.00169945     -0.00175561
    -0.000244422    -0.000243956
     -0.00142494     -0.00160623
    -0.000141144    -0.000175778
     -8.2514e-05     -9.6465e-05
     -0.00116934     -0.00120165
     -0.00130187     -0.00143178
      -0.0043955     -0.00459192
     -0.00296273     -0.00303423
    -0.000743224    -0.000774231
    -0.000211914    -0.000229381
     -0.00595578     -0.00623091
    -0.000137053     -0.00017299
     -0.00862323     -0.00858942
    -0.000572382    -0.000698431
    -0.000520009    -0.000572723
     -0.00388251     -0.00410207
     -0.00124535     -0.00133284
     -0.00011645    -0.000130482
     -0.00613945     -0.00593947
     -3.8954e-05    -5.78911e-05
     -0.00188266     -0.00195835
    -0.000111701    -0.000157202
    -0.000115751    -0.000134136
     -0.00478932     -0.00511127
    -0.000473265    -0.000481532
    -0.000315127    -0.000338134
     -0.00015153    -0.000158868
     -7.9576e-05    -8.17013e-05
    -0.000228595    -0.000251075
     -3.7481e-05    -5.92309e-05
    -0.000111313    -0.000104648
     -0.00066251    -0.000630882
    -0.000667441    -0.000662578
     -0.00448267      -0.0044462
    -0.000120609    -0.000114285
     -0.00326338      -0.0032514
    -0.000315053    -0.000375079
     -0.00278983      -0.0028166
     -0.00539633     -0.00525452
    -0.000487813    -0.000555598
    -0.000920991    -0.000924259
     -0.00558859     -0.00577497
     -5.0734e-05    -6.91988e-05
    -0.000290932     -0.00030198
    -0.000164908    -0.000159922
     -0.00432024     -0.00432331
    -0.000895194    -0.000975102
    -0.000541674    -0.000590808
     -0.00350301     -0.00384289
     -0.00236066     -0.00239903
     -0.00893588     -0.00855608
    -0.000375113    -0.000407325
     -0.00678856     -0.00695789
    -0.000679785    -0.000689054
     -0.00367864     -0.00383047
     -8.7343e-05    -9.67267e-05
      -7.983e-05    -8.33451e-05
      -5.314e-05    -7.06504e-05
    -0.000498964    -0.000483295
    -0.000109104    -0.000126233
     -0.00777459     -0.00748802
     -0.00655039     -0.00691167
    -0.000832759     -0.00083635
     -0.00115736     -0.00136909
      -0.0027453     -0.00274137
      -0.0061725     -0.00665879
    -0.000237831    -0.000280992
    -0.000348908    -0.000395528
     -5.1445e-05    -7.24149e-05
    -0.000219424    -0.000240382
    -0.000949985     -0.00108219
    -0.000100861    -9.22646e-05
      -0.0044776      -0.0042501
     -5.0123e-05    -6.51492e-05
     -0.00120115      -0.0013425
    -0.000117118    -0.000148032
    -0.000344524    -0.000406295
     -0.00453544     -0.00446737
     -5.3962e-05    -6.87611e-05
     -0.00138527     -0.00149363
     -0.00144733     -0.00143712
     -0.00442951     -0.00457572
       -0.010246     -0.00961177
    -0.000113505    -0.000126545
     -0.00121853     -0.00126682
     -0.00916198     -0.00887392
     -4.4788e-05    -6.63573e-05
     -8.6858e-05    -0.000100612
    -0.000199736    -0.000209242
    -0.000441654    -0.000471992
    -0.000241526    -0.000300582
    -0.000626133    -0.000710947
     -7.2762e-05    -7.27921e-05
     -0.00717362     -0.00705881
    -0.000199549    -0.000236701
     -0.00310408     -0.00336117
     -0.00204645     -0.00210215
     -0.00529337      -0.0053727
      -0.0203705      -0.0192528
     -0.00119369     -0.00122452
     -0.00119634     -0.00133709
    -0.000157785    -0.000155492
    -0.000105752    -0.000138668
     -0.00548271     -0.00546725
    -0.000925873    -0.000984146
     -0.00431722      -0.0044464
    -0.000172023    -0.000195573
    -0.000140927    -0.000146131
    -0.000397887    -0.000458595
    -0.000842691    -0.000861394
    -0.000488423    -0.000536026
      -0.0121514      -0.0119741
     -0.00691392     -0.00700652
    -0.000166277    -0.000213231
    -0.000378725    -0.000380319
     -0.00111838     -0.00121885
     -0.00348206     -0.00367508
      -0.0039679     -0.00390926
    -0.000234195    -0.000288596
    -0.000140401    -0.000146093
     -0.00023374     -0.00023554
    -0.000439296    -0.000518155
    -0.000233649    -0.000256045
      -6.117e-05    -5.76086e-05
      -0.0112138      -0.0111638
     -0.00593488      -0.0056141
     -0.00282062     -0.00279601
     -0.00025752    -0.000294353
      -0.0158086      -0.0153351
     -9.7736e-05    -9.92141e-05
    -0.000825627    -0.000879962
    -0.000192746      -0.0001768
     -0.00229905     -0.00228674
      -0.0131988      -0.0129865
    -0.000916339    -0.000894703
     -9.9628e-05    -0.000124124
     -0.00136738     -0.00137559
    -0.000201651    -0.000234947
    -0.000319834      -0.0003792
     -8.7172e-05    -9.53742e-05
     -0.00100343     -0.00106313
    -0.000292969    -0.000284966
     -0.00413161     -0.00443903
    -0.000724488    -0.000841128
     -0.00915856     -0.00950432
    -0.000267134    -0.000316374
     -6.0367e-05     -6.5113e-05
    -0.000755486    -0.000757967
     -0.00127334     -0.00134828
    -0.000148563    -0.000150924
     -3.8371e-05    -5.54203e-05
    -0.000357393    -0.000330675
    -0.000638432    -0.000624659
    -0.000164385    -0.000218383
    -0.000911554     -0.00105825
      -0.0049815     -0.00510121
     -0.00115894     -0.00139125
    -0.000133147    -0.000164345
     -0.00169914      -0.0018555
     -0.00328124     -0.00332863
     -6.8742e-05    -7.05069e-05
    -0.000640743    -0.000721109
    -0.000208316    -0.000219048
     -0.00504888     -0.00528161
    -0.000354192    -0.000369911
    -0.000994243     -0.00110662
     -0.00294014     -0.00290867
     -0.00296943     -0.00323782
     -0.00216624     -0.00223114
     -6.8787e-05    -0.000118069
     -0.00324531     -0.00341642
    -0.000136402    -0.000144351
    -0.000255782    -0.000316025
    -0.000279074    -0.000288768
      -0.0066391     -0.00692741
    -0.000167987     -0.00021581
     -0.00094281     -0.00107912
      -0.0057354     -0.00570019
     -0.00139203     -0.00155357
    -0.000148003    -0.000156755
     -0.00651198     -0.00640946
    -0.000124475    -0.000129492
     -0.00334244      -0.0035677
     -0.00131978     -0.00148316
     -0.00981061     -0.00948824
     -0.00301299     -0.00314942
      -0.0027291     -0.00276271
    -0.000176717    -0.000201212
     -9.9427e-05    -0.000118557
     -0.00111701     -0.00127624
      -0.0128481      -0.0125528
     -3.9275e-05    -5.62512e-05
     -0.00831675     -0.00808613
     -0.00150893     -0.00177177
     -8.1361e-05    -7.87919e-05
     -0.00152277      -0.0015436
      -0.0015384     -0.00161932
     -0.00060309    -0.000678154
     -0.00454382     -0.00463932
    -0.000645119    -0.000735212
     -0.00031722    -0.000404904
    -0.000582471    -0.000593134
     -0.00721856     -0.00748989
    -0.000509529    -0.000498567
    -0.000603289     -0.00057456
    -0.000461346    -0.000543162
    -0.000390276    -0.000386485
     -0.00505024     -0.00505421
      -0.0107768      -0.0107413
     -0.00118553     -0.00126366
     -0.00214624      -0.0028476
     -0.00109407     -0.00127996
    -0.000316576    -0.000326921
     -0.00346381     -0.00348535
    -0.000551051    -0.000627003
    -0.000226539    -0.000253101
     -0.00265952     -0.00283497
     -0.00030873    -0.000345083
      -0.0111299       -0.010772
     -4.6056e-05    -6.13906e-05
    -0.000245123    -0.000245974
    -0.000600191    -0.000611276
    -0.000146247     -0.00016625
     -0.00169222     -0.00164716
     -0.00575322     -0.00581128
    -0.000280941    -0.000270868
     -0.00025079    -0.000271647
      -0.0015922     -0.00171573
    -0.000316533    -0.000360989
     -9.8953e-05    -9.83672e-05
     -0.00291021     -0.00277774
     -0.00295825     -0.00312994
    -0.000401936    -0.000429993
    -0.000208485    -0.000226289
    -0.000534709    -0.000523109
     -0.00818807     -0.00792881
     -9.0718e-05    -0.000124579
    -0.000453571    -0.000543639
     -8.7712e-05    -0.000119839
     -0.00606562     -0.00635567
    -0.000198805    -0.000224559
    -0.000207989     -0.00024717
    -0.000135844    -0.000151068
    -0.000117044    -0.000111044
    -0.000113384    -0.000114982
     -0.00208021     -0.00214238
     -0.00734231     -0.00721603
     -0.00113639     -0.00120437
     -0.00939934     -0.00949765
     -6.8278e-05    -0.000123142
    -0.000565124    -0.000676515
     -0.00691502     -0.00664827
    -0.000741086    -0.000722825
    -0.000232823     -0.00023592
    -0.000494703    -0.000547764
     -0.00049207    -0.000473382
     -0.00670305     -0.00664211
     -0.00257674     -0.00250202
    -0.000197202    -0.000234425
    -0.000126578    -0.000127015
    -0.000211045    -0.000211751
    -0.000181566    -0.000228569
     -6.9286e-05    -7.09869e-05
     -0.00070615    -0.000753789
    -0.000339363     -0.00040685
     -0.00949649     -0.00954732
    -0.000200745    -0.000221034
     -0.00128425      -0.0014044
     -8.9134e-05    -8.51164e-05
     -0.00439848     -0.00428935
    -0.000150135    -0.000141806
    -0.000145786    -0.000137628
    -0.000225442     -0.00021383
    -0.000450083    -0.000520663
    -0.000791979    -0.000748804
    -0.000348784    -0.000358058
     -0.00498751     -0.00525645
    -0.000272478    -0.000295544
     -0.00524992     -0.00546347
     -0.00581757     -0.00570908
     -0.00138853     -0.00143698
     -0.00461786     -0.00471539
     -0.00933615     -0.00882666
     -9.3402e-05    -9.36693e-05
    -0.000150107    -0.000207385
     -0.00633552     -0.00657502
     -0.00644132     -0.00661494
     -0.00540337     -0.00591284
     -0.00176815     -0.00182286
     -0.00269827      -0.0027285
     -0.00415927     -0.00416735
     -8.4892e-05    -0.000101188
    -0.000868475    -0.000917769
    -0.000203698    -0.000250724
    -0.000289562    -0.000316388
     -0.00367583      -0.0037647
     -8.8405e-05    -0.000110876
     -7.6028e-05    -9.64268e-05
    -0.000225717     -0.00025889
     -0.00342229     -0.00332245
     -9.5649e-05    -0.000103082
      -0.0086911     -0.00854243
    -0.000458191    -0.000600776
     -0.00938392     -0.00938006
     -0.00125395     -0.00134517
     -0.00072192    -0.000767441
     -0.00250202     -0.00281709
     -0.00275516     -0.00311573
     -3.8434e-05    -5.75906e-05
     -0.00405404     -0.00433136
      -0.0015093      -0.0016567
    -0.000298731    -0.000351272
     -0.00404805     -0.00426604
    -0.000917977    -0.000972352
